-26.28	14.08
-26.20	13.76
-26.20	13.76
-26.35	13.70
-26.35	13.70
-26.38	13.45
-26.38	13.45
-26.38	13.10
-26.42	13.02
-26.42	13.02
-26.31	12.95
-26.31	12.95
-26.32	12.83
-26.34	12.64
-26.34	12.64
-26.23	12.30
-26.23	12.30
-26.01	12.01
-25.80	11.80
-25.80	11.80
-25.66	11.49
-25.66	11.49
-25.54	11.21
-25.54	11.21
-25.35	10.92
-25.15	10.48
-25.15	10.48
-24.97	10.18
-24.97	10.18
-24.72	9.77
-24.50	9.40
-24.50	9.40
-24.31	8.97
-24.31	8.97
-24.03	8.64
-24.03	8.64
-23.82	8.09
-23.74	7.62
-23.74	7.62
-23.34	7.02
-23.34	7.02
-23.09	6.61
-22.79	6.23
-22.79	6.23
-22.41	5.98
-22.41	5.98
-21.70	5.86
-21.70	5.86
-20.62	6.01
-18.33	6.57
-18.33	6.57
-15.38	7.44
-15.38	7.44
-12.29	8.40
-9.70	9.27
-9.70	9.27
-7.54	9.94
-7.54	9.94
-5.81	10.71
-4.58	10.93
-4.58	10.93
-3.80	11.13
-3.80	11.13
-3.48	10.95
-3.48	10.95
-3.01	10.82
-2.24	10.67
-2.24	10.67
-1.23	10.64
-1.23	10.64
-0.40	10.70
-0.40	10.70
0.42	10.62
1.29	10.56
1.29	10.56
2.23	10.74
2.23	10.74
3.04	10.74
3.75	10.95
3.75	10.95
4.60	11.04
4.60	11.04
5.46	11.05
6.14	11.24
6.14	11.24
6.77	11.43
6.77	11.43
7.36	11.36
7.36	11.36
7.96	11.35
8.77	11.06
8.77	11.06
9.29	10.75
9.29	10.75
9.79	10.51
10.35	10.40
10.35	10.40
11.02	10.31
11.02	10.31
11.62	10.24
11.62	10.24
12.37	10.10
13.00	10.08
13.00	10.08
13.95	9.98
13.95	9.98
14.86	9.66
15.91	9.43
15.91	9.43
16.86	9.37
16.86	9.37
17.34	9.64
17.58	9.99
17.58	9.99
17.97	10.14
17.97	10.14
18.46	9.31
18.46	9.31
19.35	9.50
20.15	9.29
20.15	9.29
21.32	9.30
21.32	9.30
22.28	9.25
22.72	9.02
22.72	9.02
22.91	9.20
22.91	9.20
23.17	9.41
23.17	9.41
23.93	10.02
25.23	9.68
25.23	9.68
26.78	9.60
26.78	9.60
27.94	9.55
29.31	9.56
29.31	9.56
30.89	9.68
30.89	9.68
31.97	9.68
32.91	10.14
32.89	10.05
33.91	10.17
33.91	10.17
35.12	10.57
35.12	10.57
36.22	11.37
37.67	12.13
37.67	12.13
39.77	12.33
39.77	12.33
41.96	12.09
43.91	12.49
43.91	12.49
46.25	12.95
46.25	12.95
48.47	13.23
48.47	13.23
50.59	13.57
52.56	14.03
52.56	14.03
54.59	14.21
54.59	14.21
57.07	15.25
59.34	15.90
59.34	15.90
61.09	16.81
61.09	16.81
62.55	18.37
62.55	18.37
64.29	19.27
66.37	18.59
66.37	18.59
68.07	19.08
68.07	19.08
69.41	19.95
70.70	20.62
70.70	20.62
72.25	21.91
72.25	21.91
74.12	22.52
74.12	22.52
76.40	23.63
78.89	25.15
78.89	25.15
81.95	27.08
81.95	27.08
84.66	28.29
86.73	29.49
86.73	29.49
88.68	30.42
88.68	30.42
90.58	31.47
93.24	31.79
93.24	31.79
95.44	31.39
95.44	31.39
97.38	31.99
97.38	31.99
99.70	32.24
101.61	32.31
101.61	32.31
104.06	32.55
104.06	32.55
107.33	32.53
110.29	32.47
110.29	32.47
113.16	32.13
113.16	32.13
116.16	32.52
116.16	32.52
119.13	32.71
120.18	31.79
120.18	31.79
121.16	31.29
121.16	31.29
123.83	30.58
127.11	30.02
127.11	30.02
131.79	30.57
131.79	30.57
137.49	30.30
137.49	30.30
141.58	30.35
143.60	30.69
144.16	31.23
144.16	31.23
144.16	31.23
144.97	31.98
145.47	31.87
145.47	31.87
145.81	31.76
145.81	31.76
147.31	31.70
147.31	31.70
148.52	31.52
148.71	30.23
148.71	30.23
149.51	26.57
149.51	26.57
152.20	19.30
155.64	14.59
155.64	14.59
157.20	12.09
157.65	9.43
157.65	9.43
157.60	8.37
157.60	8.37
157.60	8.37
157.40	7.60
157.05	7.48
157.05	7.48
156.83	7.50
156.87	6.65
156.87	6.65
157.18	6.44
158.44	6.16
158.44	6.16
159.04	6.08
159.04	6.08
159.04	6.08
158.70	5.82
158.93	5.34
160.33	3.25
160.33	3.25
159.98	4.35
159.98	4.35
159.98	4.35
159.03	5.08
159.12	5.27
159.12	5.27
159.40	5.13
157.57	5.60
157.57	5.60
150.65	7.92
137.26	10.52
137.26	10.52
121.12	12.68
103.70	13.69
103.70	13.69
89.89	12.15
89.89	12.15
78.24	10.49
78.24	10.49
78.24	10.49
71.43	8.79
68.75	6.37
68.75	6.37
64.89	5.25
55.45	6.83
55.45	6.83
42.35	7.97
30.90	6.07
30.90	6.07
21.89	3.75
21.89	3.75
13.50	1.56
13.50	1.56
6.46	0.48
2.09	-0.00
2.09	-0.00
-2.34	-0.89
-9.50	0.67
-9.50	0.67
-9.50	0.67
-16.44	0.86
-16.44	0.86
-21.20	-0.53
-25.14	-0.94
-25.14	-0.94
-28.72	-1.98
-32.04	-1.60
-32.04	-1.60
-35.96	-1.72
-39.73	-1.82
-39.73	-1.82
-39.73	-1.82
-43.37	-1.64
-43.37	-1.64
-46.79	-1.50
-49.64	-1.46
-49.64	-1.46
-52.45	-1.39
-55.90	-0.89
-55.90	-0.89
-58.71	-0.58
-60.89	-0.05
-60.89	-0.05
-60.89	-0.05
-62.81	0.90
-62.81	0.90
-65.12	1.36
-68.11	1.59
-68.11	1.59
-71.86	2.56
-76.82	7.55
-76.82	7.55
-82.16	15.49
-85.35	18.67
-85.35	18.67
-85.35	18.67
-86.54	19.93
-86.54	19.93
-87.43	20.65
-88.05	20.80
-88.05	20.80
-89.06	22.11
-90.32	22.05
-90.32	22.05
-91.71	20.70
-93.91	18.37
-93.91	18.37
-97.01	14.92
-97.01	14.92
-97.01	14.92
-101.17	10.16
-105.46	5.30
-105.46	5.30
-110.08	1.02
-114.57	-1.22
-114.57	-1.22
-119.28	-2.96
-123.67	-4.11
-123.67	-4.11
-126.84	-4.91
-126.84	-4.91
-126.84	-4.91
-130.02	-5.91
-132.27	-6.61
-132.27	-6.61
-134.05	-7.86
-135.61	-9.82
-135.61	-9.82
-136.38	-13.61
-137.86	-15.46
-137.86	-15.46
-138.63	-15.69
-138.63	-15.69
-138.63	-15.69
-139.03	-15.80
-140.77	-15.95
-140.77	-15.95
-142.67	-16.43
-144.77	-16.79
-144.77	-16.79
-147.08	-16.61
-149.36	-16.06
-149.36	-16.06
-151.74	-15.61
-151.74	-15.61
-151.74	-15.61
-154.45	-14.89
-156.26	-14.05
-156.26	-14.05
-157.60	-13.64
-158.90	-13.67
-158.90	-13.67
-160.35	-13.94
-161.81	-13.44
-161.81	-13.44
-162.31	-12.85
-162.31	-12.85
-162.31	-12.85
-163.53	-12.14
-164.00	-12.20
-164.00	-12.20
-164.41	-12.58
-165.33	-12.32
-165.33	-12.32
-165.74	-12.48
-166.04	-12.54
-166.04	-12.54
-166.12	-12.69
-166.12	-12.69
-166.12	-12.69
-166.14	-12.74
-166.30	-12.52
-166.30	-12.52
-166.35	-12.73
-166.22	-12.87
-166.22	-12.87
-166.08	-12.90
-165.80	-13.00
-165.80	-13.00
-165.48	-12.81
-165.48	-12.81
-165.48	-12.81
-165.47	-12.79
-165.56	-12.88
-165.56	-12.88
-165.21	-12.97
-164.70	-12.79
-164.70	-12.79
-164.80	-12.75
-164.75	-12.86
-164.75	-12.86
-164.28	-13.33
-164.28	-13.33
-164.28	-13.33
-163.91	-13.58
-163.72	-13.66
-163.72	-13.66
-163.53	-13.64
-162.78	-13.65
-162.78	-13.65
-162.09	-13.85
-161.05	-14.21
-161.05	-14.21
-159.84	-14.74
-159.84	-14.74
-159.84	-14.74
-158.86	-15.04
-157.69	-15.73
-157.69	-15.73
-155.38	-16.37
-151.74	-17.35
-151.74	-17.35
-148.15	-18.97
-148.15	-18.97
-144.23	-21.05
-141.15	-21.67
-141.15	-21.67
-138.49	-22.51
-136.10	-23.49
-136.10	-23.49
-133.72	-24.79
-133.72	-24.79
-131.59	-25.83
-131.59	-25.83
-131.59	-25.83
-128.05	-27.29
-128.05	-27.29
-126.54	-28.06
-126.54	-28.06
-126.54	-28.06
-122.62	-29.39
-122.62	-29.39
-120.24	-29.74
-120.14	-29.78
-120.14	-29.78
-117.40	-29.70
-114.80	-29.93
-114.80	-29.93
-112.31	-30.49
-112.31	-30.49
-110.39	-30.91
-110.39	-30.91
-107.20	-31.65
-107.20	-31.65
-104.36	-32.00
-104.36	-32.00
-104.36	-32.00
-101.35	-32.44
-98.43	-33.02
-98.43	-33.02
-95.42	-33.53
-92.88	-33.91
-92.88	-33.91
-90.47	-34.04
-88.53	-34.29
-88.53	-34.29
-86.11	-34.54
-86.11	-34.54
-86.11	-34.54
-83.14	-35.36
-79.98	-36.02
-79.98	-36.02
-77.34	-36.10
-74.44	-36.36
-74.44	-36.36
-71.37	-36.67
-68.15	-37.13
-68.15	-37.13
-65.74	-37.39
-65.74	-37.39
-65.74	-37.39
-60.38	-38.10
-60.38	-38.10
-60.38	-38.10
-57.67	-38.06
-57.67	-38.06
-54.99	-37.92
-54.99	-37.92
-50.63	-37.85
-50.63	-37.85
-48.36	-37.75
-48.36	-37.75
-46.15	-37.71
-46.15	-37.71
-43.67	-37.73
-43.67	-37.73
-41.44	-37.84
-41.44	-37.84
-38.93	-37.96
-38.93	-37.96
-34.15	-37.96
-34.15	-37.96
-32.09	-37.59
-32.09	-37.59
-32.09	-37.59
-30.39	-36.53
-28.50	-35.61
-28.50	-35.61
-26.66	-34.88
-26.66	-34.88
-24.51	-34.31
-22.40	-33.78
-22.40	-33.78
-20.33	-33.11
-18.45	-32.19
-18.45	-32.19
-16.80	-31.33
-15.20	-30.04
-15.20	-30.04
-15.20	-30.04
-13.63	-28.32
-13.63	-28.32
-11.91	-26.42
-10.06	-24.51
-10.06	-24.51
-8.59	-22.58
-7.33	-20.78
-7.33	-20.78
-6.47	-19.11
-5.68	-17.10
-5.68	-17.10
-5.09	-14.04
-5.09	-14.04
-5.09	-14.04
-4.16	-11.28
-4.16	-11.28
-3.18	-8.95
-2.25	-6.66
-2.25	-6.66
-1.64	-4.67
-0.99	-3.50
-0.99	-3.50
-0.11	-2.33
0.85	-0.97
0.85	-0.97
2.05	0.59
2.05	0.59
3.18	2.17
3.18	2.17
4.22	3.78
4.22	3.78
5.37	5.00
5.37	5.00
6.67	5.74
7.73	6.35
7.73	6.35
8.51	6.71
9.26	7.26
9.26	7.26
9.99	7.90
9.99	7.90
10.98	8.47
10.98	8.47
11.96	9.01
11.96	9.01
13.39	10.15
13.39	10.15
13.68	10.41
13.68	10.41
14.15	10.11
14.15	10.11
14.66	10.09
14.66	10.09
15.06	10.20
15.35	10.45
15.35	10.45
15.66	10.60
15.85	11.03
15.85	11.03
16.10	11.27
16.10	11.27
16.10	11.27
16.20	11.58
16.21	11.77
16.21	11.77
16.07	12.08
16.05	12.46
16.05	12.46
16.10	12.55
16.10	12.55
16.04	12.46
16.09	12.42
16.09	12.42
15.95	12.36
15.95	12.36
15.94	12.23
15.94	12.23
16.05	12.11
16.05	12.11
16.12	12.03
16.12	12.03
16.01	12.18
16.01	12.18
15.96	12.15
15.96	12.15
15.93	12.20
15.93	12.20
15.90	12.10
15.90	12.10
15.81	12.16
15.81	12.04
15.81	12.04
15.82	12.08
15.82	12.08
15.84	12.11
15.84	12.11
15.86	12.00
15.86	12.00
16.02	12.00
16.02	12.00
16.05	11.97
16.05	11.97
16.15	12.01
16.15	12.01
16.19	11.79
16.19	11.79
16.28	11.76
16.28	11.76
16.30	11.72
16.30	11.72
16.37	11.63
16.37	11.63
16.50	11.39
16.50	11.39
16.50	11.25
16.50	11.25
16.51	11.24
16.51	11.24
16.53	11.17
16.50	11.17
16.50	11.17
16.44	11.11
16.44	11.11
16.39	11.09
16.39	11.09
16.28	11.01
16.17	10.92
16.17	10.92
16.11	10.83
16.11	10.83
15.93	10.85
15.93	10.85
15.78	10.84
15.78	10.84
15.77	10.66
15.77	10.66
15.83	10.64
15.83	10.64
15.89	10.48
15.89	10.48
16.00	10.30
16.00	10.30
16.78	10.05
16.78	10.05
18.46	9.90
18.46	9.90
27.94	10.96
27.94	10.96
35.94	12.39
35.94	12.39
41.08	11.80
41.08	11.80
43.77	11.60
43.77	11.60
45.38	11.60
45.38	11.60
47.05	11.85
47.05	11.85
50.67	12.58
50.67	12.58
51.95	12.10
51.95	12.10
53.27	11.80
53.27	11.80
54.96	11.38
54.96	11.38
56.66	10.72
56.66	10.72
58.84	9.84
58.84	9.84
61.86	8.39
61.86	8.39
63.24	8.05
63.24	8.05
64.52	7.61
64.52	7.61
65.85	6.82
65.85	6.82
66.74	5.98
66.74	5.98
68.37	5.23
68.37	5.23
72.71	4.48
72.71	4.48
74.61	4.08
74.61	4.08
76.00	3.69
76.00	3.69
77.26	3.55
77.26	3.55
78.53	3.12
78.53	3.12
79.68	2.76
79.68	2.76
81.79	2.54
81.79	2.54
82.80	2.48
82.80	2.48
83.64	2.56
83.64	2.56
83.94	2.55
83.94	2.55
84.16	2.66
84.16	2.66
84.38	2.63
84.38	2.63
84.72	2.76
84.72	2.76
84.84	2.76
84.84	2.76
85.05	2.71
85.05	2.71
85.08	2.60
85.08	2.60
85.14	2.48
85.14	2.48
85.09	1.88
85.09	1.88
85.11	1.89
85.11	1.89
85.19	1.98
85.19	1.98
85.01	2.02
85.01	2.02
84.91	2.24
84.91	2.24
84.88	2.16
84.88	2.16
84.61	1.99
84.61	1.99
84.30	1.71
84.30	1.71
84.22	1.34
84.22	1.34
84.32	0.33
84.82	-0.77
84.82	-0.77
85.55	-1.63
85.55	-1.63
86.37	-2.10
86.37	-2.10
87.19	-2.32
87.19	-2.32
88.10	-2.51
88.10	-2.51
89.37	-2.68
89.37	-2.68
93.07	-3.69
93.07	-3.69
96.87	-4.36
96.87	-4.36
101.34	-5.09
101.34	-5.09
104.86	-5.38
104.86	-5.38
107.81	-4.92
107.81	-4.92
109.99	-4.03
109.99	-4.03
114.09	-2.20
114.09	-2.20
115.69	-1.43
115.69	-1.43
117.33	-0.11
117.33	-0.11
118.72	0.97
118.72	0.97
119.50	1.92
119.50	1.92
120.44	3.17
120.44	3.17
121.46	6.25
121.46	6.25
121.82	8.02
121.82	8.02
122.27	9.98
122.27	9.98
122.63	11.41
122.63	11.41
122.81	12.67
122.81	12.67
123.08	13.17
123.08	13.17
123.49	14.03
123.49	14.03
123.48	15.05
123.48	15.05
122.95	16.26
122.95	16.26
121.70	17.61
121.70	17.61
120.11	18.79
120.11	18.79
118.06	20.03
118.06	20.03
111.21	22.24
111.21	22.24
108.75	23.08
108.75	23.08
105.92	23.71
105.92	23.71
103.44	23.66
103.44	23.66
102.09	23.37
101.57	23.59
101.57	23.59
99.80	23.90
99.80	23.90
97.39	23.71
97.39	23.71
95.34	23.93
95.34	23.93
89.44	24.46
89.44	24.46
86.81	24.44
86.81	24.44
84.92	24.44
84.92	24.44
83.39	24.21
83.39	24.21
82.17	23.78
82.17	23.78
80.96	23.28
80.96	23.28
79.68	22.87
78.07	22.48
78.07	22.48
76.55	22.31
74.94	21.88
74.94	21.88
73.21	21.19
73.21	21.19
71.43	20.65
71.43	20.65
69.93	20.17
69.93	20.17
66.98	19.89
66.98	19.89
65.81	19.91
65.81	19.91
64.59	19.80
64.59	19.80
63.53	19.62
63.53	19.62
62.32	19.88
62.32	19.88
61.06	20.82
61.06	20.82
57.32	22.35
57.32	22.35
55.13	22.59
55.13	22.59
52.44	23.08
52.44	23.08
48.87	24.32
48.87	24.32
45.80	25.28
45.80	25.28
42.72	25.50
42.72	25.50
36.97	25.60
36.97	25.60
35.13	25.67
35.13	25.67
35.13	25.67
32.74	25.20
30.49	24.58
30.49	24.58
28.63	24.35
28.63	24.35
26.85	23.90
26.85	23.90
22.66	22.18
22.66	22.18
20.85	21.09
20.85	21.09
19.06	20.41
19.06	20.41
17.36	19.87
17.36	19.87
15.75	18.89
15.75	18.89
14.94	18.19
14.94	18.19
12.66	17.30
12.66	17.30
11.19	16.98
11.19	16.98
9.56	16.75
9.56	16.75
7.77	16.11
7.77	16.11
5.71	15.53
5.71	15.53
3.47	14.74
3.47	14.74
-1.51	13.05
-1.51	13.05
-3.86	12.49
-3.86	12.49
-5.70	11.67
-5.70	11.67
-7.10	11.05
-7.10	11.05
-8.37	10.53
-8.37	10.53
-9.59	10.20
-9.59	10.20
-11.80	9.35
-11.80	9.35
-13.04	8.83
-13.04	8.83
-14.59	7.94
-14.59	7.94
-16.75	7.18
-16.75	7.18
-19.90	6.61
-19.90	6.61
-23.08	6.32
-23.08	6.32
-28.28	5.71
-28.28	5.71
-30.53	5.10
-30.53	5.10
-32.88	4.60
-32.88	4.60
-34.75	4.00
-34.75	4.00
-36.29	3.57
-36.29	3.57
-37.65	3.17
-37.65	3.17
-40.42	1.86
-40.42	1.86
-42.21	1.46
-42.21	1.46
-44.06	1.01
-44.06	1.01
-46.07	0.54
-46.07	0.54
-48.41	-0.35
-48.41	-0.35
-51.35	-0.89
-51.35	-0.89
-58.43	-1.44
-58.43	-1.44
-63.43	-1.41
-63.43	-1.41
-68.50	-1.28
-68.50	-1.28
-73.93	-0.90
-73.93	-0.90
-78.47	-0.37
-78.47	-0.37
-82.08	0.09
-82.08	0.09
-87.17	-0.12
-87.17	-0.12
-89.20	-0.40
-89.20	-0.40
-90.74	-0.73
-90.74	-0.73
-92.26	-0.73
-92.26	-0.73
-93.84	-0.61
-93.84	-0.61
-95.64	-1.01
-95.64	-1.01
-98.56	-1.82
-98.56	-1.82
-99.71	-1.88
-99.71	-1.88
-100.29	-2.27
-100.29	-2.27
-100.59	-2.83
-100.59	-2.83
-100.77	-3.17
-100.77	-3.17
-100.77	-3.49
-100.77	-3.49
-100.96	-4.16
-100.96	-4.16
-100.84	-4.70
-100.84	-4.70
-100.66	-5.03
-100.66	-5.03
-100.25	-5.50
-100.25	-5.50
-100.17	-6.24
-100.17	-6.24
-100.78	-6.71
-100.78	-6.71
-102.04	-8.23
-102.04	-8.23
-103.88	-10.10
-103.88	-10.10
-106.38	-11.92
-106.38	-11.92
-109.08	-14.46
-109.08	-14.46
-111.60	-16.17
-111.60	-16.17
-113.64	-17.28
-113.64	-17.28
-116.45	-19.50
-116.45	-19.50
-116.59	-19.89
-116.59	-19.89
-117.12	-20.25
-117.12	-20.25
-117.62	-20.48
-117.62	-20.48
-118.09	-20.94
-118.09	-20.94
-118.76	-21.12
-118.76	-21.12
-119.93	-21.75
-119.93	-21.75
-120.75	-22.08
-120.75	-22.08
-121.31	-22.22
-121.31	-22.22
-121.63	-22.19
-121.63	-22.19
-121.68	-22.05
-121.68	-22.05
-122.05	-21.80
-122.05	-21.80
-123.53	-20.27
-123.53	-20.27
-124.07	-19.99
-124.07	-19.99
-124.00	-19.80
-124.00	-19.80
-123.70	-19.68
-123.70	-19.68
-123.61	-19.64
-123.61	-19.64
-123.47	-19.62
-123.47	-19.62
-122.81	-19.71
-122.81	-19.71
-122.55	-19.70
-122.55	-19.70
-122.24	-19.61
-122.24	-19.61
-122.12	-19.49
-122.12	-19.49
-122.09	-19.53
-122.09	-19.53
-122.19	-19.59
-122.19	-19.59
-121.91	-19.47
-121.91	-19.47
-121.83	-19.34
-121.83	-19.34
-121.42	-19.39
-121.42	-19.39
-121.39	-19.31
-121.39	-19.31
-121.33	-19.26
-121.33	-19.26
-121.41	-19.10
-121.41	-19.10
-121.13	-18.50
-121.13	-18.50
-121.12	-17.40
-121.12	-17.40
-121.13	-16.11
-121.13	-16.11
-121.00	-14.70
-121.00	-14.70
-120.89	-13.29
-120.89	-13.29
-120.43	-11.80
-120.43	-11.80
-119.85	-9.56
-119.85	-9.56
-119.33	-8.77
-119.33	-8.77
-118.45	-8.39
-118.45	-8.39
-117.81	-8.53
-117.81	-8.53
-117.26	-8.58
-117.26	-8.58
-117.10	-8.27
-117.10	-8.27
-116.74	-7.91
-116.74	-7.91
-116.58	-7.40
-116.58	-7.40
-116.38	-6.80
-116.38	-6.80
-115.99	-6.78
-115.99	-6.78
-115.71	-7.15
-115.71	-7.15
-115.67	-7.37
-115.67	-7.37
-115.07	-7.15
-115.07	-7.15
-114.65	-6.95
-114.65	-6.95
-113.67	-6.64
-113.67	-6.64
-111.49	-6.04
-111.49	-6.04
-107.56	-4.90
-107.56	-4.90
-103.10	-4.10
-103.10	-4.10
-94.88	-2.11
-94.88	-2.11
-92.17	-1.22
-92.17	-1.22
-89.58	-0.34
-89.58	-0.34
-86.06	0.48
-86.06	0.48
-82.71	1.42
-82.71	1.42
-79.62	2.08
-79.62	2.08
-73.90	2.81
-73.90	2.81
-71.25	2.62
-71.25	2.62
-69.12	2.10
-69.12	2.10
-67.76	1.62
-67.76	1.62
-66.11	1.72
-66.11	1.72
-64.28	2.05
-64.28	2.05
-58.92	1.41
-58.92	1.41
-56.19	0.95
-56.19	0.95
-53.94	0.67
-53.94	0.67
-52.32	0.41
-52.32	0.41
-50.49	0.15
-50.49	0.15
-46.31	-0.61
-46.31	-0.61
-44.59	-1.06
-44.59	-1.06
-43.34	-1.43
-43.34	-1.43
-42.00	-1.85
-42.00	-1.85
-40.89	-2.59
-40.89	-2.59
-39.46	-3.87
-39.46	-3.87
-38.57	-5.18
-38.57	-5.18
-39.04	-5.63
-39.04	-5.63
-39.33	-6.45
-39.33	-6.45
-39.39	-7.58
-39.39	-7.58
-39.72	-8.23
-39.72	-8.23
-40.71	-7.96
-40.71	-7.96
-42.11	-7.91
-42.11	-7.91
-42.94	-9.28
-42.94	-9.28
-43.95	-10.66
-43.95	-10.66
-45.09	-10.39
-45.09	-10.39
-45.87	-9.15
-45.87	-9.15
-46.89	-8.53
-46.89	-8.53
-47.26	-7.94
-47.26	-7.94
-45.87	-8.35
-45.87	-8.35
-43.96	-9.74
-43.96	-9.74
-41.97	-11.34
-41.97	-11.34
-39.91	-11.28
-39.91	-11.28
-38.10	-10.90
-38.10	-10.90
-35.51	-10.42
-35.51	-10.42
-28.82	-10.24
-28.82	-10.24
-25.34	-8.87
-25.34	-8.87
-21.70	-7.16
-18.04	-6.82
-18.04	-6.82
-13.81	-6.87
-13.81	-6.87
-9.27	-7.75
-9.27	-7.75
-5.23	-8.49
-5.23	-8.49
-1.44	-8.51
-1.44	-8.51
1.91	-9.04
1.91	-9.04
9.74	-9.03
9.74	-9.03
13.41	-8.52
13.41	-8.52
17.05	-7.91
17.05	-7.91
20.85	-6.40
24.90	-5.09
24.90	-5.09
24.90	-5.09
28.98	-4.66
32.87	-4.66
36.36	-4.43
36.36	-4.43
39.48	-3.92
39.48	-3.92
41.90	-2.73
41.90	-2.73
43.90	-2.19
43.90	-2.19
45.46	-2.63
46.77	-3.10
46.77	-3.10
46.77	-3.10
48.91	-4.40
48.91	-4.40
50.72	-4.02
50.72	-4.02
52.58	-3.10
52.58	-3.10
54.33	-1.63
54.33	-1.63
55.86	0.30
55.86	0.30
57.66	3.22
57.66	3.22
61.28	11.48
61.28	11.48
62.53	13.22
62.53	13.22
62.85	14.16
62.85	14.16
62.93	15.41
62.93	15.41
62.64	17.52
61.72	19.38
60.90	20.78
60.90	20.78
60.57	22.51
60.57	22.51
60.12	23.84
60.12	23.84
59.91	24.72
59.34	25.29
59.34	25.29
59.08	26.03
59.08	26.03
59.08	26.03
58.62	26.95
58.62	26.95
58.16	27.76
58.16	27.76
57.99	28.75
57.99	28.75
58.26	29.65
58.31	30.82
58.31	30.82
58.15	31.29
58.15	31.29
57.87	31.96
57.67	32.29
57.67	32.29
57.65	32.81
57.65	32.81
57.80	33.44
57.80	33.44
57.80	33.44
57.81	34.68
57.81	34.68
57.59	34.64
57.59	34.64
57.88	34.41
57.88	34.41
58.61	34.64
59.86	35.34
59.86	35.34
61.35	36.20
61.35	36.20
62.49	36.84
64.58	37.34
64.58	37.34
67.25	37.41
67.25	37.41
67.25	37.41
72.86	38.25
72.86	38.25
77.50	39.22
77.50	39.22
81.97	39.91
81.97	39.91
81.97	39.91
86.93	41.08
86.93	41.08
88.30	40.24
88.30	40.24
88.16	37.07
88.16	37.07
86.74	29.62
86.34	20.60
86.34	20.60
86.34	20.60
84.79	5.21
84.79	5.21
84.03	1.51
84.03	1.51
83.77	-1.73
83.77	-1.73
83.38	-4.59
82.89	-7.27
82.89	-7.27
82.64	-9.84
82.64	-9.84
82.50	-12.02
82.50	-12.02
82.25	-14.13
81.38	-16.37
81.38	-16.37
79.62	-17.56
79.62	-17.56
77.11	-17.61
73.99	-17.54
73.99	-17.54
71.24	-17.60
71.24	-17.60
71.24	-17.60
66.05	-17.26
66.05	-17.26
63.49	-16.97
63.49	-16.97
63.49	-16.97
60.89	-16.25
60.89	-16.25
58.13	-15.23
58.13	-15.23
57.32	-15.05
57.32	-15.05
56.37	-15.13
56.37	-15.13
55.06	-15.17
54.06	-14.81
54.06	-14.81
54.06	-14.81
52.87	-14.73
51.51	-14.82
50.57	-14.59
50.57	-14.59
49.85	-14.34
49.85	-14.34
49.01	-13.99
49.01	-13.99
47.28	-13.30
45.09	-12.16
45.09	-12.16
41.81	-9.47
36.98	-3.16
36.98	-3.16
31.75	5.11
31.75	5.11
26.89	10.16
26.89	10.16
23.78	11.88
21.49	13.03
21.49	13.03
21.49	13.03
19.72	13.84
18.93	14.08
19.65	14.82
19.65	14.82
19.65	14.82
19.18	15.36
17.07	16.42
17.07	16.42
14.49	18.16
11.51	19.61
11.51	19.61
8.10	21.02
8.10	21.02
3.73	22.92
3.73	22.92
-1.74	25.11
-1.74	25.11
-6.67	27.12
-6.67	27.12
-10.54	27.91
-13.90	28.46
-16.48	28.40
-16.48	28.40
-18.79	27.41
-18.79	27.41
-22.02	26.48
-25.09	25.76
-25.09	25.76
-27.28	25.42
-27.28	25.42
-29.47	24.73
-29.47	24.73
-31.95	24.42
-34.78	24.18
-34.78	24.18
-37.02	23.80
-37.02	23.80
-38.70	23.62
-39.95	23.27
-39.95	23.27
-40.77	22.63
-40.77	22.63
-41.26	21.56
-41.26	21.56
-41.09	20.23
-41.09	20.23
-40.18	18.86
-40.18	18.86
-38.88	16.72
-38.88	16.72
-37.02	11.41
-37.02	11.41
-36.37	7.64
-36.37	7.64
-35.92	3.93
-35.72	1.37
-35.72	1.37
-35.73	-2.02
-35.73	-2.02
-35.70	-5.37
-35.70	-5.37
-35.42	-7.92
-35.56	-10.08
-35.56	-10.08
-35.84	-13.14
-35.84	-13.14
-35.72	-15.41
-35.77	-16.13
-35.77	-16.13
-35.58	-17.34
-35.58	-17.34
-35.03	-18.62
-35.03	-18.62
-34.21	-19.74
-34.21	-19.74
-33.33	-20.72
-32.72	-21.43
-32.72	-21.43
-32.02	-21.94
-31.25	-22.40
-31.25	-22.40
-30.43	-22.83
-30.43	-22.83
-29.88	-23.21
-29.88	-23.21
-29.56	-24.09
-28.96	-25.29
-28.96	-25.29
-26.47	-26.78
-26.47	-26.78
-23.95	-27.86
-21.29	-28.99
-21.29	-28.99
-18.85	-30.40
-18.85	-30.40
-16.55	-31.41
-16.55	-31.41
-14.84	-31.85
-14.84	-31.85
-11.59	-32.21
-11.59	-32.21
-10.04	-32.26
-8.47	-32.51
-8.47	-32.51
-6.80	-32.56
-5.03	-32.51
-3.15	-32.55
-1.49	-32.50
-1.49	-32.50
0.03	-32.44
0.03	-32.44
2.80	-32.46
2.80	-32.46
2.80	-32.46
5.37	-32.50
5.37	-32.50
6.40	-32.42
7.21	-32.39
7.84	-32.40
7.84	-32.40
8.59	-32.53
9.24	-32.55
9.24	-32.55
9.74	-32.65
10.12	-32.77
10.12	-32.77
10.39	-32.72
10.51	-32.47
10.51	-32.47
10.70	-32.41
10.70	-32.41
10.58	-32.32
10.63	-32.15
10.63	-32.15
10.36	-32.02
10.08	-31.74
10.08	-31.74
9.67	-31.33
9.37	-30.59
9.37	-30.59
9.37	-30.59
8.57	-28.56
8.57	-28.56
7.93	-27.40
6.89	-26.58
6.89	-26.58
6.67	-27.14
6.97	-27.59
6.97	-27.59
7.16	-28.55
7.16	-28.55
7.07	-28.47
7.07	-28.47
6.81	-28.04
6.81	-28.04
8.88	-27.13
8.88	-27.13
8.88	-27.13
8.88	-26.93
8.88	-26.93
6.92	-26.91
6.92	-26.91
5.22	-26.51
3.64	-26.57
3.64	-26.57
2.11	-26.88
2.11	-26.88
0.78	-26.92
-0.20	-26.74
-0.20	-26.74
-0.90	-26.25
-0.90	-26.25
-1.21	-26.23
-1.83	-26.38
-1.83	-26.38
-1.83	-26.38
-3.77	-26.84
-3.77	-26.84
-4.45	-26.99
-5.15	-27.04
-5.15	-27.04
-5.80	-26.72
-6.57	-26.87
-6.57	-26.87
-7.40	-27.33
-7.40	-27.33
-8.34	-27.02
-9.58	-26.42
-9.58	-26.42
-11.55	-25.32
-13.29	-24.94
-14.63	-25.37
-14.63	-25.37
-14.63	-25.37
-16.18	-26.62
-16.18	-26.62
-16.18	-26.62
-17.25	-27.22
-17.35	-27.89
-17.35	-27.89
-16.98	-28.77
-16.84	-29.54
-16.84	-29.54
-16.86	-30.35
-16.86	-30.35
-17.48	-31.36
-18.21	-32.29
-18.21	-32.29
-19.14	-32.96
-19.14	-32.96
-19.30	-34.47
-19.30	-34.47
-18.92	-35.31
-18.21	-35.61
-18.21	-35.61
-17.46	-36.12
-17.48	-36.56
-17.48	-36.56
-17.83	-37.05
-17.83	-37.05
-18.55	-37.90
-18.55	-37.90
-19.68	-38.27
-19.68	-38.27
-19.72	-38.53
-19.72	-38.53
-19.49	-38.98
-19.50	-39.01
-19.50	-39.01
-19.52	-39.09
-19.52	-39.09
-19.42	-39.44
-19.50	-39.40
-19.53	-39.50
-19.62	-39.48
-19.62	-39.48
-19.46	-39.81
-19.39	-39.95
-19.39	-39.95
-19.31	-40.01
-18.97	-40.23
-18.97	-40.23
-18.76	-40.31
-18.76	-40.31
-18.72	-40.41
-18.65	-40.55
-18.65	-40.55
-18.54	-40.50
-18.58	-40.39
-18.58	-40.39
-18.72	-40.38
-18.72	-40.38
-19.26	-40.39
-19.26	-40.39
-19.26	-40.39
-19.85	-40.40
-20.90	-40.28
-22.20	-40.38
-22.20	-40.38
-23.58	-40.34
-24.52	-40.52
-24.52	-40.52
-24.92	-40.47
-24.92	-40.47
-24.75	-40.48
-24.68	-40.39
-24.94	-40.43
-24.94	-40.43
-25.37	-40.59
-25.48	-40.47
-25.48	-40.47
-26.05	-40.39
-26.33	-40.22
-26.33	-40.22
-26.75	-40.16
-26.84	-40.08
-27.12	-40.16
-27.12	-40.16
-27.28	-40.12
-27.44	-40.06
-27.44	-40.06
-27.76	-39.86
-28.19	-39.85
-28.19	-39.85
-28.49	-40.06
-28.69	-39.99
-28.69	-39.99
-28.78	-40.04
-28.81	-40.02
-28.81	-40.02
-28.70	-39.92
-28.67	-39.97
-28.67	-39.97
-28.63	-39.99
-28.70	-40.02
-28.70	-40.02
-28.68	-39.91
-28.71	-39.89
-28.71	-39.89
-28.68	-39.87
-28.68	-39.87
-28.66	-39.64
-28.66	-39.64
-28.46	-39.74
-28.46	-39.74
-28.17	-39.88
-28.17	-39.88
-27.65	-39.92
-27.20	-39.97
-26.24	-40.01
-26.24	-40.01
-25.63	-39.92
-25.63	-39.92
-24.87	-40.02
-24.29	-40.06
-23.49	-40.22
-22.52	-40.39
-22.52	-40.39
-21.56	-40.52
-20.50	-40.41
-20.50	-40.41
-19.43	-40.61
-18.00	-40.67
-18.00	-40.67
-16.32	-40.76
-14.63	-40.76
-14.63	-40.76
-12.85	-40.82
-10.74	-40.70
-10.74	-40.70
-8.64	-40.59
-6.81	-40.64
-4.87	-40.55
-3.04	-40.57
-3.04	-40.57
-1.16	-40.49
0.33	-40.62
0.33	-40.62
2.00	-40.67
3.93	-40.67
3.93	-40.67
6.03	-40.83
6.03	-40.83
7.64	-40.91
9.22	-41.03
10.80	-41.16
10.80	-41.16
12.28	-41.36
12.28	-41.36
13.95	-41.62
15.52	-41.97
17.04	-42.29
17.04	-42.29
18.48	-42.69
19.89	-42.99
19.89	-42.99
21.24	-43.18
22.80	-43.26
24.32	-43.42
24.32	-43.42
26.16	-43.65
27.71	-43.84
27.71	-43.84
29.45	-43.93
31.14	-43.93
31.14	-43.93
33.40	-43.94
35.95	-44.04
38.56	-43.99
38.56	-43.99
41.05	-43.98
41.05	-43.98
43.03	-43.96
43.03	-43.96
47.65	-44.22
47.65	-44.22
50.85	-44.52
50.85	-44.52
55.52	-44.56
60.42	-44.74
64.97	-45.11
64.97	-45.11
68.85	-45.06
68.85	-45.06
72.70	-44.70
76.99	-44.45
76.99	-44.45
81.54	-44.18
85.80	-43.96
90.15	-43.90
90.15	-43.90
94.06	-43.60
98.35	-42.79
102.93	-41.52
102.93	-41.52
107.79	-39.41
107.79	-39.41
112.06	-36.87
115.95	-35.06
118.35	-33.43
118.35	-33.43
120.03	-31.95
120.03	-31.95
121.58	-31.83
121.58	-31.83
125.05	-31.22
125.05	-31.22
126.71	-30.45
126.71	-30.45
127.41	-29.66
128.46	-29.24
128.82	-29.07
128.82	-29.07
128.62	-28.85
128.62	-28.85
128.69	-28.55
128.69	-28.55
128.53	-28.04
128.53	-28.04
128.33	-27.87
128.33	-27.87
128.01	-27.60
127.49	-27.42
127.09	-27.60
127.09	-27.60
126.44	-27.67
126.44	-27.67
125.75	-27.66
125.75	-27.66
124.73	-27.76
124.73	-27.76
124.20	-27.61
124.22	-27.45
124.22	-27.45
124.07	-27.57
123.76	-27.54
123.76	-27.54
123.73	-27.43
123.61	-27.58
123.61	-27.58
123.45	-27.64
123.45	-27.64
123.83	-27.86
124.01	-27.99
124.01	-27.99
124.24	-28.00
124.62	-28.00
124.61	-28.05
124.61	-28.05
124.30	-28.21
124.33	-28.41
124.33	-28.41
124.45	-28.61
124.47	-28.60
124.47	-28.60
124.47	-28.60
124.56	-28.92
124.56	-28.92
124.36	-29.02
124.16	-29.07
124.16	-29.07
124.03	-29.23
123.74	-29.14
123.74	-29.14
123.54	-29.45
123.25	-29.73
123.25	-29.73
122.86	-29.89
122.86	-29.89
121.66	-30.21
121.66	-30.21
116.43	-32.42
116.43	-32.42
112.70	-33.80
112.70	-33.80
107.24	-35.69
104.60	-36.23
104.60	-36.23
102.54	-36.60
102.54	-36.60
100.47	-36.54
98.27	-36.68
98.27	-36.68
95.55	-36.98
95.55	-36.98
89.09	-37.28
89.09	-37.28
85.75	-36.78
83.37	-36.21
83.37	-36.21
81.51	-36.16
79.91	-35.97
78.12	-35.41
78.12	-35.41
75.70	-34.93
73.69	-34.66
73.69	-34.66
72.27	-34.24
72.27	-34.24
70.91	-33.81
69.29	-33.48
69.29	-33.48
67.45	-33.23
67.45	-33.23
65.67	-32.98
63.73	-32.80
63.73	-32.80
61.73	-32.58
59.85	-32.44
57.96	-32.13
56.01	-31.80
56.01	-31.80
53.57	-31.23
50.48	-30.49
50.48	-30.49
47.66	-29.81
47.66	-29.81
44.34	-28.98
41.14	-28.33
41.14	-28.33
34.21	-26.96
34.21	-26.96
30.36	-26.56
30.36	-26.56
26.39	-26.06
23.07	-26.02
23.07	-26.02
18.97	-26.05
13.86	-26.37
13.86	-26.37
13.86	-26.37
4.35	-26.22
4.35	-26.22
0.29	-25.91
-3.89	-26.01
-3.89	-26.01
-7.97	-26.32
-11.54	-26.47
-11.54	-26.47
-14.37	-26.95
-14.37	-26.95
-16.79	-27.07
-18.80	-27.32
-20.60	-27.34
-20.60	-27.34
-22.40	-27.33
-24.09	-27.37
-24.09	-27.37
-25.68	-27.13
-27.11	-26.99
-27.11	-26.99
-28.43	-26.86
-29.92	-26.92
-29.92	-26.92
-31.13	-26.80
-32.49	-26.91
-32.49	-26.91
-33.78	-26.95
-33.78	-26.95
-34.86	-26.80
-34.86	-26.80
-36.31	-26.48
-36.31	-26.48
-38.51	-25.79
-38.51	-25.79
-39.68	-24.87
-40.78	-23.54
-42.40	-21.65
-42.40	-21.65
-43.97	-19.40
-45.63	-17.14
-45.63	-17.14
-47.10	-14.65
-48.61	-12.28
-48.61	-12.28
-50.13	-9.83
-50.13	-9.83
-51.65	-6.80
-53.11	-4.02
-54.12	-1.40
-54.89	1.28
-54.89	1.28
-55.62	3.51
-56.01	5.38
-56.01	5.38
-56.07	7.67
-56.07	7.67
-56.13	9.57
-56.11	12.13
-56.05	14.93
-56.05	14.93
-55.80	17.66
-55.40	20.12
-55.40	20.12
-55.05	21.72
-55.05	21.72
-54.69	23.75
-54.51	25.31
-54.51	25.31
-54.05	26.98
-53.65	28.41
-53.29	30.06
-53.29	30.06
-52.89	31.58
-52.89	31.58
-52.63	32.73
-52.08	33.67
-52.11	34.57
-52.11	34.57
-51.66	36.02
-50.78	37.58
-50.78	37.58
-49.49	38.94
-48.48	40.43
-48.48	40.43
-47.19	42.01
-45.99	43.32
-45.99	43.32
-44.28	44.22
-42.85	45.14
-42.85	45.14
-41.57	45.97
-40.36	47.07
-40.36	47.07
-38.96	48.17
-37.61	49.35
-37.61	49.35
-35.91	50.51
-34.19	51.52
-34.19	51.52
-34.19	51.52
-30.63	52.75
-30.63	52.75
-29.48	53.44
-29.48	53.44
-25.86	54.33
-25.86	54.33
-23.78	54.99
-22.06	55.69
-22.06	55.69
-20.90	56.34
-19.52	56.64
-19.52	56.64
-18.25	56.89
-16.81	57.38
-16.81	57.38
-15.38	57.70
-15.38	57.70
-14.08	57.85
-13.12	58.01
-13.12	58.01
-12.29	57.99
-12.29	57.99
-10.29	57.65
-10.29	57.65
-9.25	57.55
