-109.60	0.59
-109.04	0.50
-109.04	0.50
-108.58	0.53
-108.28	0.54
-107.89	0.42
-107.48	0.38
-107.21	0.22
-107.21	0.22
-106.77	-0.03
-106.77	-0.03
-106.45	-0.63
-106.45	-0.63
-106.21	-1.17
-106.21	-1.17
-105.60	-2.59
-105.60	-2.59
-105.12	-6.76
-104.55	-11.20
-104.55	-11.20
-103.61	-17.27
-103.61	-17.27
-103.20	-21.13
-103.20	-21.13
-104.51	-22.97
-104.51	-22.97
-112.04	-22.98
-112.04	-22.98
-123.11	-21.39
-123.11	-21.39
-131.34	-20.52
-131.34	-20.52
-135.24	-20.40
-135.24	-20.40
-138.08	-20.70
-138.08	-20.70
-140.12	-21.55
-140.93	-21.63
-141.66	-21.52
-142.51	-21.20
-142.51	-21.20
-143.68	-20.19
-144.04	-19.87
-144.31	-19.54
-144.31	-19.54
-144.75	-19.51
-144.64	-19.61
-144.51	-19.72
-144.14	-20.01
-144.14	-20.01
-142.93	-21.18
-141.29	-22.77
-136.86	-25.78
-136.86	-25.78
-128.91	-30.78
-128.91	-30.78
-122.12	-33.76
-122.12	-33.76
-113.71	-37.10
-107.91	-38.19
-102.90	-38.65
-97.58	-38.54
-97.58	-38.54
-90.45	-38.88
-87.40	-38.93
-83.35	-38.98
-80.11	-38.70
-75.03	-37.57
-70.29	-36.39
-70.29	-36.39
-62.29	-35.78
-58.44	-34.80
-55.26	-33.74
-51.28	-32.37
-46.07	-30.62
-40.71	-29.27
-35.56	-27.97
-29.83	-27.11
-25.03	-26.64
-21.87	-26.47
-18.92	-26.31
-16.47	-25.61
-14.07	-24.81
-12.36	-23.33
-10.21	-20.25
-7.68	-17.40
-6.33	-15.63
-5.04	-13.85
-4.19	-12.16
-3.72	-10.21
-2.88	-8.75
-2.22	-7.56
-1.78	-6.49
-1.10	-5.45
-0.88	-4.85
-0.93	-4.94
-1.05	-5.15
-0.52	-5.45
-0.20	-5.79
0.37	-6.10
1.83	-6.39
2.83	-6.86
3.62	-7.37
4.65	-8.26
6.85	-9.84
9.60	-13.04
12.50	-16.08
14.47	-16.86
16.87	-17.78
18.64	-18.46
20.14	-19.17
21.38	-19.30
22.37	-19.69
23.41	-20.12
24.06	-20.50
24.94	-20.81
25.63	-21.39
25.17	-22.86
23.80	-25.29
21.76	-27.90
20.11	-28.86
19.39	-29.94
18.93	-31.09
19.66	-31.92
21.79	-32.56
24.02	-32.46
26.66	-32.26
29.21	-31.85
32.59	-30.98
36.31	-30.63
38.81	-30.72
40.65	-30.51
41.50	-30.11
42.14	-30.25
43.19	-30.63
43.40	-30.58
43.52	-29.88
43.51	-29.50
43.94	-28.60
44.13	-27.91
44.59	-27.23
45.25	-27.13
45.59	-27.25
45.86	-27.13
45.48	-26.85
44.72	-26.04
44.16	-25.43
43.46	-25.49
42.76	-25.18
41.75	-25.11
40.86	-24.51
40.23	-24.28
38.73	-24.58
37.48	-24.01
35.41	-23.68
32.48	-23.12
27.30	-21.76
22.04	-20.71
13.73	-19.34
9.01	-17.30
4.35	-15.58
2.31	-14.70
1.22	-14.28
0.35	-13.61
0.41	-12.43
0.21	-11.22
0.36	-10.80
0.60	-10.48
0.55	-10.02
0.40	-9.41
0.25	-9.14
-0.41	-9.19
-0.99	-9.19
-0.99	-9.19
-4.44	-9.92
-8.52	-11.76
-15.14	-13.69
-21.39	-14.58
-26.46	-15.21
-30.07	-15.49
-32.20	-15.25
-33.38	-14.48
-34.17	-14.34
-34.45	-14.79
-34.81	-14.51
-35.28	-14.67
-35.81	-15.13
-35.89	-15.38
-35.82	-15.95
-35.30	-17.25
-34.25	-19.72
-32.09	-23.40
-29.56	-26.92
-27.57	-29.86
-25.65	-31.59
-22.21	-34.27
-18.89	-35.61
-14.83	-36.68
-11.24	-37.31
-8.05	-37.84
-5.71	-38.01
-4.12	-37.88
-3.43	-37.49
-3.64	-37.47
-4.71	-37.06
-6.61	-36.55
-9.57	-36.54
-13.28	-36.61
-17.25	-37.00
-20.93	-37.79
-23.92	-39.29
-26.00	-41.62
-27.96	-45.08
-33.46	-45.37
-38.83	-44.40
-38.83	-44.40
-56.33	-40.05
-66.34	-36.96
-75.09	-33.96
-85.84	-29.25
-95.07	-24.76
-104.12	-22.03
-110.63	-20.15
-114.99	-18.39
-118.04	-17.14
-120.15	-17.15
-121.86	-16.86
-124.08	-16.14
-126.99	-15.10
-130.64	-14.36
-133.24	-14.08
-135.29	-14.14
-135.29	-14.14
-137.14	-15.45
-137.57	-16.28
-138.45	-14.82
-140.30	-13.65
-142.42	-13.59
-144.57	-13.54
-146.71	-13.48
-148.72	-13.94
-150.39	-14.00
-151.78	-14.00
-153.24	-14.30
-154.72	-14.80
-156.79	-15.23
-158.76	-15.82
-161.05	-15.54
-162.27	-14.82
-162.88	-14.29
-163.13	-13.82
-163.13	-13.82
-163.80	-13.12
-164.02	-13.11
-164.10	-13.19
-163.99	-13.41
-164.10	-12.25
-163.93	-11.25
-163.94	-10.15
-163.86	-8.90
-164.28	-8.52
-165.16	-8.87
-165.78	-9.66
-166.10	-9.34
-166.40	-8.93
-166.37	-8.75
-166.64	-8.67
-167.14	-8.65
-167.29	-8.82
-167.05	-8.60
-166.61	-9.22
-166.61	-9.22
-166.55	-8.63
-166.51	-8.59
-166.26	-8.57
-165.74	-8.68
-165.26	-8.92
-164.75	-9.40
-164.25	-9.91
-163.19	-11.12
-162.20	-13.01
-161.43	-12.88
-161.22	-12.48
-161.15	-11.91
-160.94	-11.83
-160.60	-12.02
-160.35	-11.98
-159.91	-12.07
-159.48	-12.14
-158.72	-12.33
-157.70	-12.89
-156.08	-13.56
-153.29	-13.99
-149.64	-14.36
-145.02	-14.85
-138.02	-15.22
-128.84	-15.67
-116.42	-15.61
-102.23	-16.13
-88.68	-16.82
-73.62	-17.03
-60.36	-17.53
-47.51	-17.57
-36.00	-17.23
-26.93	-16.92
-18.90	-17.23
-13.07	-17.30
-8.34	-16.83
-4.91	-16.26
-2.38	-15.83
-1.15	-15.22
-0.94	-14.82
-0.84	-14.32
-0.81	-13.84
-0.65	-12.68
-0.49	-11.32
0.39	-10.46
1.22	-9.28
2.01	-8.60
2.60	-8.60
3.29	-8.36
4.07	-8.03
4.83	-8.04
5.42	-8.63
6.27	-8.90
6.67	-8.99
7.18	-9.19
7.71	-9.50
8.50	-10.02
9.80	-11.33
12.49	-13.01
17.48	-15.87
21.98	-19.87
24.80	-20.88
27.27	-21.70
29.41	-22.22
30.39	-21.74
31.92	-22.23
32.77	-22.77
33.85	-22.63
35.00	-23.00
36.30	-23.38
38.37	-23.49
41.13	-23.74
44.07	-24.17
47.02	-24.54
49.92	-24.69
52.95	-24.96
55.38	-25.40
58.24	-25.99
59.87	-25.70
60.75	-25.75
60.75	-25.75
64.53	-27.57
66.04	-28.69
67.47	-29.73
69.12	-30.54
70.49	-31.26
71.32	-31.59
71.97	-32.09
72.62	-32.58
73.25	-33.22
73.99	-33.75
74.10	-34.18
74.66	-34.65
74.63	-34.92
74.86	-35.37
75.14	-35.89
75.85	-36.55
76.68	-37.15
77.89	-37.98
78.95	-38.93
79.96	-40.01
80.59	-40.92
81.38	-41.34
81.52	-42.20
82.04	-42.50
82.31	-42.96
82.77	-43.12
83.07	-43.07
83.14	-43.27
83.18	-43.40
82.73	-43.40
82.57	-43.40
82.19	-43.30
82.13	-43.19
81.92	-43.26
81.81	-43.24
80.71	-43.18
78.36	-42.40
73.30	-41.12
73.30	-41.12
54.87	-39.15
45.50	-39.07
35.52	-36.22
27.51	-32.50
21.48	-30.06
18.11	-28.06
15.05	-26.03
13.78	-24.67
12.54	-23.85
11.63	-23.03
11.05	-22.27
10.39	-21.52
9.92	-20.34
9.05	-19.81
8.79	-19.73
8.64	-19.36
8.09	-18.85
8.09	-18.85
7.38	-17.01
7.05	-16.31
6.70	-15.96
6.39	-15.45
5.89	-14.89
5.43	-14.37
5.31	-14.03
5.10	-13.65
4.71	-13.44
4.58	-13.32
4.53	-13.22
4.31	-13.15
4.23	-12.89
4.48	-12.58
4.48	-12.34
4.65	-12.14
4.85	-12.22
5.06	-12.35
5.13	-12.38
5.09	-12.41
5.00	-12.43
4.91	-12.59
4.75	-12.61
4.48	-12.61
4.32	-12.54
4.21	-12.52
3.93	-12.47
3.73	-12.35
3.67	-12.40
3.58	-12.02
3.50	-12.56
3.45	-12.47
3.65	-12.65
3.68	-12.62
3.89	-12.42
3.95	-12.46
3.84	-12.73
3.66	-12.64
3.32	-12.72
2.80	-13.09
1.79	-13.49
-2.20	-13.90
-9.02	-15.05
-16.39	-16.09
-22.84	-15.60
-28.92	-16.43
-33.30	-17.12
-35.93	-17.07
-37.56	-17.95
-38.13	-18.75
-37.00	-19.17
-36.26	-19.43
-34.82	-19.71
-34.09	-19.97
-33.12	-20.42
-31.64	-20.36
-30.61	-19.82
-30.18	-19.83
-29.35	-19.95
-27.94	-20.30
-25.85	-20.71
-21.91	-21.21
-18.20	-21.36
-15.04	-21.48
-13.14	-21.40
-11.58	-21.66
-9.74	-22.29
-7.93	-22.85
-7.93	-22.85
-5.09	-22.38
-3.35	-21.49
-2.45	-21.67
-2.21	-22.24
-2.02	-22.54
-1.54	-22.88
-1.00	-23.23
-0.64	-23.34
-0.14	-23.30
0.54	-22.29
0.93	-21.68
1.36	-21.13
1.74	-20.88
1.94	-20.33
2.05	-19.80
2.23	-19.63
2.55	-19.31
2.94	-19.06
3.74	-18.96
4.48	-19.28
5.29	-19.28
6.11	-19.47
6.97	-19.61
7.52	-19.55
8.08	-19.77
8.29	-19.51
8.33	-19.35
8.02	-19.25
7.65	-19.24
7.31	-18.98
7.22	-19.03
7.15	-19.05
7.10	-19.10
7.22	-19.39
7.65	-20.49
8.41	-20.84
9.87	-21.11
11.56	-21.65
13.67	-22.30
16.09	-23.14
18.03	-24.08
19.80	-24.57
21.27	-24.87
21.92	-24.62
22.26	-24.67
22.05	-24.68
21.85	-24.53
21.97	-24.53
21.99	-24.79
21.95	-24.85
22.46	-25.21
22.35	-25.46
22.18	-25.34
22.11	-25.30
21.83	-25.30
21.48	-25.44
20.92	-25.66
19.95	-25.78
18.95	-25.91
16.70	-26.08
15.16	-26.06
14.05	-26.17
13.20	-26.11
12.57	-26.01
11.98	-25.75
11.60	-25.46
11.22	-25.13
10.80	-24.98
10.56	-24.92
10.33	-24.87
10.11	-24.86
9.99	-24.78
9.88	-24.60
9.81	-24.58
9.48	-24.42
9.39	-24.12
9.27	-24.09
9.09	-24.08
8.85	-24.07
8.64	-24.13
8.51	-24.07
8.27	-24.05
8.01	-24.21
7.87	-24.29
7.62	-24.39
7.44	-24.42
7.36	-24.44
7.34	-24.46
7.19	-24.34
7.12	-24.46
7.12	-24.46
6.95	-24.62
6.95	-24.62
6.59	-25.12
6.59	-25.12
6.40	-25.82
6.40	-25.82
6.13	-26.41
6.13	-26.41
5.96	-28.18
5.96	-28.18
5.62	-35.13
5.62	-35.13
5.82	-46.21
5.82	-46.21
6.97	-52.89
9.41	-54.29
9.41	-54.29
11.41	-59.92
11.79	-62.28
11.79	-62.28
12.99	-63.12
13.57	-63.66
14.17	-66.17
15.08	-69.31
16.02	-70.97
18.02	-72.34
18.32	-71.70
18.32	-71.70
19.55	-72.79
19.55	-72.79
21.88	-73.36
21.88	-73.36
23.23	-73.69
23.71	-73.48
27.26	-73.27
27.26	-73.27
42.83	-71.61
42.83	-71.61
55.67	-69.20
59.48	-68.63
61.88	-68.16
61.88	-68.16
64.00	-68.39
64.00	-68.39
65.05	-68.84
65.05	-68.84
64.41	-69.40
64.41	-69.40
63.89	-69.67
63.89	-69.67
62.39	-69.27
62.39	-69.27
59.86	-68.40
59.86	-68.40
41.98	-62.25
41.98	-62.25
26.95	-55.74
26.95	-55.74
14.27	-51.45
7.71	-44.15
7.71	-44.15
5.01	-37.87
5.01	-37.87
5.34	-36.44
5.89	-35.29
5.89	-35.29
6.23	-34.22
6.23	-34.22
6.05	-32.21
5.62	-31.28
5.62	-31.28
5.29	-29.87
5.29	-29.87
5.22	-28.53
5.22	-28.53
5.28	-28.60
5.28	-28.60
5.63	-28.50
5.63	-28.50
5.80	-28.54
5.80	-28.54
5.78	-29.17
5.78	-29.17
5.71	-29.43
5.71	-29.43
5.82	-29.47
5.82	-29.47
5.96	-29.54
5.96	-29.54
6.13	-29.70
6.13	-29.70
6.22	-29.81
6.22	-29.81
6.30	-29.99
6.30	-29.99
6.31	-30.06
6.31	-30.06
6.38	-30.34
6.24	-30.30
6.24	-30.30
6.44	-30.39
6.44	-30.39
6.46	-30.53
6.46	-30.53
6.53	-30.75
6.53	-30.75
6.62	-30.89
6.62	-30.89
6.72	-31.00
6.72	-31.00
6.79	-31.07
6.79	-31.07
6.90	-31.17
6.90	-31.17
7.01	-31.31
7.01	-31.31
6.92	-31.47
6.92	-31.47
6.84	-31.62
6.80	-31.82
6.80	-31.82
6.94	-32.00
6.92	-32.16
6.92	-32.16
6.95	-32.12
6.95	-32.18
6.95	-32.18
6.97	-32.10
6.97	-32.10
7.38	-32.06
8.23	-31.43
8.23	-31.43
11.86	-30.40
11.86	-30.40
15.60	-29.16
15.60	-29.16
18.98	-28.13
18.98	-28.13
22.11	-26.99
22.11	-26.99
21.27	-26.81
19.25	-26.63
19.25	-26.63
16.51	-25.81
16.51	-25.81
14.54	-24.93
14.54	-24.93
13.52	-24.42
13.52	-24.42
11.81	-24.07
11.81	-24.07
11.28	-23.68
10.73	-23.39
10.73	-23.39
10.18	-23.65
9.77	-23.81
9.77	-23.81
9.62	-23.91
9.62	-23.91
9.85	-23.84
9.85	-23.84
10.34	-23.74
10.34	-23.74
10.49	-23.62
10.49	-23.62
10.07	-23.74
10.07	-23.74
9.36	-24.26
9.36	-24.26
8.67	-24.56
8.67	-24.56
7.80	-24.76
7.08	-25.07
7.08	-25.07
6.42	-25.58
6.42	-25.58
5.04	-26.91
5.04	-26.91
3.92	-27.55
3.92	-27.55
3.06	-27.92
3.06	-27.92
3.04	-27.88
3.04	-27.88
3.59	-28.05
3.59	-28.05
3.66	-28.03
3.66	-28.03
3.89	-27.96
3.89	-27.96
4.01	-27.96
4.01	-27.96
3.81	-27.61
3.81	-27.61
3.75	-27.44
3.75	-27.44
3.59	-27.11
3.59	-27.11
3.64	-26.68
3.64	-26.68
3.74	-26.15
3.79	-26.03
3.79	-26.03
4.06	-25.90
4.06	-25.90
4.29	-25.49
4.29	-25.49
4.39	-25.10
4.39	-25.10
4.82	-24.80
5.13	-24.52
6.29	-23.65
6.29	-23.65
8.34	-22.53
8.34	-22.53
13.06	-20.84
13.06	-20.84
19.01	-19.61
23.13	-18.32
23.13	-18.32
27.88	-16.36
27.88	-16.36
32.91	-13.77
32.91	-13.77
35.67	-12.16
36.63	-11.51
36.63	-11.51
38.10	-11.33
38.10	-11.33
40.02	-11.56
40.02	-11.56
39.53	-12.20
39.53	-12.20
33.83	-14.78
33.83	-14.78
22.32	-18.75
22.32	-18.75
14.40	-20.68
14.40	-20.68
8.91	-21.32
8.91	-21.32
6.08	-21.62
6.08	-21.62
4.24	-21.97
4.24	-21.97
4.34	-22.03
4.34	-22.03
5.62	-22.14
5.62	-22.14
6.43	-22.26
6.70	-22.33
6.70	-22.33
6.39	-22.37
6.24	-22.40
6.24	-22.40
5.77	-22.49
5.54	-22.54
5.54	-22.54
5.41	-22.60
5.41	-22.60
4.85	-22.63
4.85	-22.63
4.43	-22.63
4.33	-22.62
4.33	-22.62
4.20	-22.62
4.26	-22.65
4.26	-22.65
4.37	-22.66
4.32	-22.63
4.32	-22.63
4.13	-22.83
4.13	-22.83
3.96	-23.04
3.96	-23.04
3.58	-23.21
3.27	-23.36
3.27	-23.36
3.02	-23.49
2.77	-23.28
2.77	-23.28
2.63	-22.65
2.67	-22.22
2.67	-22.22
2.63	-21.31
2.63	-21.31
2.61	-20.45
2.61	-20.45
2.66	-20.20
2.66	-20.20
2.55	-19.86
2.55	-19.86
2.68	-19.67
2.68	-19.67
2.80	-19.32
2.80	-19.32
2.96	-18.83
2.96	-18.83
3.32	-17.88
3.32	-17.88
3.34	-16.77
3.34	-16.77
3.49	-14.24
3.49	-14.24
3.43	-11.69
3.43	-11.69
3.39	-9.75
3.68	-8.20
3.68	-8.20
3.72	-6.50
3.90	-5.66
3.90	-5.66
4.04	-4.62
4.15	-4.28
4.08	-3.44
4.08	-3.44
4.38	-2.89
4.38	-2.89
4.64	-2.58
4.64	-2.58
4.71	-2.77
4.59	-2.93
4.59	-2.93
4.53	-3.35
4.59	-3.49
4.59	-3.49
4.56	-3.86
4.58	-3.98
4.58	-3.98
4.56	-3.99
4.50	-4.03
4.50	-4.03
4.66	-4.15
4.58	-4.42
4.58	-4.42
4.55	-4.94
4.62	-6.88
4.62	-6.88
4.39	-13.55
4.39	-17.89
4.39	-17.89
4.47	-19.39
4.63	-18.79
4.61	-18.42
4.61	-18.42
4.38	-19.91
4.31	-20.19
4.31	-20.19
4.34	-19.49
4.43	-19.64
4.43	-19.64
4.53	-19.84
4.61	-19.78
4.61	-19.78
4.57	-19.67
4.66	-19.67
4.66	-19.67
4.59	-19.83
4.59	-19.83
4.59	-19.70
4.59	-19.70
4.62	-19.88
4.64	-19.89
4.64	-19.89
4.57	-19.62
4.57	-19.62
4.67	-19.47
4.67	-19.47
4.64	-19.48
4.66	-19.43
4.66	-19.43
4.94	-19.54
4.94	-19.54
5.12	-19.82
5.12	-19.82
5.11	-19.82
5.12	-19.92
5.12	-19.92
5.18	-20.10
5.18	-20.09
5.18	-20.09
5.42	-20.32
5.42	-20.32
5.59	-20.93
5.59	-20.93
5.77	-21.75
5.77	-21.75
5.76	-22.32
5.76	-22.32
5.80	-22.29
5.80	-22.29
5.70	-22.14
5.70	-22.14
5.76	-21.88
5.88	-21.55
5.97	-20.18
5.97	-20.18
6.42	-17.03
6.80	-14.69
6.80	-14.69
6.64	-11.69
6.81	-10.32
6.81	-10.32
7.02	-9.36
7.19	-9.08
7.33	-8.65
7.33	-8.65
7.53	-8.32
7.50	-8.26
7.50	-8.26
7.40	-8.07
7.39	-7.66
7.39	-7.66
7.39	-7.51
7.30	-7.41
7.30	-7.41
7.17	-7.30
6.93	-7.49
6.93	-7.49
6.55	-7.60
6.14	-7.56
6.14	-7.56
5.77	-7.08
5.59	-6.16
5.59	-6.16
5.50	-3.40
6.13	-0.86
6.13	-0.86
6.81	0.26
7.75	0.97
7.75	0.97
9.45	1.31
10.80	1.51
14.16	1.62
14.16	1.62
19.46	1.47
25.79	1.56
25.79	1.56
31.69	1.95
35.51	2.48
35.51	2.48
39.88	2.73
43.48	2.85
43.48	2.85
48.92	2.82
53.54	2.75
53.54	2.75
58.53	2.92
61.84	2.24
61.84	2.24
64.24	1.85
65.81	1.38
65.81	1.38
68.55	0.66
71.15	-0.10
71.15	-0.10
73.74	-0.97
73.25	-1.79
73.25	-1.79
73.86	-1.93
75.37	-1.45
75.37	-1.45
76.37	-1.44
76.91	-1.14
76.91	-1.14
77.98	-1.13
78.91	-1.19
80.50	-1.46
80.50	-1.46
82.38	-1.98
83.88	-1.76
83.88	-1.76
86.07	-2.09
87.31	-2.25
87.31	-2.25
89.12	-2.74
90.56	-2.82
90.56	-2.82
92.84	-3.41
94.10	-3.83
94.10	-3.83
95.18	-4.91
95.51	-5.86
95.51	-5.86
95.80	-6.31
95.60	-6.38
95.60	-6.38
95.18	-6.64
94.03	-6.75
94.03	-6.75
90.60	-7.24
82.06	-8.73
82.06	-8.73
67.44	-11.35
57.89	-13.18
57.89	-13.18
44.75	-14.90
34.06	-14.90
34.06	-14.90
22.81	-13.30
22.81	-13.30
17.49	-12.21
17.49	-12.21
15.35	-11.27
15.19	-10.61
15.19	-10.61
15.18	-10.39
15.71	-10.67
15.71	-10.67
15.81	-11.00
15.81	-11.00
14.39	-10.85
12.52	-10.37
12.52	-10.37
9.95	-9.54
9.95	-9.54
8.55	-8.87
8.55	-8.52
8.55	-8.52
9.22	-8.42
10.24	-8.57
10.24	-8.57
11.78	-8.46
13.45	-8.24
13.45	-8.24
15.18	-8.11
16.20	-8.10
16.20	-8.10
17.44	-8.10
18.14	-8.22
18.14	-8.22
19.20	-8.57
20.12	-8.97
20.12	-8.97
21.21	-9.24
21.97	-8.97
21.97	-8.97
22.90	-8.91
22.90	-8.91
24.55	-9.10
24.55	-9.10
25.54	-9.20
25.95	-9.13
25.95	-9.13
26.45	-9.03
26.48	-9.07
26.48	-9.07
26.81	-8.73
26.66	-8.38
26.66	-8.38
26.63	-8.07
26.78	-7.86
26.78	-7.86
27.07	-7.35
27.36	-7.17
27.36	-7.17
27.66	-6.66
27.66	-6.66
28.07	-5.93
28.07	-5.93
28.46	-5.34
28.98	-5.07
28.98	-5.07
29.65	-4.95
30.66	-4.67
30.66	-4.67
32.26	-4.69
32.26	-4.69
33.28	-4.75
33.38	-5.24
33.38	-5.24
32.34	-6.13
31.27	-7.03
31.27	-7.03
30.21	-8.00
30.08	-8.75
30.08	-8.75
30.12	-9.94
30.37	-11.55
30.37	-11.55
31.36	-14.81
31.36	-14.81
33.70	-19.89
33.70	-19.89
36.33	-21.44
36.33	-21.44
38.63	-22.86
38.63	-22.86
41.16	-24.18
41.16	-24.18
43.41	-24.50
44.41	-24.44
45.25	-24.48
45.25	-24.48
45.87	-24.63
46.03	-24.44
46.03	-24.44
46.65	-23.69
48.12	-23.15
48.12	-23.15
51.72	-22.47
54.80	-22.24
54.80	-22.24
60.58	-21.39
62.83	-20.90
62.83	-20.90
64.63	-20.25
64.96	-19.98
65.20	-19.69
65.20	-19.69
64.96	-19.27
64.96	-19.27
64.76	-19.14
64.76	-19.14
65.14	-18.62
65.15	-18.46
65.15	-18.46
65.27	-18.15
65.31	-17.86
65.31	-17.86
65.56	-17.63
66.10	-17.50
66.10	-17.50
67.06	-17.49
67.81	-17.23
67.81	-17.23
68.46	-16.73
67.78	-16.42
67.78	-16.42
66.99	-15.87
66.99	-15.87
66.57	-15.39
65.89	-15.28
65.89	-15.28
65.17	-14.85
65.17	-14.85
65.73	-14.56
65.73	-14.56
65.65	-14.21
65.65	-14.21
63.99	-13.30
63.99	-13.30
61.07	-11.72
57.72	-10.37
57.72	-10.37
54.20	-8.72
54.20	-8.72
52.20	-7.90
50.61	-7.17
50.61	-7.17
48.33	-6.59
47.43	-6.23
47.43	-6.23
46.38	-5.91
45.89	-5.97
45.89	-5.97
45.00	-5.98
44.52	-6.04
44.52	-6.04
43.99	-5.74
43.99	-5.74
43.09	-5.58
42.19	-5.47
42.19	-5.47
40.57	-5.22
40.57	-5.22
38.70	-4.85
38.70	-4.85
36.35	-4.41
36.35	-4.41
33.48	-3.98
33.48	-3.98
30.67	-3.53
30.67	-3.53
28.48	-3.68
28.48	-3.68
26.91	-3.83
26.06	-3.83
26.06	-3.83
25.12	-4.02
24.48	-4.26
24.48	-4.26
23.85	-4.60
23.27	-4.85
23.27	-4.85
22.33	-5.34
21.51	-5.63
21.51	-5.63
20.20	-6.21
19.15	-6.64
19.15	-6.64
17.52	-7.37
16.38	-8.05
16.38	-8.05
14.82	-8.85
13.76	-9.62
13.76	-9.62
12.46	-10.51
11.44	-11.36
11.44	-11.36
10.16	-12.37
9.37	-12.93
9.37	-12.93
8.30	-13.85
7.51	-14.23
7.51	-14.23
6.59	-15.01
6.59	-15.01
6.01	-15.57
5.71	-15.99
5.71	-15.99
5.09	-16.52
5.09	-16.52
4.88	-17.08
4.55	-17.45
4.55	-17.45
4.27	-18.31
4.27	-18.31
4.01	-18.77
4.01	-18.77
3.79	-19.00
3.75	-19.22
3.75	-19.22
3.61	-19.28
3.58	-19.26
3.58	-19.26
3.71	-19.47
3.68	-19.53
3.68	-19.53
3.62	-19.84
3.65	-20.00
3.65	-20.00
3.58	-20.21
3.62	-20.42
3.62	-20.42
3.81	-20.55
3.81	-20.55
3.74	-20.62
3.72	-20.65
3.72	-20.65
3.76	-20.81
3.70	-20.82
3.70	-20.82
3.62	-20.72
3.57	-20.63
3.57	-20.63
3.49	-20.58
3.54	-20.70
3.54	-20.70
3.30	-20.55
3.30	-20.55
3.11	-20.74
2.97	-20.54
2.97	-20.54
2.58	-20.28
2.58	-20.28
1.76	-19.90
0.88	-19.51
0.88	-19.51
-0.52	-18.89
-1.89	-18.10
-1.89	-18.10
-4.39	-17.34
-6.25	-16.84
-6.25	-16.84
-9.22	-16.49
-10.37	-16.31
-10.37	-16.31
-11.89	-16.07
-12.12	-15.73
-12.12	-15.73
-12.56	-15.52
-13.23	-15.07
-13.23	-15.07
-14.20	-14.74
-14.20	-14.74
-17.64	-14.22
-17.64	-14.22
-21.59	-13.42
-24.43	-12.93
-24.43	-12.93
-28.30	-12.09
-30.50	-11.99
-30.50	-11.99
-32.21	-11.68
-32.61	-11.76
-32.61	-11.76
-32.50	-11.65
-32.67	-11.77
-32.67	-11.77
-32.97	-11.77
-33.08	-11.68
-33.08	-11.68
-33.39	-11.49
-33.39	-11.49
-34.96	-11.56
-34.96	-11.56
-37.14	-11.84
-38.85	-11.96
-38.85	-11.96
-40.44	-11.87
-39.57	-11.63
-39.57	-11.63
-35.45	-9.82
-30.65	-6.96
-30.65	-6.96
-24.05	-2.57
-24.05	-2.57
-19.03	-0.93
-19.03	-0.93
-16.23	-0.28
-15.14	0.31
-15.14	0.31
-13.16	0.67
-12.55	1.02
-12.55	1.02
-11.37	1.18
-10.99	1.30
-10.99	1.30
-10.04	1.40
-9.76	1.81
-9.76	1.81
-8.12	2.43
-6.95	3.06
-6.95	3.06
-5.07	4.27
-3.71	5.66
-3.71	5.66
-2.32	7.30
-2.32	7.30
-1.59	8.56
-1.59	8.56
-1.16	9.68
-1.16	9.68
-0.91	9.70
-0.91	9.70
-1.05	9.64
-1.05	9.64
-1.18	9.56
-1.18	9.56
-1.24	9.65
-1.24	9.65
-1.37	9.99
-1.37	9.99
-1.56	10.17
-1.73	10.57
-1.73	10.57
-2.46	11.16
-2.79	11.38
-2.79	11.38
-3.18	11.31
-3.18	11.31
-3.40	11.74
-3.55	11.92
-3.55	11.92
-4.00	11.78
-4.00	11.78
-4.29	11.63
-4.54	11.49
-4.54	11.49
-4.87	11.41
-5.72	11.08
-5.72	11.08
-6.81	10.58
-7.89	9.93
-7.89	9.93
-9.61	9.14
-10.40	8.84
-10.40	8.84
-11.06	8.26
-11.19	7.91
-11.19	7.91
-11.42	7.42
-11.82	7.37
-11.82	7.37
-11.98	7.03
-12.08	7.09
-12.08	7.09
-12.38	7.21
-12.83	7.10
-12.83	7.10
-13.33	7.02
-13.82	7.21
-13.82	7.21
-14.59	7.36
-15.69	7.94
-15.69	7.94
-17.28	8.83
-18.10	9.47
-18.10	9.47
-19.48	10.02
-20.19	10.34
-20.19	10.34
-21.27	10.96
-22.30	11.18
-22.30	11.18
-23.57	11.15
-23.57	11.15
-25.62	11.32
-25.62	11.32
-27.08	11.22
-28.53	11.14
-28.53	11.14
-30.09	10.89
-30.91	10.90
-30.91	10.90
-32.43	10.66
-33.31	10.40
-33.31	10.40
-34.78	10.07
-34.84	9.83
-34.84	9.83
-34.38	9.27
-33.54	8.59
-33.54	8.59
-31.92	7.19
-31.92	7.19
-30.28	6.06
-28.37	4.62
-28.37	4.62
-25.16	3.52
-22.55	1.92
-22.55	1.92
-18.83	-0.64
-16.56	-1.90
-16.56	-1.90
-13.78	-2.53
-12.65	-3.29
-12.65	-3.29
-11.36	-4.26
-10.89	-4.94
-10.89	-4.94
-10.13	-5.75
-9.62	-6.14
-9.62	-6.14
-8.91	-7.00
-8.35	-7.56
-8.35	-7.56
-7.53	-8.32
-6.97	-8.71
-6.97	-8.71
-6.00	-9.27
-6.00	-9.27
-5.00	-10.07
-4.44	-10.51
-4.44	-10.51
-3.52	-10.78
-3.04	-11.06
-3.04	-11.06
-2.49	-11.30
-2.06	-11.47
-2.06	-11.47
-1.45	-11.55
-0.88	-11.59
-0.88	-11.59
0.21	-11.59
1.19	-11.64
1.19	-11.64
2.42	-11.79
3.47	-11.96
3.47	-11.96
4.60	-12.16
5.42	-12.50
5.42	-12.50
5.94	-12.71
5.94	-12.71
5.53	-12.55
4.92	-12.55
4.92	-12.55
3.53	-12.10
3.53	-12.10
2.64	-11.71
2.33	-11.41
2.33	-11.41
1.86	-10.25
1.86	-10.25
1.76	-8.60
1.76	-8.60
1.69	-6.34
1.69	-6.34
1.64	-4.00
1.64	-4.00
1.50	-2.63
1.50	-2.63
1.39	-1.36
1.39	-1.36
1.36	0.77
1.36	0.77
1.73	5.90
2.25	8.44
2.25	8.44
2.44	10.76
2.44	10.76
2.16	11.94
2.16	11.94
1.89	12.72
1.89	12.72
1.76	13.59
1.76	13.59
1.83	14.38
1.83	14.38
1.88	15.37
1.88	15.37
1.88	16.55
1.88	16.55
1.76	17.07
1.76	17.07
1.80	17.34
1.80	17.34
1.96	17.47
1.96	17.47
2.36	17.37
2.36	17.37
2.93	17.41
2.93	17.41
3.41	17.57
3.41	17.57
3.57	18.08
3.57	18.08
3.58	18.54
3.58	18.54
3.50	18.96
3.50	18.96
3.56	19.23
3.56	19.23
3.36	19.69
3.36	19.69
3.23	19.78
3.23	19.78
3.23	19.42
3.23	19.42
3.16	19.22
3.16	19.22
2.73	18.75
2.73	18.75
2.15	17.90
2.15	17.90
1.08	16.55
1.08	16.55
0.06	14.75
0.06	14.75
-0.76	12.93
-0.76	12.93
-1.54	11.12
-1.54	11.12
-1.66	9.28
-1.66	9.28
-1.70	6.12
-1.70	6.12
-1.73	0.72
-1.73	0.72
-1.73	-2.92
-1.73	-2.92
-1.26	-5.46
-1.26	-5.46
-0.88	-6.86
-0.88	-6.86
-0.41	-8.16
-0.41	-8.16
-0.25	-9.20
-0.25	-9.20
-0.33	-9.25
-0.33	-9.25
-0.40	-9.82
-0.40	-9.82
-0.81	-10.33
-0.81	-10.33
-2.15	-10.85
-2.15	-10.85
-3.84	-11.23
-3.84	-11.23
-4.96	-11.53
-4.96	-11.53
-5.78	-11.82
-5.78	-11.82
-6.76	-11.83
-6.76	-11.83
-7.87	-11.61
-8.68	-11.49
-8.68	-11.49
-10.26	-10.95
-10.26	-10.95
-11.59	-10.51
-11.59	-10.51
-12.95	-9.90
-12.95	-9.90
-14.12	-9.13
-14.12	-9.13
-15.51	-7.91
-15.51	-7.91
-16.74	-7.12
-16.74	-7.12
-18.11	-6.16
-18.11	-6.16
-19.29	-5.06
-19.29	-5.06
-20.88	-3.82
-20.88	-3.82
-21.56	-2.57
-21.56	-2.57
-21.78	-1.09
-21.78	-1.09
-21.85	0.52
-21.85	0.52
-22.78	3.64
-22.78	3.64
-23.78	6.63
-23.78	6.63
-24.71	9.77
-24.71	9.77
-25.17	12.41
-25.17	12.41
-25.00	14.64
-25.00	14.64
-24.84	16.28
-24.84	16.28
-25.23	17.85
-25.23	17.85
-25.38	19.00
-25.38	19.00
-25.53	19.83
-25.53	19.83
-25.36	21.03
-25.36	21.03
-24.59	21.63
-24.59	21.63
-24.18	19.72
-24.18	19.72
-23.01	20.95
-23.01	20.95
-22.09	22.58
-22.09	22.58
-19.99	23.13
-19.99	23.13
-17.90	23.54
-17.90	23.54
-15.21	23.54
-13.78	23.41
-12.27	22.94
-12.27	22.94
-10.17	22.68
-10.17	22.68
-8.58	22.63
-8.58	22.63
-7.26	23.03
-7.26	23.03
-6.46	24.43
-6.46	24.43
-4.71	25.22
-4.71	25.22
-2.89	25.65
-2.89	25.65
-1.09	26.07
-1.09	26.07
0.23	26.30
0.23	26.30
0.57	25.72
0.57	25.72
0.73	25.00
0.73	25.00
0.24	24.24
0.24	24.24
0.39	23.12
0.39	23.12
0.83	22.27
0.83	22.27
1.20	21.62
1.20	21.62
1.45	20.13
1.45	20.13
1.97	18.89
1.97	18.89
2.37	14.79
2.37	14.79
2.67	7.86
2.67	7.86
3.16	5.74
3.16	5.74
3.57	5.27
3.57	5.27
3.78	4.57
3.78	4.57
4.05	3.39
4.05	3.39
5.04	2.81
5.52	2.72
5.52	2.72
6.63	4.19
6.63	4.19
7.15	6.34
7.15	6.34
6.82	8.10
6.82	8.10
5.97	11.13
5.97	11.13
4.76	14.42
4.76	14.42
4.05	16.47
4.05	16.47
3.96	18.34
3.96	18.34
3.91	19.49
3.91	19.49
3.70	20.57
3.70	20.57
3.03	21.16
3.03	21.16
2.25	21.89
2.25	21.89
1.12	22.73
1.12	22.73
0.09	23.12
0.09	23.12
-0.72	23.60
-0.72	23.60
-2.07	23.47
-2.07	23.47
-3.72	23.66
-3.72	23.66
-5.70	23.71
-5.70	23.71
-8.01	23.76
-8.01	23.76
-9.63	23.71
-9.63	23.71
-11.00	23.59
-11.00	23.59
-11.76	23.74
-11.76	23.74
-12.15	24.04
-12.15	24.04
-11.77	24.39
-11.77	24.39
-11.70	24.99
-11.70	24.99
-12.07	25.02
-12.07	25.02
-12.35	24.68
-12.35	24.68
-12.54	24.53
-12.54	24.53
-13.22	24.46
-13.22	24.46
-13.05	24.90
-13.05	24.90
-11.96	25.52
-11.26	25.60
-10.04	25.96
-10.04	25.96
-8.07	26.24
-8.07	26.24
-7.10	26.31
-7.10	26.31
-6.96	26.58
-7.21	26.68
-7.47	26.93
-7.47	26.93
-7.30	27.03
-7.24	27.15
-7.24	27.15
-7.00	27.46
-7.00	27.46
-7.70	28.05
-7.70	28.05
-7.90	28.59
-7.90	28.59
-8.16	29.10
-8.16	29.10
-8.36	29.32
-8.36	29.32
-8.57	28.79
-8.71	28.39
-8.98	27.80
-8.98	27.80
-9.36	26.94
-9.36	26.94
-8.77	26.06
-8.77	26.06
-7.84	25.23
-7.84	25.23
-7.29	24.75
-7.29	24.75
-6.61	24.51
-6.61	24.51
-5.86	24.22
-5.86	24.22
-4.82	23.70
-4.82	23.70
-3.71	23.52
-3.71	23.52
-3.00	22.97
-3.00	22.97
-2.85	22.81
-2.85	22.81
-1.21	23.45
-1.21	23.45
0.57	23.46
0.57	23.46
0.82	23.30
0.82	23.30
0.46	23.01
0.46	23.01
-1.03	22.48
-1.03	22.48
-2.21	22.22
-2.53	22.01
-2.53	22.01
-3.04	21.83
-3.04	21.83
-3.40	21.82
-3.40	21.82
-3.66	22.11
-3.66	22.11
-3.88	22.42
-3.88	22.42
-4.00	22.42
-4.00	22.42
-4.15	22.03
-4.15	22.03
-3.97	21.66
-3.97	21.66
-4.34	21.44
-4.34	21.44
-5.30	21.29
-5.47	21.43
-5.81	21.30
-5.81	21.30
-5.57	20.63
-5.57	20.63
-5.36	19.72
-5.36	19.72
-2.82	17.18
-2.82	17.18
-0.11	11.50
-0.11	11.50
1.56	6.29
1.56	6.29
2.03	-0.10
2.03	-0.10
-1.09	-0.60
-1.09	-0.60
-4.82	1.97
-4.82	1.97
-5.23	3.97
-5.23	3.97
-3.06	6.56
-3.06	6.56
1.37	5.84
1.37	5.84
3.87	4.62
3.87	4.62
4.44	3.22
4.25	3.70
3.37	4.31
3.37	4.31
1.13	5.66
1.13	5.66
-2.26	6.27
-2.26	6.27
-5.48	7.03
-5.48	7.03
-10.06	7.17
-10.06	7.17
-13.33	7.48
-13.66	7.92
-13.72	9.14
-14.05	9.92
-14.59	11.48
-15.76	12.33
-17.17	12.66
-19.29	13.16
-21.94	13.86
-23.83	13.84
-26.57	13.43
-26.57	13.43
-31.75	12.64
-33.18	12.67
-34.00	12.56
-33.90	12.37
-32.84	12.50
-32.84	12.50
-31.87	12.97
-31.99	13.28
-33.79	13.59
-35.64	14.05
-37.89	14.88
-37.89	14.88
-39.84	17.13
-40.17	17.53
-40.17	17.53
-39.87	17.97
-38.69	17.64
-38.69	17.64
-33.21	16.21
-29.03	15.32
-24.46	14.40
-21.41	14.02
-19.23	14.67
-17.87	15.24
-16.51	15.03
-15.91	15.23
-16.11	15.75
-16.27	15.92
-16.48	16.40
-16.75	16.76
-16.99	17.04
-16.98	17.00
-17.00	17.12
-17.03	17.13
-16.84	17.40
-16.73	17.72
-16.59	18.30
-16.58	18.76
-16.58	18.76
-16.77	19.13
-16.99	19.34
-17.33	19.68
-17.70	20.07
-18.50	20.40
-19.38	20.61
-20.25	20.92
-20.66	21.09
-20.66	21.09
-21.11	21.88
-21.36	22.27
-21.70	22.63
-22.00	22.93
-22.17	23.09
-22.56	23.30
-22.78	23.45
-22.92	23.80
-23.02	23.94
-23.25	23.91
-23.75	24.08
-24.30	24.28
-24.67	24.43
-24.67	24.43
-25.93	25.03
-26.53	25.18
-27.21	25.58
-27.73	25.92
-28.26	26.33
-29.05	26.65
-29.76	26.94
-29.99	27.18
-30.20	27.49
-29.96	27.80
-29.84	28.12
-29.64	28.35
-29.41	28.65
-29.39	28.87
-29.53	29.01
-29.80	29.20
-29.94	29.45
-29.97	29.53
-30.09	29.60
-30.46	29.75
-30.82	29.72
-31.24	29.95
-31.71	30.02
-32.10	30.18
-32.59	30.30
-33.13	30.27
-33.31	30.33
-33.34	30.33
-33.26	30.34
-33.40	30.59
-33.34	30.61
-33.44	30.54
-33.67	30.51
-33.73	30.48
-33.60	30.37
-33.59	30.34
-33.65	30.15
-33.55	30.14
-33.68	30.21
-34.00	30.29
-34.60	30.21
-35.28	30.29
-36.10	30.12
-37.80	29.90
-39.62	29.13
-41.65	28.08
-42.44	27.98
-42.95	27.46
-42.87	27.09
-42.24	26.82
-41.59	26.31
-41.05	26.02
-40.82	25.83
-40.90	25.44
-40.91	25.03
-40.34	24.62
-39.14	23.75
-36.52	21.84
-33.22	20.58
-31.06	19.92
-30.58	20.25
-31.07	20.01
-31.31	19.44
-30.75	18.79
-29.54	18.25
-28.62	17.90
-27.69	17.66
-26.31	17.08
-24.82	16.52
-23.32	15.91
-21.66	15.35
-19.92	14.60
-18.23	13.72
-16.47	12.72
-14.81	12.52
-13.40	11.79
-12.23	10.48
-11.43	9.39
-10.49	8.00
-9.52	6.39
-8.60	5.32
-7.72	3.27
-7.27	0.86
-7.15	-0.21
-7.29	-2.04
-7.82	-4.94
-8.59	-6.62
-9.21	-7.91
-9.50	-9.36
-9.51	-9.95
-9.56	-10.73
-9.35	-11.07
