39.56	-2.82
39.62	-2.81
39.62	-2.81
39.56	-2.81
39.56	-2.81
39.55	-2.79
39.55	-2.79
39.45	-2.79
39.56	-2.80
39.50	-2.65
39.53	-2.79
39.54	-2.79
39.51	-2.62
39.47	-2.72
39.49	-2.86
39.48	-2.89
39.56	-3.08
39.62	-3.01
39.76	-2.90
39.70	-2.94
39.54	-3.01
39.32	-2.94
39.38	-2.83
39.38	-2.83
39.54	-2.86
39.51	-2.49
39.53	-2.47
39.40	-2.54
39.45	-2.67
39.46	-2.88
39.48	-2.89
39.48	-2.88
39.48	-2.88
39.59	-2.43
39.47	-2.16
39.32	-2.02
39.04	-1.97
39.09	-1.98
39.04	-1.96
39.06	-2.07
39.08	-1.86
38.71	-1.80
38.28	-1.86
38.08	-1.74
37.93	-1.65
37.63	-1.51
37.40	-1.70
37.16	-1.62
36.83	-1.57
36.53	-1.57
36.26	-1.56
36.04	-1.52
35.61	-1.48
35.61	-1.48
34.66	-1.42
34.05	-1.42
34.05	-1.42
32.83	-1.25
32.04	-1.27
31.35	-1.25
30.65	-1.22
29.95	-1.33
29.57	-1.41
28.95	-1.45
28.53	-1.61
28.25	-1.59
27.86	-1.62
27.55	-1.66
27.04	-1.62
26.69	-1.69
26.33	-1.76
25.92	-2.02
25.53	-2.32
24.99	-3.12
24.32	-3.12
23.96	-2.95
23.73	-2.93
23.68	-2.94
23.60	-3.02
23.62	-3.48
23.52	-3.64
23.37	-3.73
23.32	-3.81
23.58	-3.97
23.16	-4.17
23.23	-4.80
23.20	-4.75
23.20	-4.75
24.44	-4.28
24.44	-4.28
23.41	-3.75
22.89	-3.88
22.58	-4.11
22.27	-3.95
21.82	-3.56
21.99	-2.27
22.52	-0.84
23.54	-0.62
23.66	-0.43
23.04	-0.27
22.19	0.03
21.31	-0.58
20.78	-1.17
21.01	-1.80
21.37	-2.12
21.45	-2.70
21.25	-3.64
20.95	-4.74
20.50	-3.95
20.32	-3.59
19.75	-2.77
18.95	-2.32
18.61	-2.47
18.14	-2.67
17.65	-3.39
17.21	-3.45
16.82	-3.97
16.13	-4.25
15.71	-5.04
15.30	-4.40
15.07	-4.23
14.82	-3.84
14.51	-3.85
14.44	-3.41
14.58	-2.84
14.63	-2.18
14.27	-1.89
14.03	-1.68
13.46	-1.55
12.76	-1.59
12.36	-1.25
12.25	-0.93
12.02	-0.81
11.95	-0.81
11.79	-0.99
11.85	-1.42
11.77	-1.55
11.84	-1.90
11.95	-2.21
12.21	-2.28
12.36	-2.27
12.78	-2.42
13.11	-2.51
13.23	-2.24
13.17	-2.00
13.41	-1.99
13.41	-1.99
13.80	-1.77
14.07	-1.97
14.19	-1.93
14.21	-2.21
14.40	-2.49
14.41	-2.71
14.29	-2.88
14.37	-2.87
14.40	-2.80
14.63	-2.54
14.87	-2.70
14.90	-2.89
15.11	-2.83
14.86	-2.77
14.65	-2.97
14.54	-2.71
14.55	-2.91
14.76	-3.14
14.87	-2.89
14.80	-2.82
14.60	-2.95
14.50	-3.03
14.59	-2.91
14.60	-2.74
14.67	-2.83
14.54	-2.62
14.38	-2.92
14.45	-3.02
14.53	-3.10
14.53	-3.10
14.59	-3.25
14.47	-3.17
14.33	-3.10
13.99	-2.97
13.91	-3.03
14.04	-3.13
14.08	-3.11
14.06	-3.20
13.91	-3.31
13.56	-3.20
13.10	-3.13
12.79	-3.21
12.64	-3.27
12.65	-3.29
12.62	-3.42
12.72	-3.18
12.70	-3.06
12.27	-3.05
11.76	-3.00
11.50	-2.99
11.26	-2.84
11.23	-2.99
10.96	-2.75
10.55	-2.52
10.43	-2.74
10.30	-2.86
10.47	-2.57
10.42	-2.81
10.11	-2.93
9.66	-2.61
9.30	-2.56
9.08	-2.65
8.91	-2.43
8.77	-2.71
8.74	-2.52
8.59	-2.64
8.54	-2.77
8.43	-2.52
8.26	-2.79
8.12	-2.86
8.03	-2.80
7.79	-3.01
7.59	-3.06
7.59	-3.09
7.43	-2.99
7.43	-2.99
7.17	-2.90
6.90	-2.92
6.41	-2.92
6.13	-3.00
5.66	-3.09
5.44	-2.98
5.15	-3.04
4.69	-3.05
4.24	-3.06
3.90	-3.05
3.48	-3.15
3.10	-3.13
2.65	-3.03
2.65	-3.03
2.10	-3.02
1.87	-3.18
1.68	-3.12
1.39	-3.27
1.26	-3.24
1.13	-3.25
1.06	-3.33
0.91	-3.29
0.63	-3.47
0.57	-3.50
0.18	-3.56
0.18	-3.66
0.08	-3.69
-0.09	-3.58
-0.28	-3.58
-0.37	-3.55
-0.56	-3.67
-0.70	-3.69
-1.11	-3.68
-1.35	-3.53
-1.66	-3.54
-1.91	-3.54
-2.21	-3.44
-2.42	-3.43
-2.66	-3.37
-3.03	-3.55
-3.10	-3.61
-3.20	-3.48
-3.43	-3.63
-3.43	-3.63
-3.68	-3.44
-3.68	-3.44
-4.04	-3.44
-4.07	-3.48
-4.01	-3.58
-4.01	-3.58
-3.98	-3.53
-3.98	-3.53
-3.78	-3.64
-3.69	-3.74
-3.57	-3.68
-3.38	-3.65
-3.30	-3.66
-3.30	-3.66
-3.25	-3.69
-3.22	-3.63
-3.06	-3.52
-2.99	-3.42
-2.86	-3.52
-2.81	-3.46
-2.66	-3.42
-2.60	-3.34
-2.48	-3.30
-2.44	-3.23
-2.30	-3.16
-2.30	-3.11
-2.24	-3.08
-2.30	-3.07
-2.37	-3.03
-2.37	-3.03
-2.35	-2.98
-2.38	-2.99
-2.33	-2.92
-2.34	-2.88
-2.34	-2.85
-2.42	-2.96
-2.30	-3.00
-2.39	-2.89
-2.39	-2.95
-2.32	-2.98
-2.15	-3.03
-2.21	-3.22
-2.23	-3.22
-2.24	-3.17
-2.16	-3.30
-2.10	-3.33
-2.11	-3.27
-2.10	-3.34
-2.15	-3.30
-2.12	-3.38
-2.01	-3.46
-1.88	-3.52
-1.84	-3.63
-1.93	-3.83
-1.86	-4.06
-1.57	-4.30
-1.27	-4.49
-0.97	-4.61
-0.96	-4.96
-0.96	-4.96
-0.37	-6.04
0.03	-6.46
0.59	-7.57
0.94	-8.07
1.23	-8.83
1.35	-9.83
1.39	-10.30
1.60	-10.89
1.83	-11.28
2.18	-11.91
2.45	-12.49
2.68	-13.42
2.92	-14.13
3.36	-14.04
3.59	-14.11
3.53	-14.46
3.61	-14.31
3.66	-14.28
3.84	-14.68
4.08	-14.87
4.26	-15.41
4.48	-16.34
4.79	-16.47
5.00	-16.24
5.33	-16.30
5.73	-16.54
5.90	-16.63
6.27	-17.00
6.44	-17.36
6.44	-17.36
7.17	-17.91
7.41	-18.17
7.41	-18.17
7.93	-18.30
7.93	-18.30
8.76	-18.68
9.05	-19.04
9.05	-19.04
9.80	-19.29
10.24	-19.55
10.70	-19.40
11.09	-19.26
11.50	-19.43
12.05	-19.30
12.54	-19.27
13.06	-19.29
13.47	-19.18
13.94	-19.19
14.35	-19.21
14.84	-19.23
15.30	-19.21
15.61	-19.13
16.07	-19.22
16.44	-19.07
16.84	-18.84
17.27	-19.09
17.68	-19.01
18.12	-18.89
18.68	-18.81
19.07	-18.62
19.50	-18.60
19.88	-18.65
20.36	-18.51
20.69	-18.45
21.00	-18.59
21.15	-18.39
21.37	-18.31
21.57	-18.31
21.78	-18.07
22.03	-17.91
22.12	-17.76
22.27	-17.60
22.21	-17.46
22.40	-17.44
22.37	-17.50
22.38	-17.29
22.55	-17.26
22.49	-17.14
22.33	-17.01
22.17	-16.98
22.11	-16.71
22.17	-16.69
22.11	-17.14
21.58	-17.77
21.01	-18.06
20.57	-16.95
20.95	-16.10
21.00	-15.75
20.99	-15.96
20.82	-15.56
20.71	-15.07
20.74	-14.56
21.06	-14.24
21.39	-14.17
21.89	-14.72
22.26	-15.24
22.81	-15.75
23.17	-16.21
23.52	-16.15
23.60	-15.87
24.68	-15.23
25.21	-15.22
25.66	-14.75
25.69	-14.91
25.66	-14.84
25.07	-14.71
25.16	-14.69
25.18	-14.89
25.28	-14.90
25.72	-14.67
25.99	-14.74
26.29	-14.74
26.55	-14.45
26.52	-14.27
26.58	-13.82
26.42	-13.70
26.67	-13.70
26.70	-13.66
26.89	-13.74
26.97	-13.71
26.98	-13.84
26.99	-13.96
26.94	-13.93
27.10	-13.83
27.05	-13.78
27.12	-13.76
27.12	-13.82
27.22	-13.75
27.51	-13.75
27.69	-13.74
27.83	-13.66
28.02	-13.68
28.22	-13.56
28.22	-13.56
28.78	-13.45
29.16	-13.23
29.56	-13.27
30.04	-13.28
30.42	-13.34
30.74	-13.30
31.09	-13.38
31.47	-13.16
31.81	-13.15
32.36	-13.04
32.80	-12.83
33.32	-12.72
33.86	-12.77
34.19	-12.64
34.68	-12.70
35.17	-12.61
35.69	-12.59
36.15	-12.37
36.47	-12.23
36.83	-12.08
37.19	-12.12
37.53	-11.92
37.86	-11.86
37.96	-11.89
38.15	-11.86
38.23	-11.83
38.39	-11.72
38.66	-11.61
38.88	-11.46
39.06	-11.41
39.29	-11.25
39.67	-11.33
39.94	-11.30
40.37	-11.36
40.80	-11.38
41.11	-11.35
41.37	-11.37
41.42	-11.31
41.52	-11.29
41.80	-11.09
42.01	-11.18
42.50	-11.31
42.88	-11.44
43.39	-11.64
43.82	-11.67
44.44	-11.53
45.24	-11.56
45.90	-11.49
46.46	-11.47
46.97	-11.42
47.30	-11.45
47.85	-11.48
48.39	-11.63
48.89	-11.53
49.41	-11.52
49.95	-11.46
50.58	-11.35
51.09	-11.31
51.61	-11.31
52.06	-11.32
52.59	-11.23
53.18	-11.22
53.62	-11.23
54.22	-11.13
54.75	-11.08
55.27	-11.22
55.69	-11.12
56.44	-11.10
57.06	-11.05
58.05	-10.96
58.86	-10.92
59.68	-10.92
60.14	-10.92
60.71	-10.99
61.31	-10.95
61.89	-10.93
62.49	-11.11
62.80	-11.03
63.19	-11.04
63.54	-11.01
63.98	-10.93
64.41	-10.90
64.87	-10.95
65.39	-10.84
65.73	-10.77
65.99	-10.79
66.41	-10.80
66.70	-10.86
67.07	-10.86
67.46	-10.84
67.48	-10.77
67.73	-10.71
67.81	-10.60
67.90	-10.71
67.87	-10.70
67.99	-10.72
67.93	-10.71
68.15	-10.65
68.34	-10.58
68.61	-10.66
68.94	-10.60
69.09	-10.71
69.35	-10.69
69.69	-10.70
70.16	-10.81
70.72	-10.86
71.16	-10.89
71.54	-10.88
71.79	-10.83
72.05	-10.77
72.52	-10.79
73.09	-10.85
73.68	-10.85
74.32	-10.77
75.13	-10.62
75.76	-10.66
76.46	-10.67
77.11	-10.73
77.55	-10.71
78.18	-10.81
78.81	-10.86
79.33	-10.79
79.84	-10.84
80.52	-10.76
81.03	-10.67
81.62	-10.68
82.27	-10.55
82.82	-10.51
83.46	-10.50
83.97	-10.50
84.35	-10.52
84.69	-10.56
84.97	-10.48
85.13	-10.44
85.45	-10.48
85.78	-10.32
86.11	-10.34
86.37	-10.32
86.57	-10.36
86.51	-10.49
86.60	-10.49
86.70	-10.59
86.95	-10.56
87.08	-10.57
87.16	-10.66
87.24	-10.64
87.42	-10.74
87.46	-10.81
87.65	-10.86
87.82	-10.86
88.11	-10.98
88.39	-10.92
88.83	-10.82
89.23	-10.79
89.47	-10.83
89.64	-10.81
89.78	-10.81
89.88	-10.76
90.26	-10.64
90.77	-10.56
91.20	-10.52
91.99	-10.48
92.70	-10.47
93.19	-10.48
93.76	-10.50
94.45	-10.66
95.23	-10.63
95.95	-10.62
96.66	-10.61
97.33	-10.54
97.94	-10.52
98.48	-10.58
99.07	-10.53
99.58	-10.49
100.11	-10.52
100.61	-10.44
101.00	-10.40
101.51	-10.40
102.02	-10.32
102.56	-10.49
103.06	-10.46
103.68	-10.51
104.27	-10.40
105.11	-10.37
105.64	-10.31
106.20	-10.27
106.67	-10.32
107.19	-10.27
107.65	-10.41
108.20	-10.32
108.62	-10.32
109.11	-10.12
109.54	-9.96
110.06	-9.62
110.59	-9.36
111.09	-8.79
112.02	-8.11
112.78	-7.16
113.78	-6.40
114.50	-5.44
115.03	-4.51
115.49	-4.08
115.89	-3.68
116.49	-3.16
116.91	-2.87
117.49	-2.89
117.77	-2.58
118.04	-2.12
118.34	-1.81
118.76	-1.43
119.07	-1.26
119.43	-0.89
119.77	-0.40
120.27	0.17
120.86	0.87
121.38	1.34
121.70	1.76
122.07	2.04
122.23	2.29
122.55	2.28
122.61	2.34
123.04	2.03
123.41	1.80
123.79	1.72
124.15	1.87
124.39	2.21
124.62	2.48
124.94	2.60
125.39	2.75
125.86	2.86
126.39	3.07
126.87	3.18
127.34	3.29
127.92	3.31
128.38	3.38
128.86	3.36
129.20	3.54
129.72	3.58
130.20	3.68
130.65	3.84
131.28	4.11
131.84	4.21
132.36	4.43
132.77	4.52
133.25	4.58
133.59	4.72
134.00	4.78
134.50	4.99
135.10	5.02
135.54	5.02
135.93	5.07
136.33	5.00
136.84	5.05
137.20	5.00
137.66	5.05
138.19	4.97
138.64	4.98
139.22	4.99
139.42	5.00
139.89	5.16
140.28	5.24
140.59	5.29
140.96	5.35
141.25	5.47
141.54	5.65
141.91	5.77
142.45	5.83
142.88	5.97
143.33	6.11
143.77	6.27
144.30	6.27
144.71	6.17
145.07	6.22
145.28	6.32
145.43	6.40
145.49	6.44
145.42	6.41
145.51	6.34
145.72	6.34
146.09	6.23
146.49	6.23
146.96	6.15
147.16	6.19
147.49	6.23
147.93	6.31
148.29	6.39
148.98	6.41
149.41	6.40
149.97	6.39
150.38	6.26
150.94	6.33
151.39	6.35
151.93	6.28
152.64	6.19
153.10	6.16
153.61	6.24
154.13	6.22
154.63	6.13
155.14	6.07
155.67	5.88
156.26	5.83
156.74	5.77
157.31	5.62
157.77	5.48
158.39	5.38
158.95	5.35
159.45	5.20
159.92	5.10
160.38	4.85
160.87	4.65
161.48	4.41
161.92	4.00
162.30	3.62
162.87	2.91
163.34	2.17
163.97	1.18
164.64	0.17
164.89	-0.71
165.02	-1.34
165.31	-1.94
165.88	-3.01
166.48	-3.69
167.28	-4.67
167.82	-5.72
168.32	-6.00
168.85	-6.55
168.99	-6.64
169.09	-6.67
169.18	-6.87
169.16	-6.75
168.98	-6.84
168.92	-6.85
169.19	-6.89
169.59	-6.88
170.15	-7.01
170.80	-7.33
171.11	-7.36
171.37	-7.58
171.65	-7.91
171.88	-8.21
172.14	-8.43
172.60	-8.67
173.13	-8.87
173.76	-9.92
173.76	-9.92
174.46	-9.68
174.46	-9.68
174.82	-10.00
174.82	-10.00
175.06	-10.71
175.80	-11.55
175.80	-11.55
176.91	-12.56
177.64	-12.40
177.64	-12.40
178.12	-12.41
178.21	-12.42
178.45	-12.56
178.94	-12.75
179.32	-12.94
179.72	-13.60
-179.79	-13.91
-179.27	-14.41
-178.72	-14.80
-178.42	-14.87
-178.34	-15.11
-178.34	-15.11
-178.25	-15.42
-178.17	-16.10
-178.17	-16.10
-177.40	-16.53
-176.80	-16.94
-176.80	-16.94
-176.43	-16.90
-176.76	-16.82
-176.76	-16.82
-176.92	-16.80
-176.84	-16.98
-176.63	-17.07
-176.34	-17.44
-176.34	-17.44
-176.15	-17.72
-176.01	-17.68
-175.98	-17.61
-175.71	-17.31
-175.71	-17.31
-175.49	-17.20
-175.35	-17.01
-175.35	-17.01
-175.20	-17.17
-174.90	-17.15
-174.90	-17.15
-174.50	-17.20
-174.19	-17.20
-174.19	-17.20
-173.87	-17.19
-173.68	-17.15
-173.47	-17.12
-173.61	-17.10
-173.61	-17.10
-173.83	-16.99
-173.83	-16.99
-174.34	-17.24
-174.34	-17.24
-175.23	-17.60
-176.08	-17.80
-176.08	-17.80
-177.26	-17.97
-177.83	-18.00
-177.83	-18.00
-178.68	-17.98
-179.17	-17.82
-179.17	-17.82
-179.77	-17.73
-180.03	-17.39
-180.03	-17.39
-180.06	-17.17
-180.02	-16.95
-180.02	-16.95
180.08	-17.26
179.61	-17.53
179.61	-17.53
179.18	-17.83
178.77	-17.77
178.77	-17.77
178.45	-17.22
178.12	-17.20
178.12	-17.20
177.98	-17.08
177.83	-16.98
177.83	-17.00
177.57	-16.95
177.57	-16.95
177.44	-17.02
177.44	-17.02
177.53	-17.48
177.53	-17.48
177.56	-17.77
177.56	-17.77
177.54	-17.98
177.54	-17.98
177.70	-18.21
177.70	-18.21
177.92	-18.38
177.92	-18.38
177.83	-18.54
177.83	-18.54
177.41	-18.80
177.41	-18.80
177.21	-18.94
177.15	-18.91
177.15	-18.91
177.35	-18.97
177.49	-18.88
177.49	-18.88
177.59	-18.74
177.43	-18.65
177.43	-18.65
177.39	-18.67
177.48	-18.73
177.48	-18.73
177.80	-19.04
178.17	-19.19
178.17	-19.19
178.41	-19.47
178.35	-19.37
178.35	-19.37
178.27	-19.25
178.18	-19.19
178.18	-19.19
178.28	-19.09
178.24	-19.23
178.24	-19.23
178.37	-19.37
178.54	-19.69
178.54	-19.69
178.98	-20.31
179.03	-20.39
179.03	-20.39
179.21	-20.45
179.14	-20.43
179.14	-20.43
179.37	-20.63
179.59	-21.05
179.59	-21.05
179.75	-21.46
179.76	-21.59
179.76	-21.59
179.61	-21.71
179.74	-21.69
179.74	-21.69
179.89	-21.72
179.83	-21.82
179.83	-21.82
179.76	-21.92
179.57	-21.98
179.57	-21.98
179.59	-22.21
179.90	-22.59
179.90	-22.59
180.05	-22.99
-179.89	-23.31
-179.89	-23.31
-179.80	-23.47
179.94	-23.38
179.94	-23.38
179.51	-23.35
179.72	-23.24
179.72	-23.24
179.87	-23.36
180.05	-23.49
180.05	-23.49
180.05	-23.54
-179.87	-23.94
-179.87	-23.94
-179.67	-24.55
-179.67	-24.55
-179.68	-25.32
-179.68	-25.32
-179.58	-25.60
-179.60	-25.55
-179.60	-25.55
-179.31	-25.68
-179.28	-25.77
-179.28	-25.77
-179.30	-25.97
-179.15	-25.92
-179.15	-25.92
-178.99	-26.15
-178.88	-26.43
-178.88	-26.43
-178.81	-26.78
-178.60	-27.49
-178.60	-27.49
-178.02	-28.59
-178.02	-28.56
-178.02	-28.56
-178.93	-28.55
-179.47	-28.68
-179.47	-28.68
-179.60	-29.06
-179.47	-29.78
-179.47	-29.78
-179.43	-30.53
-179.43	-30.53
-179.58	-31.01
-179.58	-31.01
-179.93	-31.24
-179.98	-31.27
-179.98	-31.27
180.09	-31.50
-180.07	-31.80
-180.07	-31.80
-180.01	-32.23
-180.01	-32.23
179.91	-32.86
179.81	-33.01
179.90	-33.26
179.90	-33.26
-179.85	-33.53
-179.85	-33.53
-179.82	-33.48
-179.82	-33.48
-179.85	-33.55
-179.85	-33.55
-179.93	-33.90
-179.93	-33.90
-180.07	-34.12
-180.05	-34.46
-180.05	-34.46
179.97	-34.64
179.97	-34.89
179.97	-34.89
-180.02	-35.13
-180.02	-35.13
-179.83	-35.61
-179.83	-35.61
-179.96	-36.21
-179.96	-36.21
-179.68	-36.76
-179.65	-37.19
-179.65	-37.19
-179.57	-37.62
-179.57	-37.62
-179.39	-38.14
-179.26	-38.57
-179.26	-38.57
-178.91	-38.85
-178.91	-38.85
-178.39	-39.21
-178.39	-39.21
-178.18	-39.47
-178.18	-39.47
-178.21	-39.45
-178.21	-39.45
-178.00	-39.55
-178.00	-39.55
-177.97	-39.95
-177.97	-39.95
-177.69	-40.07
-177.69	-40.07
-177.06	-40.26
-177.06	-40.26
-176.10	-40.31
-175.11	-40.37
-175.11	-40.37
-174.41	-40.36
-173.95	-40.36
-173.29	-40.41
-173.29	-40.41
-172.57	-40.59
-172.10	-40.80
-172.10	-40.80
-171.62	-41.09
-171.62	-41.09
-171.02	-41.47
-171.02	-41.47
-170.46	-41.83
-170.46	-41.83
-169.73	-41.89
-169.73	-41.89
-168.77	-42.21
-168.77	-42.21
-168.19	-42.31
-168.19	-42.31
-167.66	-42.36
-167.66	-42.36
-166.88	-42.77
-166.88	-42.77
-166.42	-42.97
-165.89	-43.16
-165.89	-43.16
-165.23	-43.34
-164.90	-43.57
-164.90	-43.57
-164.32	-43.77
-163.47	-43.94
-163.47	-43.94
-162.64	-44.02
-162.19	-43.76
-162.19	-43.76
-161.36	-43.59
-161.36	-43.59
-159.77	-43.61
-159.77	-43.61
-158.81	-43.50
-158.81	-43.50
-157.43	-43.46
-157.43	-43.46
-156.25	-43.31
-156.25	-43.31
-154.66	-43.12
-154.66	-43.12
-153.57	-43.13
-153.57	-43.13
-152.45	-43.26
-152.45	-43.26
-151.50	-43.41
-151.50	-43.41
-150.69	-43.46
-150.69	-43.46
-150.09	-43.49
-150.09	-43.49
-149.24	-43.56
-149.24	-43.56
-148.74	-43.50
-148.74	-43.50
-147.54	-43.43
-147.54	-43.43
-146.65	-43.41
-145.89	-43.41
-145.89	-43.41
-145.30	-43.40
-144.84	-43.38
-144.84	-43.38
-144.32	-43.39
-143.86	-43.37
-143.86	-43.37
-143.40	-43.36
-143.00	-43.37
-143.00	-43.37
-142.42	-43.44
-142.24	-43.44
-142.24	-43.44
-141.83	-43.38
-141.25	-43.48
-141.25	-43.48
-140.83	-43.45
-140.54	-43.36
-140.54	-43.36
-140.32	-43.35
-140.09	-43.45
-140.09	-43.45
-139.91	-43.53
-139.61	-43.68
-139.61	-43.68
-139.27	-43.78
-138.83	-43.83
-138.83	-43.83
-138.32	-43.78
-137.90	-43.82
-137.90	-43.82
-137.51	-43.96
-137.24	-44.10
-137.24	-44.10
-136.77	-44.16
-136.32	-44.07
-136.32	-44.07
-135.93	-43.98
-135.55	-44.01
-135.55	-44.01
-134.91	-44.07
-134.34	-44.12
-134.34	-44.12
-133.63	-44.23
-133.11	-44.11
-133.11	-44.11
-132.26	-44.04
-131.51	-44.11
-131.51	-44.11
-130.70	-44.15
-130.70	-44.15
-129.25	-44.28
-129.25	-44.28
-128.15	-44.39
-127.60	-44.52
-126.69	-44.43
-126.69	-44.43
-125.42	-44.43
-125.42	-44.43
-124.26	-44.61
-124.26	-44.61
-123.41	-44.76
-123.41	-44.76
-122.20	-44.85
-122.20	-44.85
-121.35	-44.92
-121.35	-44.92
-120.22	-44.83
-120.22	-44.83
-119.13	-45.00
-119.13	-45.00
-118.25	-45.14
-118.25	-45.14
-117.42	-45.20
-117.42	-45.20
-116.74	-45.09
-116.74	-45.09
-116.25	-45.11
-116.25	-45.11
-115.73	-45.23
-115.73	-45.23
-115.04	-45.20
-115.04	-45.20
-114.48	-45.34
-114.48	-45.34
-113.96	-45.29
-113.96	-45.29
-113.66	-45.21
-113.66	-45.21
-113.28	-45.29
-113.28	-45.29
-112.93	-45.38
-112.93	-45.38
-112.70	-45.30
-112.70	-45.30
-112.33	-45.38
-112.33	-45.38
-111.83	-45.23
-111.64	-45.09
-111.64	-45.09
-111.25	-45.02
-111.25	-45.02
-111.12	-45.07
-111.12	-45.07
-110.87	-45.15
-110.87	-45.15
-110.68	-45.30
-110.68	-45.30
-110.45	-45.23
-110.45	-45.23
-110.19	-45.20
-110.19	-45.20
-109.78	-45.19
-109.78	-45.19
-109.52	-45.11
-109.52	-45.11
-109.40	-44.98
-109.40	-44.98
-108.99	-44.97
-108.99	-44.97
-108.97	-44.93
-108.97	-44.93
-108.78	-44.86
-108.78	-44.86
-108.89	-44.81
-108.89	-44.81
-108.83	-44.67
-108.83	-44.67
-108.73	-44.60
-108.73	-44.60
-108.88	-44.54
-108.88	-44.54
-109.02	-44.47
-109.02	-44.47
-108.99	-44.53
-108.99	-44.53
-108.97	-44.49
-108.97	-44.49
-108.82	-44.41
-108.82	-44.41
-108.78	-44.26
-108.78	-44.26
-108.75	-44.24
-108.75	-44.24
-108.82	-44.17
-108.82	-44.17
-108.75	-44.09
-108.75	-44.09
-108.72	-43.98
-108.72	-43.98
-108.60	-43.77
-108.60	-43.77
-108.49	-43.70
-108.49	-43.70
-108.40	-43.76
-108.40	-43.76
-108.39	-43.60
-108.39	-43.60
-108.43	-43.50
-108.43	-43.50
-108.31	-43.37
-108.31	-43.37
-108.20	-43.02
-108.20	-43.02
-108.12	-42.90
-108.12	-42.90
-108.18	-42.52
-108.18	-42.52
-108.12	-42.42
-108.12	-42.42
-108.11	-42.17
-108.11	-42.17
-108.26	-42.00
-108.26	-42.00
-108.21	-41.83
-108.21	-41.83
-108.05	-41.41
-108.05	-41.41
-108.15	-40.94
-108.15	-40.94
-108.11	-40.21
-108.11	-40.21
-108.39	-39.78
-108.39	-39.78
-108.54	-39.34
-108.54	-39.34
-108.81	-38.89
-108.81	-38.89
-108.88	-38.76
-108.88	-38.76
-109.01	-38.24
-109.01	-38.24
-109.01	-37.93
-109.01	-37.93
-109.18	-37.57
-109.18	-37.57
-109.37	-37.08
-109.37	-37.08
-109.27	-36.11
-109.27	-36.11
-108.59	-35.04
-108.59	-35.04
-108.77	-34.50
-108.77	-34.50
-109.37	-33.50
-109.37	-33.50
-109.40	-32.84
-109.40	-32.84
-109.25	-32.60
-109.25	-32.60
-108.80	-32.70
-108.80	-32.70
-108.83	-32.27
-108.83	-32.27
-109.07	-31.78
-109.07	-31.78
-109.35	-31.16
-109.35	-31.16
-109.21	-30.36
-109.21	-30.36
-109.54	-30.01
-109.54	-30.01
-109.76	-29.91
-109.76	-29.91
-109.86	-29.88
-109.86	-29.88
-109.68	-29.97
-109.68	-29.97
-110.01	-29.98
-110.01	-29.98
-109.87	-29.83
-109.87	-29.83
-109.46	-29.75
-109.46	-29.75
-109.48	-29.75
-109.48	-29.75
-109.50	-29.38
-109.50	-29.38
-109.41	-29.09
-109.41	-29.09
-109.45	-28.78
-109.45	-28.78
-109.69	-28.31
-109.69	-28.31
-109.66	-27.78
-109.66	-27.78
-109.72	-27.13
-109.72	-27.13
-109.78	-26.57
-109.78	-26.57
-109.90	-26.20
-109.90	-26.20
-110.02	-25.60
-110.02	-25.60
-110.15	-24.93
-110.15	-24.93
-110.01	-24.19
-110.01	-24.19
-109.96	-23.72
-109.96	-23.72
-109.99	-23.43
-109.99	-23.43
-110.59	-23.54
-110.59	-23.54
-110.54	-23.33
-110.54	-23.33
-110.55	-23.17
-110.55	-23.17
-110.64	-22.67
-110.64	-22.67
-110.58	-22.05
-110.58	-22.05
-110.57	-21.56
-110.57	-21.56
-110.80	-20.63
-110.80	-20.63
-111.33	-19.81
-111.33	-19.81
-111.76	-19.53
-111.76	-19.53
-111.42	-19.49
-111.42	-19.49
-111.18	-18.87
-111.18	-18.87
-110.95	-18.10
-110.95	-18.10
-110.54	-17.70
-110.54	-17.70
-109.79	-17.50
-109.79	-17.50
-108.94	-17.47
-108.94	-17.47
-108.13	-17.05
-108.13	-17.05
-107.30	-16.80
-107.30	-16.80
-106.37	-16.53
-106.37	-16.53
-105.62	-16.76
-105.62	-16.76
-104.93	-16.67
-104.93	-16.67
-104.37	-16.46
-104.37	-16.46
-103.41	-16.29
-103.41	-16.29
-102.64	-16.17
-102.64	-16.17
-102.07	-16.04
-102.07	-16.04
-101.55	-16.01
-101.55	-16.01
-100.97	-16.08
-100.97	-16.08
-100.41	-16.19
-100.41	-16.19
-99.80	-16.08
-99.80	-16.08
-99.06	-16.20
-99.06	-16.20
-98.50	-16.23
-98.50	-16.23
-98.12	-16.32
-98.12	-16.32
-97.73	-16.24
-97.73	-16.24
-96.97	-16.14
-96.97	-16.14
-96.07	-16.15
-96.07	-16.15
-95.85	-15.95
-95.85	-15.95
-95.55	-16.08
-95.55	-16.08
-95.02	-16.25
-95.02	-16.25
-94.14	-16.12
-94.14	-16.12
-93.74	-16.09
-93.74	-16.09
-94.08	-16.22
-94.08	-16.22
-94.30	-16.35
-94.30	-16.35
-94.10	-16.46
-94.10	-16.46
-94.09	-16.36
-94.09	-16.36
-93.86	-16.45
-93.86	-16.45
-94.15	-16.61
-94.15	-16.61
-94.62	-16.62
-94.62	-16.62
-94.90	-16.83
-94.90	-16.83
-95.06	-16.78
-95.06	-16.78
-95.08	-16.96
-95.08	-16.96
-94.94	-17.08
-94.94	-17.08
-94.97	-17.31
-94.97	-17.31
-95.23	-17.62
-95.23	-17.62
-95.45	-17.92
-95.45	-17.92
-95.68	-18.03
-95.68	-18.03
-95.92	-17.99
-95.92	-17.99
-95.99	-18.35
-95.99	-18.35
-96.01	-18.99
-96.01	-18.99
-96.22	-19.46
-96.22	-19.46
-96.59	-19.96
-96.59	-19.96
-96.78	-19.98
-96.78	-19.98
-96.68	-19.77
-96.68	-19.77
-96.48	-19.81
-96.48	-19.81
-96.42	-19.96
-96.42	-19.96
-96.28	-20.50
-96.28	-20.50
-96.21	-20.97
-96.21	-20.97
-96.38	-21.44
-96.38	-21.44
-96.40	-21.56
-96.40	-21.56
-96.18	-21.64
-96.18	-21.64
-96.19	-21.72
-96.19	-21.72
-96.30	-21.66
-96.30	-21.66
-96.36	-21.52
-96.36	-21.52
-96.45	-21.58
-96.45	-21.58
-96.48	-21.63
-96.48	-21.63
-96.53	-21.91
-96.53	-21.91
-96.27	-22.06
-96.27	-22.06
-96.37	-22.42
-96.37	-22.42
-96.40	-22.71
-96.40	-22.71
-95.89	-23.47
-95.89	-23.47
-95.13	-24.32
-95.13	-24.32
-94.40	-25.43
-94.40	-25.43
-93.46	-26.64
-93.46	-26.64
-93.06	-27.65
-93.06	-27.65
-92.81	-28.33
-92.81	-28.33
-92.16	-28.99
-92.16	-28.99
-91.41	-29.33
-91.41	-29.33
-91.06	-29.64
-91.06	-29.64
-90.50	-30.06
-90.50	-30.06
-90.40	-30.54
-90.40	-30.54
-90.21	-30.82
-90.21	-30.82
-90.06	-30.98
-90.06	-30.98
-89.92	-31.01
-89.78	-31.25
-89.78	-31.25
-89.57	-31.70
-89.57	-31.96
-89.57	-31.96
-89.39	-32.39
-89.78	-32.27
-89.78	-32.27
-89.93	-32.11
-89.73	-32.04
-89.73	-32.04
-89.62	-31.94
-89.82	-32.03
-89.82	-32.03
-89.68	-32.13
-89.74	-32.22
-89.74	-32.22
-89.85	-32.04
-89.85	-32.04
-89.99	-31.88
-89.99	-31.88
-89.89	-31.66
-89.89	-31.66
-89.78	-31.55
-89.78	-31.55
-89.82	-31.39
-89.82	-31.39
-89.74	-31.28
-89.74	-31.28
-89.31	-30.65
-89.31	-30.65
-88.94	-29.88
-88.94	-29.88
-88.64	-29.50
-88.64	-29.50
-88.52	-29.36
-88.52	-29.36
-87.96	-28.72
-87.96	-28.72
-87.21	-27.38
-86.62	-26.65
-86.62	-26.65
-86.13	-25.53
-85.92	-24.70
-85.92	-24.70
-85.69	-24.04
-85.81	-23.33
-85.81	-23.33
-85.90	-22.72
-85.79	-22.22
-85.79	-22.22
-85.66	-21.38
-85.66	-21.38
-85.72	-20.29
-85.72	-20.29
-85.56	-18.83
-85.56	-18.83
-85.49	-17.26
-85.49	-17.26
-85.84	-15.79
-85.84	-15.79
-86.10	-14.76
-86.10	-14.76
-85.81	-13.79
-85.81	-13.79
-85.12	-12.64
-85.12	-12.64
-84.82	-11.79
-84.82	-11.79
-84.52	-11.33
-84.33	-10.93
-84.33	-10.93
-84.07	-10.25
-84.07	-10.25
-83.97	-9.39
-83.97	-9.39
-84.51	-8.36
-84.51	-8.36
-84.79	-7.76
-84.79	-7.76
-84.77	-7.26
-84.77	-7.26
-84.68	-6.67
-84.68	-6.67
-85.10	-5.53
-85.10	-5.53
-86.39	-3.71
-86.39	-3.71
-87.37	-1.50
-87.37	-1.50
-88.03	1.32
-88.03	1.32
-89.42	4.65
-89.42	4.65
-90.65	7.72
-90.65	7.72
-90.82	8.95
-90.82	8.95
-91.70	9.33
-91.70	9.33
-93.01	10.24
-93.01	10.24
-93.87	10.49
-93.87	10.49
-94.82	11.41
-94.82	11.41
-95.73	12.20
-95.73	12.20
-96.89	12.98
-96.89	12.98
-98.17	13.92
-98.17	13.92
-99.53	14.77
-99.53	14.77
-100.82	15.26
-100.82	15.26
-101.54	15.62
-101.54	15.62
-100.72	15.80
-100.72	15.80
-99.71	16.29
-99.71	16.29
-99.40	16.60
-99.40	16.60
-99.56	16.89
-99.56	16.89
-98.73	17.13
-98.73	17.13
-98.11	17.81
-98.11	17.81
-97.70	18.41
-97.70	18.41
-97.16	18.69
-97.16	18.69
-96.75	18.68
-96.75	18.68
-95.76	18.62
-95.76	18.62
-94.22	18.94
-94.22	18.94
-92.69	18.62
-92.69	18.62
-91.65	18.39
-91.65	18.39
-90.32	18.15
-90.32	18.15
-89.57	17.95
-89.57	17.95
-88.93	17.87
-88.93	17.87
-88.31	17.84
-88.31	17.84
-87.22	18.10
-87.22	18.10
-86.49	18.14
-86.49	18.14
-85.72	18.11
-85.72	18.11
-85.32	18.09
-85.32	18.09
-85.32	17.93
-85.32	17.93
-85.49	17.84
-85.49	17.84
-85.53	17.73
-85.53	17.73
-85.10	17.81
-85.10	17.81
-85.15	18.07
-85.15	18.07
-84.96	18.09
-84.96	18.09
-84.83	18.00
-84.83	18.00
-84.83	17.85
-84.83	17.85
-84.83	17.66
-84.83	17.66
-84.75	17.78
-84.75	17.78
-84.37	17.89
-84.37	17.89
-84.04	17.93
-84.04	17.93
-83.84	17.85
-83.84	17.85
-83.69	17.84
-83.69	17.84
-83.38	17.77
-83.38	17.77
-83.20	17.59
-83.20	17.59
-82.92	17.48
-82.92	17.48
-82.45	17.61
-82.45	17.61
-82.19	17.63
-82.19	17.63
-81.73	17.75
-81.73	17.75
-81.48	17.68
-81.48	17.68
-81.09	17.49
-81.09	17.49
-80.72	17.63
-80.72	17.63
-80.25	17.56
-80.25	17.56
-79.72	17.63
-79.72	17.63
-78.90	17.66
-78.90	17.66
-78.35	17.82
-78.35	17.82
-78.08	17.76
-78.08	17.76
-77.83	17.54
-77.83	17.54
-77.54	17.49
-77.54	17.49
-77.51	17.37
-77.51	17.37
-77.64	17.58
-77.64	17.58
-77.68	17.54
-77.68	17.54
-77.80	17.58
-77.80	17.58
-77.79	17.53
-77.79	17.53
-77.53	17.48
-77.53	17.48
-77.54	17.38
-77.54	17.38
-77.41	17.31
-77.41	17.31
-77.42	17.23
-77.42	17.23
-77.39	17.22
-77.39	17.22
-77.33	17.27
-77.33	17.27
-77.30	17.11
-77.30	17.11
-77.43	16.99
-77.43	16.99
-77.28	16.91
-77.28	16.91
-77.21	16.88
-77.21	16.88
-77.32	17.04
-77.32	17.04
-77.14	17.29
-77.14	17.29
-77.01	17.33
-77.01	17.33
-76.94	17.25
-76.94	17.25
-76.82	17.17
-76.82	17.17
-76.42	17.11
-76.24	17.06
-75.84	17.09
-75.84	17.09
-75.19	16.81
-75.19	16.81
-74.40	16.68
-74.40	16.68
-73.90	16.69
-73.90	16.69
-73.64	16.59
-73.64	16.59
-73.19	16.74
-73.19	16.74
-72.79	16.69
-72.79	16.69
-72.42	16.67
-72.40	16.68
-72.15	16.68
-71.98	16.59
-71.98	16.59
-71.46	16.46
-71.16	16.43
-71.16	16.43
-70.72	16.29
-70.44	16.28
-70.44	16.28
-70.11	16.09
-70.11	16.09
-69.73	16.08
-69.48	16.07
-69.48	16.07
-69.22	15.95
-69.01	15.88
-68.80	15.87
-68.80	15.87
-68.61	15.91
-68.61	15.91
-68.10	15.86
-68.10	15.86
-67.90	15.87
-67.90	15.87
-67.65	15.82
-67.65	15.82
-67.17	15.73
-67.17	15.73
-66.87	15.74
-66.87	15.74
-66.83	15.64
-66.83	15.64
-66.66	15.59
-66.66	15.59
-66.35	15.49
-66.35	15.49
-66.10	15.40
-66.10	15.34
-66.10	15.34
-65.49	15.23
-65.49	15.23
-65.14	15.13
-65.14	15.13
-64.84	15.08
-64.84	15.08
-64.49	14.98
-64.16	15.03
-64.16	15.03
-63.57	14.79
-63.34	14.85
-63.37	14.82
-62.91	14.72
-62.87	14.71
-62.52	14.62
-62.42	14.59
-62.27	14.46
-62.16	14.39
-62.16	14.39
-61.96	14.12
-61.95	13.94
-61.93	13.99
-61.86	13.87
-61.85	13.85
-61.85	13.85
-61.72	13.71
-61.72	13.71
-61.48	13.47
-61.45	13.28
-61.49	13.11
-61.49	13.11
-61.01	12.87
-61.01	12.87
-60.35	12.45
-60.03	12.33
-59.64	12.04
-59.64	12.04
-58.49	11.23
-58.49	11.23
-57.34	10.19
-57.34	10.19
-56.66	9.33
-56.35	8.90
-56.05	8.56
-56.05	8.56
-54.99	8.23
-54.99	8.23
-54.55	8.20
-54.55	8.20
-55.07	8.24
-55.30	8.23
-55.46	8.39
-55.22	8.41
-55.15	8.38
-55.15	8.38
-55.12	8.38
-55.12	8.38
-55.39	8.10
-55.26	7.91
-55.11	7.44
-55.11	7.44
-54.81	5.97
-54.89	5.04
-55.18	3.72
-55.59	2.87
-55.89	1.70
-56.43	0.63
-56.65	-0.08
-56.82	-1.00
-56.82	-1.00
-57.07	-2.74
-57.07	-2.74
-57.74	-3.64
-57.85	-3.88
-57.78	-3.97
-57.86	-4.18
-57.97	-4.93
-57.97	-4.93
-58.33	-6.92
-58.83	-8.00
-59.02	-8.39
-59.43	-8.60
-59.71	-8.48
-60.32	-8.45
-60.32	-8.45
-61.12	-8.66
-61.12	-8.66
-61.39	-9.19
-61.55	-9.36
-61.64	-9.43
-61.32	-9.51
-61.18	-9.52
-61.01	-9.73
-61.01	-9.73
-61.14	-10.26
-61.14	-10.26
-61.51	-10.72
-61.65	-10.84
-61.65	-10.84
-61.52	-10.83
-61.61	-10.74
-61.61	-10.74
-61.68	-10.86
-61.63	-10.92
-61.39	-11.27
-61.39	-11.27
-61.12	-11.88
-61.12	-11.88
-61.05	-12.83
-61.05	-12.83
-61.35	-13.49
-61.56	-13.61
-62.26	-13.72
-62.26	-13.72
-62.61	-13.79
-62.70	-14.02
-63.01	-14.16
-63.20	-14.24
-63.47	-14.52
-63.47	-14.52
-63.70	-14.75
-63.95	-14.89
-63.95	-14.89
-64.10	-15.00
-64.10	-15.00
-64.29	-15.19
-64.44	-15.43
-64.78	-15.50
-64.94	-15.64
-64.94	-15.64
-65.12	-15.64
-65.12	-15.64
-65.41	-15.73
-65.78	-15.99
-65.78	-15.99
-66.15	-16.30
-66.80	-16.72
-67.66	-17.02
-68.65	-17.34
-69.90	-17.44
-70.65	-17.61
-71.11	-17.65
-71.77	-17.83
-72.11	-17.91
-72.49	-18.03
-73.13	-18.15
-73.13	-18.15
-74.10	-18.48
-74.94	-18.49
-74.94	-18.49
-75.69	-18.65
-75.87	-18.62
-75.87	-18.62
-76.40	-18.76
-76.99	-18.93
-76.99	-18.93
-78.59	-19.52
-78.59	-19.52
-80.48	-20.22
-82.05	-20.79
-82.05	-20.79
-84.58	-21.05
-84.58	-21.05
-85.63	-21.11
-86.18	-21.20
-86.18	-21.20
-86.89	-21.31
-86.77	-21.79
-86.24	-22.15
-85.55	-22.73
-85.09	-22.99
-84.10	-23.61
-84.10	-23.61
-83.70	-24.47
-83.65	-25.12
-83.65	-25.12
-83.97	-25.75
-83.92	-26.27
-83.71	-26.95
-83.17	-28.38
-82.69	-29.31
-82.70	-30.11
-82.44	-31.43
-82.44	-31.43
-81.92	-32.28
-81.75	-32.42
-82.12	-32.80
-82.24	-33.20
-82.24	-33.20
-81.90	-33.59
-81.45	-33.76
-80.87	-34.18
-80.51	-34.22
-80.68	-34.44
-80.68	-34.44
-81.40	-34.32
-81.56	-34.38
-81.46	-34.31
-81.46	-34.31
-81.35	-34.35
-81.52	-34.40
-81.71	-34.38
-81.81	-34.41
-81.81	-34.41
-81.93	-34.37
-82.06	-34.29
-82.13	-34.39
