90.05	0.00
129.44	-13.05
129.44	-13.05
131.86	-14.11
131.86	-14.11
133.29	-12.65
133.29	-12.65
134.12	-12.38
134.12	-12.38
135.19	-13.95
135.19	-13.95
136.20	-13.84
136.20	-13.84
137.52	-10.64
137.52	-10.64
138.74	-11.44
138.74	-11.44
139.23	-12.07
139.23	-12.07
139.44	-11.89
139.44	-11.89
139.37	-11.86
139.37	-11.86
139.54	-11.70
139.54	-11.70
139.92	-11.68
139.92	-11.68
140.60	-12.58
140.60	-12.58
141.02	-13.71
141.02	-13.71
141.01	-13.39
141.01	-13.39
140.58	-13.47
140.58	-13.47
140.66	-14.38
140.66	-14.38
140.97	-15.04
140.97	-15.04
141.60	-15.62
141.60	-15.62
142.65	-16.48
142.65	-16.48
143.68	-17.78
143.68	-17.78
145.31	-17.02
145.31	-17.02
146.85	-17.03
146.85	-17.03
148.68	-17.95
148.68	-17.95
150.63	-19.10
150.63	-19.10
152.21	-19.52
152.21	-19.52
152.92	-19.49
152.92	-19.49
153.37	-19.63
153.37	-19.63
153.56	-19.62
153.56	-19.62
154.72	-19.27
154.72	-19.27
154.72	-19.27
154.72	-19.27
156.03	-19.22
156.03	-19.22
157.45	-18.57
157.45	-18.57
158.23	-18.41
158.23	-18.41
158.83	-19.38
158.83	-19.38
158.89	-20.32
158.89	-20.32
159.19	-20.47
159.19	-20.47
159.50	-20.61
159.50	-20.61
159.74	-20.94
159.74	-20.94
159.70	-21.02
159.70	-21.02
158.67	-20.91
158.67	-20.91
158.35	-21.42
158.35	-21.42
157.90	-21.60
157.90	-21.60
157.92	-21.58
157.92	-21.58
158.18	-21.75
158.18	-21.75
158.17	-21.46
158.17	-21.46
158.21	-21.26
158.21	-21.26
157.54	-20.66
157.54	-20.66
157.15	-20.93
157.15	-20.93
156.74	-20.88
156.74	-20.88
157.55	-20.87
157.55	-20.87
159.15	-21.06
159.15	-21.06
160.74	-20.74
160.74	-20.74
161.66	-21.20
161.66	-21.20
162.94	-20.43
162.94	-20.43
164.61	-18.67
164.61	-18.67
166.04	-17.06
166.04	-17.06
167.37	-16.03
167.37	-16.03
169.09	-15.04
169.09	-15.04
170.73	-13.55
170.73	-13.55
172.56	-12.03
172.56	-12.03
174.14	-10.15
174.14	-10.15
175.43	-8.40
175.43	-8.40
176.29	-6.23
176.29	-6.23
176.90	-4.38
176.90	-4.38
177.31	-2.94
177.31	-2.94
177.53	-1.94
177.53	-1.94
177.19	-1.86
177.19	-1.86
176.63	-1.74
176.63	-1.74
176.02	-1.62
176.02	-1.62
175.38	-1.64
175.38	-1.64
174.82	-2.02
174.82	-2.02
174.60	-2.36
174.60	-2.36
174.18	-2.29
174.18	-2.29
173.95	-2.33
173.95	-2.33
173.86	-2.77
173.86	-2.77
173.64	-3.23
173.64	-3.23
173.60	-3.42
173.60	-3.42
173.48	-3.43
173.48	-3.43
173.20	-2.55
173.20	-2.55
172.49	-2.45
172.49	-2.45
171.88	-2.36
171.88	-2.36
171.26	-2.30
171.26	-2.30
171.07	-1.96
171.07	-1.96
170.91	-1.71
170.91	-1.71
170.59	-1.42
170.59	-1.42
170.26	-1.70
170.26	-1.70
169.75	-2.71
169.75	-2.71
169.36	-3.40
169.36	-3.40
168.77	-4.23
168.77	-4.23
167.91	-5.95
167.91	-5.95
166.56	-8.46
166.56	-8.46
164.82	-11.27
164.82	-11.27
162.01	-13.69
162.01	-13.69
159.40	-16.52
159.40	-16.52
157.48	-18.60
157.48	-18.60
156.30	-20.41
156.30	-20.41
155.85	-21.84
155.85	-21.84
155.68	-22.41
155.68	-22.41
154.47	-24.07
154.47	-24.07
153.80	-25.33
153.80	-25.33
153.72	-25.68
153.72	-25.68
153.55	-25.75
153.55	-25.75
153.70	-25.80
153.70	-25.80
154.19	-26.09
154.19	-26.09
154.47	-26.26
154.47	-26.26
154.55	-26.80
154.55	-26.80
154.62	-27.20
154.62	-27.20
154.17	-26.98
154.17	-26.98
153.21	-26.78
153.21	-26.78
152.59	-26.87
152.59	-26.87
151.86	-27.13
151.86	-27.13
151.20	-27.24
151.20	-27.24
150.60	-27.37
150.60	-27.37
150.45	-27.63
150.45	-27.63
150.18	-27.72
150.18	-27.72
149.91	-26.85
149.91	-26.85
149.46	-25.94
149.46	-25.94
148.62	-25.46
148.62	-25.46
147.43	-25.18
147.43	-25.18
147.05	-25.51
147.05	-25.51
146.73	-26.15
146.73	-26.15
147.26	-26.37
147.26	-26.37
147.18	-26.31
147.18	-26.31
147.25	-26.62
147.25	-26.62
146.80	-26.74
146.80	-26.74
146.49	-27.05
146.49	-27.05
146.40	-27.29
146.40	-27.29
146.40	-27.38
146.40	-27.38
146.46	-27.39
146.46	-27.39
146.52	-27.12
146.52	-27.12
146.25	-26.63
146.25	-26.63
145.25	-26.17
145.25	-26.17
143.41	-24.79
143.41	-24.79
140.67	-22.67
140.67	-22.67
138.54	-21.19
138.54	-21.19
136.88	-19.81
136.88	-19.81
135.75	-18.48
135.75	-18.48
134.84	-17.33
134.84	-17.33
134.26	-16.57
134.26	-16.57
133.14	-15.83
133.14	-15.83
131.41	-15.55
131.41	-15.55
129.40	-15.15
129.40	-15.15
126.20	-14.59
126.20	-14.59
124.32	-14.13
124.32	-14.13
121.82	-13.87
121.82	-13.87
120.05	-13.94
120.05	-13.94
117.94	-13.45
117.94	-13.45
115.66	-13.09
115.66	-13.09
113.51	-13.06
113.51	-13.06
111.91	-13.13
111.91	-13.13
110.36	-13.34
110.36	-13.34
108.43	-13.44
108.43	-13.44
106.38	-13.69
106.38	-13.69
104.32	-14.54
104.32	-14.54
103.71	-15.09
103.71	-15.09
103.60	-15.49
103.60	-15.49
103.82	-15.54
103.82	-15.54
103.85	-15.19
103.85	-15.19
103.62	-15.03
103.62	-15.03
102.97	-15.12
102.97	-15.12
102.40	-15.47
102.40	-15.47
101.78	-15.55
101.78	-15.55
101.59	-15.71
101.59	-15.71
101.33	-15.40
101.33	-15.40
100.91	-15.24
100.91	-15.24
100.18	-15.30
100.18	-15.30
99.82	-15.39
99.82	-15.39
99.44	-15.17
99.44	-15.17
99.40	-15.44
99.40	-15.44
99.72	-15.37
99.72	-15.37
100.28	-14.97
100.28	-14.97
100.79	-14.85
100.79	-14.85
101.08	-14.70
101.08	-14.70
101.21	-14.73
101.21	-14.73
101.04	-14.88
101.04	-14.88
101.14	-15.44
101.14	-15.44
101.22	-16.37
101.22	-16.37
101.14	-14.45
101.14	-14.45
101.10	-9.67
101.10	-9.67
101.48	-6.72
101.48	-6.72
101.73	-6.39
101.73	-6.39
102.10	-8.35
102.10	-8.35
101.64	-11.59
101.64	-11.59
100.92	-12.21
100.92	-12.21
100.67	-10.88
100.67	-10.88
101.15	-9.63
101.15	-9.63
101.86	-9.93
101.86	-9.93
102.69	-11.14
102.69	-11.14
103.07	-11.26
103.07	-11.26
103.05	-11.39
103.05	-11.39
103.05	-11.25
103.05	-11.25
103.25	-11.45
103.25	-11.45
103.84	-11.60
103.84	-11.60
104.45	-11.58
104.45	-11.58
104.99	-11.53
104.99	-11.53
105.73	-11.70
105.73	-11.70
106.68	-11.57
106.68	-11.57
107.88	-11.44
107.88	-11.44
109.10	-11.27
109.10	-11.27
109.67	-11.14
109.67	-11.14
110.05	-11.46
110.05	-11.46
110.33	-12.60
110.33	-12.60
110.79	-13.62
110.79	-13.62
113.09	-9.85
113.09	-9.85
114.92	-8.37
114.92	-8.37
117.08	-8.64
117.08	-8.64
119.17	-9.93
119.17	-9.93
120.72	-8.41
120.72	-8.41
121.79	-7.65
121.79	-7.65
123.19	-8.58
123.19	-8.58
124.24	-9.60
124.24	-9.60
125.17	-6.74
125.17	-6.74
125.75	-7.04
125.75	-7.04
126.34	-8.34
126.34	-8.34
127.36	-6.82
127.36	-6.82
129.13	-5.19
129.13	-5.19
131.04	-4.39
131.04	-4.39
132.42	-3.90
132.42	-3.90
133.46	-3.51
133.46	-3.51
134.04	-3.89
134.04	-3.89
134.09	-4.37
134.09	-4.37
134.11	-4.10
134.11	-4.10
134.62	-3.67
134.62	-3.67
135.42	-3.23
135.42	-3.23
135.91	-2.74
135.91	-2.74
136.30	-2.60
136.30	-2.60
136.33	-2.84
136.33	-2.84
135.73	-3.12
135.73	-3.12
134.72	-3.51
134.72	-3.51
133.44	-3.95
133.44	-3.95
132.25	-4.16
132.25	-4.16
131.02	-4.24
131.02	-4.24
130.01	-4.39
130.01	-4.39
129.16	-4.62
129.16	-4.62
128.31	-4.62
128.31	-4.62
127.48	-4.56
127.48	-4.56
127.02	-4.70
127.02	-4.70
127.36	-4.71
127.36	-4.71
127.46	-4.63
127.46	-4.63
127.31	-4.42
127.31	-4.42
126.99	-4.50
126.99	-4.50
126.90	-4.40
126.90	-4.40
126.75	-4.18
126.75	-4.18
126.76	-4.11
126.76	-4.11
126.80	-3.90
126.80	-3.90
126.99	-3.70
126.99	-3.70
126.90	-3.47
126.90	-3.47
126.64	-3.36
126.64	-3.36
126.36	-3.34
126.36	-3.34
126.09	-3.23
126.09	-3.23
126.22	-3.10
126.22	-3.10
126.65	-2.99
126.65	-2.99
126.28	-3.22
126.28	-3.22
122.17	-3.29
122.17	-3.29
116.80	-3.56
116.80	-3.56
113.19	-3.89
113.19	-3.89
112.14	-4.02
112.14	-4.02
111.31	-3.86
111.31	-3.86
108.89	-3.95
108.89	-3.95
105.87	-4.18
105.87	-4.18
102.85	-4.37
102.85	-4.37
99.88	-4.21
99.88	-4.21
96.10	-4.22
96.10	-4.22
91.75	-4.41
91.75	-4.41
87.93	-5.03
87.93	-5.03
85.50	-5.73
85.50	-5.73
83.99	-6.06
83.99	-6.06
81.60	-6.16
81.60	-6.16
78.27	-7.31
78.27	-7.31
77.62	-8.19
77.62	-8.19
76.90	-8.72
76.90	-8.72
76.45	-9.00
76.45	-9.00
75.80	-9.16
75.80	-9.16
75.09	-9.10
75.09	-9.10
74.36	-9.20
74.36	-9.20
72.92	-9.26
72.92	-9.26
70.97	-9.20
70.97	-9.20
68.60	-8.97
68.60	-8.97
66.39	-8.79
66.39	-8.79
64.32	-8.35
64.32	-8.35
62.33	-7.90
62.33	-7.90
60.73	-8.05
60.73	-8.05
57.90	-8.03
57.90	-8.03
56.83	-8.48
56.83	-8.48
56.09	-8.31
56.09	-8.31
55.34	-7.93
55.34	-7.93
54.50	-7.70
54.50	-7.70
53.86	-8.05
53.86	-8.05
53.29	-7.97
53.29	-7.97
52.65	-7.67
52.65	-7.67
52.04	-7.60
52.04	-7.60
51.53	-7.55
51.53	-7.55
51.13	-7.60
51.13	-7.60
50.62	-7.88
50.62	-7.88
49.95	-8.40
49.95	-8.40
49.22	-8.72
49.22	-8.72
48.35	-8.76
48.35	-8.76
47.59	-8.73
47.59	-8.73
46.77	-8.39
46.77	-8.39
46.56	-8.35
46.56	-8.35
47.16	-8.20
47.16	-8.20
49.61	-8.59
49.61	-8.59
50.43	-6.63
50.43	-6.63
50.20	-4.97
50.20	-4.97
49.45	-5.05
49.45	-5.05
48.35	-6.04
48.35	-6.04
46.91	-6.74
46.91	-6.74
44.88	-7.03
44.88	-7.03
42.56	-6.82
42.56	-6.82
40.38	-6.47
40.38	-6.47
37.38	-6.25
37.38	-6.25
33.54	-6.62
33.54	-6.62
31.05	-7.23
31.05	-7.23
29.99	-7.24
29.99	-7.24
29.33	-7.09
29.33	-7.09
28.51	-6.73
28.51	-6.73
27.70	-6.61
27.70	-6.61
27.15	-6.56
27.15	-6.56
26.83	-6.76
26.83	-6.76
26.40	-7.49
26.40	-7.49
26.09	-7.64
26.09	-7.64
26.11	-7.14
26.11	-7.14
26.56	-7.05
26.56	-7.05
26.94	-7.36
26.94	-7.36
27.56	-7.72
27.56	-7.72
27.90	-7.47
27.90	-7.47
28.08	-7.29
28.08	-7.29
29.49	-7.33
29.49	-7.33
30.42	-6.89
30.42	-6.89
30.72	-6.41
30.72	-6.41
30.95	-6.64
30.95	-6.64
30.93	-6.62
30.93	-6.62
30.86	-6.82
30.86	-6.82
30.82	-6.87
30.82	-6.87
30.87	-7.08
30.87	-7.08
31.26	-7.51
31.26	-7.51
31.79	-7.70
31.79	-7.70
31.83	-7.87
31.83	-7.87
31.97	-8.11
31.97	-8.11
32.17	-8.43
32.17	-8.43
32.58	-8.76
32.58	-8.76
32.85	-9.14
32.85	-9.14
32.98	-9.32
32.98	-9.32
33.03	-9.31
33.03	-9.31
32.94	-9.08
32.94	-9.08
32.47	-9.09
32.47	-9.09
31.80	-9.06
31.80	-9.06
31.02	-9.48
31.02	-9.48
30.73	-9.94
30.73	-9.94
30.74	-10.13
30.74	-10.13
30.96	-9.66
30.96	-9.66
31.43	-9.13
31.43	-9.13
32.28	-8.66
32.28	-8.66
32.66	-8.68
32.66	-8.68
32.89	-8.90
32.89	-8.90
33.17	-8.98
33.17	-8.98
32.78	-9.15
32.78	-9.15
32.05	-9.19
32.05	-9.19
30.36	-9.42
30.36	-9.42
26.56	-9.70
26.56	-9.70
21.56	-10.44
21.56	-10.44
16.55	-11.13
16.55	-11.13
11.79	-12.08
11.79	-12.08
6.85	-12.48
6.85	-12.48
2.75	-12.33
2.75	-12.33
-0.70	-12.48
-0.70	-12.48
-3.94	-12.45
-3.94	-12.45
-6.79	-12.74
-6.79	-12.74
-11.76	-12.47
-11.76	-12.47
-15.26	-12.49
-15.26	-12.49
-18.91	-13.14
-18.91	-13.14
-22.08	-13.37
-22.08	-13.37
-24.83	-13.40
-24.83	-13.40
-27.22	-13.07
-27.22	-13.07
-28.46	-12.97
-28.46	-12.97
-29.07	-13.27
-29.07	-13.27
-29.56	-13.39
-29.56	-13.39
-28.82	-12.76
-28.82	-12.76
-23.14	-11.46
-23.14	-11.46
-19.21	-11.57
-19.21	-11.57
-14.60	-11.43
-14.60	-11.43
-6.88	-11.82
-6.88	-11.82
5.18	-11.94
5.18	-11.94
15.54	-12.82
15.54	-12.82
28.15	-13.86
28.15	-13.86
39.53	-14.04
39.53	-14.04
57.78	-13.51
57.78	-13.51
66.55	-12.88
66.55	-12.88
74.53	-12.86
74.53	-12.86
81.33	-13.60
81.33	-13.60
88.72	-13.54
88.72	-13.54
95.77	-13.66
95.77	-13.66
101.54	-14.14
101.54	-14.14
107.35	-13.59
107.35	-13.59
111.70	-10.97
111.70	-10.97
115.57	-9.64
115.57	-9.64
118.81	-12.01
118.81	-12.01
121.08	-12.91
121.08	-12.91
123.24	-10.19
123.24	-10.19
125.28	-7.71
125.28	-7.71
127.16	-7.13
127.16	-7.13
127.89	-8.64
127.89	-8.64
127.80	-11.05
127.80	-11.05
127.55	-11.73
127.55	-11.73
127.63	-7.61
127.63	-7.61
127.53	-5.19
127.53	-5.19
128.29	-3.89
128.29	-3.89
129.29	-3.45
129.29	-3.45
129.71	-2.44
129.71	-2.44
129.91	-1.01
129.91	-1.01
130.50	-0.71
130.50	-0.71
131.52	-1.30
131.52	-1.30
133.73	-0.96
133.73	-0.96
137.81	1.37
137.81	1.37
143.43	5.25
143.43	5.25
150.24	10.15
150.24	10.15
157.85	13.20
157.85	13.20
169.31	14.38
169.31	14.38
173.99	14.28
173.99	14.28
178.11	13.90
178.11	13.90
-178.93	13.52
-178.93	13.52
-175.54	12.79
-175.54	12.79
-172.66	11.97
-172.66	11.97
-169.32	11.68
-169.32	11.68
-165.54	12.00
-165.54	12.00
-161.65	11.89
-161.65	11.89
-159.98	11.09
-159.98	11.09
-157.78	10.16
-157.78	10.16
-153.76	9.48
-153.76	9.48
-149.09	8.46
-149.09	8.46
-144.11	7.07
-144.11	7.07
-138.60	5.85
-138.60	5.85
-132.91	4.84
-132.91	4.84
-127.22	3.54
-127.22	3.54
-127.22	3.54
-127.22	3.54
-123.12	1.71
-123.12	1.71
-118.64	-0.41
-118.64	-0.41
-113.36	-2.14
-113.36	-2.14
-108.02	-3.14
-108.02	-3.14
-104.43	-4.13
-104.43	-4.13
-101.27	-5.22
-101.27	-5.22
-97.96	-6.18
-97.96	-6.18
-96.15	-6.56
-96.15	-6.56
-95.51	-6.77
-95.51	-6.77
-95.41	-7.79
-95.41	-7.79
-95.34	-8.27
-95.34	-8.27
-94.37	-9.17
-94.37	-9.17
-94.83	-9.67
-94.83	-9.67
-95.09	-9.62
-95.09	-9.62
-95.42	-9.54
-95.42	-9.54
-95.70	-9.62
-95.70	-9.62
-96.29	-9.76
-96.29	-9.76
-97.09	-9.83
-97.09	-9.83
-97.88	-9.89
-97.88	-9.89
-98.83	-10.43
-98.83	-10.43
-99.25	-10.77
-99.25	-10.77
-99.68	-11.23
-99.68	-11.23
-100.14	-11.71
-100.14	-11.71
-100.59	-12.59
-100.59	-12.59
-101.16	-12.89
-101.16	-12.89
-101.79	-13.09
-101.79	-13.09
-102.63	-13.28
-102.63	-13.28
-102.80	-13.12
-102.80	-13.12
-102.66	-12.99
-102.66	-12.99
-102.68	-13.24
-102.68	-13.24
-103.11	-13.26
-103.11	-13.26
-104.15	-13.68
-104.15	-13.68
-105.78	-15.03
-105.78	-15.03
-110.06	-18.95
-110.06	-18.95
-116.93	-24.47
-116.93	-24.47
-125.28	-29.14
-125.28	-29.14
-138.76	-34.74
-138.76	-34.74
-141.79	-35.28
-141.79	-35.28
-145.55	-35.71
-145.55	-35.71
-148.36	-37.02
-148.36	-37.02
-149.44	-37.53
-149.44	-37.53
-149.49	-37.20
-149.49	-37.20
-150.63	-37.49
-150.63	-37.49
-152.61	-39.67
-152.61	-39.67
-154.37	-42.48
-154.37	-42.48
-156.03	-45.85
-156.03	-45.85
-157.87	-51.48
-157.87	-51.48
-160.92	-60.41
-160.92	-60.41
-162.88	-65.16
-162.88	-65.16
-166.23	-69.18
-166.23	-69.18
-169.63	-71.79
-169.63	-71.79
-176.29	-75.62
-176.29	-75.62
175.58	-76.21
175.58	-76.21
169.25	-77.24
169.25	-77.24
161.92	-75.70
161.92	-75.70
158.31	-75.66
158.31	-75.66
157.21	-74.82
157.21	-74.82
156.05	-74.28
156.05	-74.28
151.36	-74.34
151.36	-74.34
148.70	-74.14
148.70	-74.14
146.22	-73.61
146.22	-73.61
145.00	-73.44
145.00	-73.44
142.46	-73.17
142.46	-73.17
141.81	-71.95
141.81	-71.95
138.42	-71.69
138.42	-71.69
132.09	-71.69
132.09	-71.69
123.69	-71.62
123.69	-71.62
115.70	-71.71
115.70	-71.71
107.41	-72.96
107.41	-72.96
102.53	-73.76
102.53	-73.76
97.73	-73.93
97.73	-73.93
88.27	-75.96
88.27	-75.96
84.64	-76.38
84.64	-76.38
80.45	-77.66
80.45	-77.66
77.04	-78.91
77.04	-78.91
75.02	-79.55
75.02	-79.55
68.85	-79.51
68.85	-79.51
63.92	-80.00
63.92	-80.00
59.76	-79.77
59.76	-79.77
53.66	-79.77
53.66	-79.77
43.61	-79.95
43.61	-79.95
36.22	-80.70
36.22	-80.70
34.07	-80.98
34.07	-80.98
33.19	-81.62
33.19	-81.62
36.31	-81.36
36.31	-81.36
38.67	-81.28
38.67	-81.28
40.47	-81.15
38.09	-81.47
36.34	-81.68
35.03	-80.71
35.03	-80.71
34.48	-80.55
34.48	-80.55
37.29	-81.08
37.29	-81.08
37.29	-81.08
39.96	-80.82
39.96	-80.82
39.07	-80.17
39.07	-80.17
33.86	-80.06
33.86	-80.06
31.61	-80.59
31.61	-80.59
33.61	-81.01
33.61	-81.01
34.59	-81.05
34.59	-81.05
35.19	-80.69
35.99	-80.45
35.99	-80.45
35.99	-80.45
36.43	-80.39
36.43	-80.39
36.90	-80.52
36.90	-80.52
36.51	-80.57
36.51	-80.57
37.75	-80.05
37.75	-80.05
36.66	-80.49
36.66	-80.49
35.66	-80.02
35.66	-80.02
34.62	-79.95
34.62	-79.95
33.30	-79.95
33.30	-79.95
35.05	-80.04
35.05	-80.04
35.49	-79.64
35.49	-79.64
35.15	-79.81
35.15	-79.81
35.15	-79.81
33.82	-80.34
33.82	-80.34
33.66	-80.25
33.66	-80.25
33.61	-79.97
33.61	-79.97
32.48	-79.70
32.48	-79.70
32.28	-79.64
32.28	-79.64
33.53	-79.28
33.53	-79.28
33.69	-78.91
33.69	-78.91
33.65	-78.24
33.65	-78.24
34.51	-77.24
34.51	-77.24
43.48	-72.49
43.48	-72.49
50.09	-68.14
50.09	-68.14
55.50	-62.14
55.50	-62.14
61.04	-55.41
61.04	-55.41
67.34	-46.96
67.34	-46.96
73.04	-39.19
73.04	-39.19
78.69	-33.65
78.69	-33.65
84.74	-28.60
84.74	-28.60
90.99	-23.87
90.99	-23.87
95.78	-19.60
95.78	-19.60
98.47	-16.08
98.47	-16.08
101.25	-12.26
101.25	-12.26
104.27	-10.25
104.27	-10.25
107.41	-8.41
107.41	-8.41
109.37	-7.82
109.37	-7.82
110.45	-7.44
110.45	-7.44
112.69	-5.98
112.69	-5.98
115.18	-5.81
115.18	-5.81
118.22	-5.81
118.22	-5.81
120.98	-5.78
120.98	-5.78
123.67	-5.31
123.67	-5.31
126.35	-5.13
126.35	-5.13
128.36	-5.78
128.36	-5.78
130.00	-4.78
130.00	-4.78
130.16	-5.43
130.16	-5.43
130.12	-6.60
130.12	-6.60
130.35	-4.78
130.35	-4.78
131.74	-2.53
131.74	-2.53
133.22	-2.89
133.22	-2.89
133.13	-3.90
133.13	-3.90
133.26	-2.46
133.26	-2.46
133.66	-0.95
133.66	-0.95
133.94	-1.63
133.94	-1.63
133.86	-2.74
133.86	-2.74
133.65	-2.52
133.65	-2.52
133.86	-0.00
133.86	-0.00
134.26	1.95
134.26	1.95
135.54	3.90
135.54	3.90
137.10	4.63
137.10	4.63
138.99	5.49
138.99	5.49
140.49	5.78
140.49	5.78
142.05	6.56
142.05	6.56
142.98	6.44
142.98	6.44
145.24	5.41
145.24	5.41
146.72	5.10
146.72	5.10
148.06	5.28
148.06	5.28
149.62	6.07
149.62	6.07
152.85	6.32
152.85	6.32
160.45	6.60
160.45	6.60
166.27	6.15
166.27	6.15
170.04	6.11
170.04	6.11
172.81	5.90
172.81	5.90
174.46	5.18
174.46	5.18
175.87	4.60
175.87	4.60
176.73	3.71
176.73	3.71
178.28	3.64
178.28	3.64
-179.78	4.38
-179.78	4.38
-178.55	3.65
-178.55	3.65
-178.24	2.37
-178.24	2.37
-177.19	2.26
-177.19	2.26
-174.80	3.18
-174.80	3.18
-173.36	3.02
-173.36	3.02
-172.18	2.88
-172.18	2.88
-169.63	3.10
-168.53	3.17
-167.89	3.23
-166.85	3.30
-166.85	3.30
-166.85	3.30
-165.49	2.77
-165.49	2.77
-163.14	2.60
-163.14	2.60
-161.15	2.54
-161.15	2.54
-160.23	2.49
-160.23	2.49
-160.11	2.92
-160.11	2.92
-159.91	4.11
-159.91	4.11
-159.74	5.00
-159.74	5.00
-159.54	5.68
-159.54	5.68
-159.74	6.25
-159.74	6.25
-159.89	6.71
-159.89	6.71
-159.89	7.29
-159.89	7.29
-159.77	7.73
-159.77	7.73
-159.76	8.15
-159.76	8.15
-159.91	8.75
-159.91	8.75
-160.01	9.34
-160.01	9.34
-160.42	9.26
-160.42	9.26
-161.04	9.56
-161.04	9.56
-163.48	9.60
-163.48	9.60
-166.91	9.69
-166.91	9.69
-170.44	10.15
-170.44	10.15
-173.12	10.62
-173.12	10.62
-175.00	11.92
-175.00	11.92
-176.27	12.76
-176.27	12.76
-177.67	13.02
-177.67	13.02
-179.25	13.10
-179.25	13.10
179.16	13.01
179.16	13.01
178.68	13.08
178.68	13.08
178.01	12.79
178.01	12.79
175.92	12.33
175.92	12.33
173.02	11.20
173.02	11.20
169.69	10.24
169.69	10.24
169.69	10.24
166.16	10.43
166.16	10.43
163.48	10.40
163.48	10.40
161.72	10.23
161.72	10.23
159.61	9.79
159.61	9.79
158.82	10.16
158.82	10.16
158.37	10.11
158.37	10.11
158.38	10.26
158.38	10.26
158.72	10.10
158.72	10.10
158.62	9.82
158.62	9.82
158.38	9.45
158.22	9.33
158.22	9.33
158.10	9.28
158.10	9.28
157.95	9.41
157.95	9.41
158.18	9.32
158.18	9.32
158.30	9.32
158.30	9.32
158.41	9.23
158.41	9.23
158.49	9.09
158.49	9.09
158.81	8.90
158.81	8.90
159.15	8.99
159.15	8.99
159.50	8.86
159.50	8.86
159.84	9.06
159.84	9.06
160.39	9.18
160.39	9.18
160.87	9.09
160.87	9.09
161.70	8.45
161.70	8.45
162.59	8.03
162.59	8.03
163.02	7.76
163.02	7.76
163.14	7.70
163.14	7.70
163.51	7.77
163.51	7.77
164.35	7.86
164.35	7.86
167.37	7.59
167.37	7.59
174.64	7.34
174.64	7.34
-178.39	7.03
-178.39	7.03
-172.82	6.96
-172.82	6.96
-167.90	6.74
-167.90	6.74
-166.96	6.61
-166.96	6.61
-166.68	6.22
-166.68	6.22
-166.52	5.78
-166.52	5.78
-165.19	5.30
-165.19	5.30
-163.00	4.39
-163.00	4.39
-160.92	2.88
-160.92	2.88
-158.60	1.25
-158.60	1.25
-156.76	-0.32
-156.76	-0.32
-154.91	-1.53
-154.91	-1.53
-153.61	-2.41
-153.61	-2.41
-152.63	-2.81
-152.63	-2.81
-151.70	-2.94
-151.70	-2.94
-150.64	-3.30
-150.64	-3.30
-149.78	-3.61
-149.78	-3.61
-149.04	-3.79
-149.04	-3.79
-148.21	-3.92
-148.21	-3.92
-147.77	-4.14
-147.77	-4.14
-147.96	-4.39
-147.96	-4.39
-147.92	-4.46
-147.92	-4.46
-147.51	-4.76
-147.51	-4.76
-146.53	-4.67
-146.53	-4.67
-145.53	-4.70
-145.53	-4.70
-144.65	-4.90
-143.69	-4.72
-143.69	-4.72
-142.53	-4.75
-142.53	-4.75
-140.74	-4.54
-140.74	-4.54
-138.29	-4.44
-138.29	-4.44
-135.22	-4.30
-135.22	-4.30
-132.77	-4.36
-132.77	-4.36
-130.81	-4.38
-130.81	-4.38
-129.30	-4.17
-129.30	-4.17
-128.10	-4.21
-126.48	-4.37
-124.44	-4.25
-122.14	-4.26
-120.56	-4.41
-120.56	-4.41
-119.48	-4.90
-119.48	-4.90
-118.93	-4.75
-118.93	-4.75
-119.13	-4.84
-119.13	-4.84
-120.03	-4.81
-120.03	-4.81
-121.09	-4.75
-121.09	-4.75
-121.75	-4.73
-121.75	-4.73
-122.06	-4.63
-122.06	-4.63
-122.65	-4.56
-122.65	-4.56
-122.82	-4.45
-122.82	-4.45
-122.88	-4.24
-122.88	-4.24
-123.21	-4.39
-123.21	-4.39
-123.28	-4.56
-123.28	-4.56
-123.53	-4.44
-123.53	-4.44
-123.89	-4.36
-123.89	-4.36
-124.47	-4.46
-124.47	-4.46
-127.21	-4.39
-127.21	-4.39
-130.40	-3.76
-130.40	-3.76
-130.40	-3.76
-136.02	-1.72
-136.02	-1.72
-141.74	0.02
-141.74	0.02
-149.10	0.84
-149.10	0.84
-155.36	1.41
-155.36	1.41
-160.94	2.59
-160.94	2.59
-167.61	3.72
-167.61	3.72
-176.07	5.63
-176.07	5.63
166.08	6.43
166.08	6.43
159.86	5.91
159.86	5.91
154.64	5.89
154.64	5.89
149.37	5.89
149.37	5.89
144.66	5.71
144.66	5.71
139.87	5.38
139.87	5.38
136.28	5.12
136.28	5.12
132.56	4.95
132.56	4.95
128.61	4.97
128.61	4.97
124.12	4.80
124.12	4.80
118.79	4.41
118.79	4.41
112.59	4.00
112.59	4.00
105.35	4.36
105.35	4.36
98.58	4.31
98.58	4.31
98.58	4.31
92.67	3.26
92.67	3.26
86.44	2.44
86.44	2.44
83.54	1.13
83.54	1.13
81.74	-0.36
81.74	-0.36
81.16	-1.05
81.16	-1.05
80.32	-2.08
80.32	-2.08
79.50	-3.12
79.50	-3.12
79.66	-3.89
79.66	-3.89
80.41	-4.24
80.41	-4.24
81.23	-4.60
81.23	-4.60
81.62	-4.69
81.62	-4.69
82.25	-4.71
82.25	-4.71
82.55	-4.87
82.55	-4.87
82.86	-5.29
82.86	-5.29
83.02	-5.48
83.02	-5.48
83.19	-5.59
83.19	-5.59
83.64	-5.61
83.64	-5.61
84.25	-5.84
84.25	-5.84
84.56	-6.29
84.56	-6.29
84.65	-6.39
84.65	-6.39
85.12	-6.46
85.12	-6.46
85.37	-6.57
85.37	-6.57
85.39	-6.61
85.39	-6.61
85.46	-6.76
85.46	-6.76
85.54	-6.73
85.54	-6.73
85.47	-6.55
85.47	-6.55
85.43	-6.16
85.43	-6.16
85.41	-6.03
85.41	-6.03
85.61	-6.24
85.61	-6.24
86.04	-6.53
86.04	-6.53
87.05	-6.82
87.05	-6.82
87.39	-6.94
87.39	-6.94
87.52	-7.14
87.52	-7.14
87.25	-7.03
87.25	-7.03
86.65	-6.61
86.65	-6.61
85.68	-6.92
85.68	-6.92
84.53	-7.43
84.53	-7.43
83.10	-8.39
83.10	-8.39
81.39	-9.60
81.39	-9.60
79.96	-12.01
79.96	-12.01
79.51	-28.80
79.51	-28.80
80.57	-41.55
80.57	-41.55
82.16	-49.78
82.16	-49.78
82.43	-51.54
82.43	-51.54
81.44	-54.34
81.44	-54.34
81.49	-53.89
81.49	-53.89
81.02	-53.75
81.02	-53.75
80.97	-54.98
80.97	-54.98
82.12	-54.70
82.12	-54.70
82.59	-54.43
82.59	-54.43
81.88	-54.67
81.88	-54.67
81.52	-53.98
81.52	-53.98
80.26	-53.10
80.26	-53.10
78.60	-51.08
78.60	-51.08
75.89	-47.49
75.89	-47.49
72.64	-44.00
72.64	-44.00
69.87	-41.78
69.87	-41.78
67.71	-39.69
65.56	-38.79
65.56	-38.79
64.06	-37.24
64.06	-37.24
63.57	-35.51
62.87	-34.89
62.87	-34.89
62.68	-34.12
61.82	-32.64
60.92	-32.51
60.92	-32.51
59.89	-32.70
59.10	-32.68
59.10	-32.68
58.39	-31.44
58.39	-31.44
58.39	-31.44
57.49	-30.80
57.49	-30.80
56.10	-30.11
56.10	-30.11
54.30	-29.71
54.30	-29.71
53.11	-28.86
53.11	-28.86
51.83	-27.08
50.71	-25.58
50.71	-25.58
49.17	-24.85
49.17	-24.85
48.19	-24.19
48.19	-24.19
48.19	-24.19
47.43	-23.47
47.43	-23.47
46.83	-21.77
46.83	-21.77
45.70	-20.21
45.70	-20.21
44.74	-19.30
44.74	-19.30
43.58	-17.89
43.58	-17.89
41.67	-16.66
41.67	-16.66
39.90	-16.08
39.90	-16.08
38.50	-14.75
36.40	-12.42
36.40	-12.42
31.60	-10.23
31.60	-10.23
26.76	-9.19
26.76	-9.19
23.07	-7.52
23.07	-7.52
20.96	-5.88
20.96	-5.88
20.02	-4.41
20.02	-4.41
19.55	-2.73
19.55	-2.73
19.19	-1.04
19.19	-1.04
18.99	-0.34
18.99	-0.34
18.34	0.36
18.34	0.36
17.87	1.27
17.87	1.27
17.64	2.08
17.64	2.08
17.42	3.87
17.42	3.87
17.36	7.03
17.36	7.03
16.98	9.65
16.98	9.65
16.97	12.77
16.97	12.77
17.97	17.67
17.97	17.67
18.06	17.39
18.06	17.39
17.37	18.01
17.37	18.01
15.83	20.26
15.83	20.26
15.32	24.59
15.32	24.59
14.80	25.94
14.80	25.94
14.18	25.64
14.18	25.64
14.13	24.73
14.13	24.73
14.88	24.03
14.88	24.03
16.15	22.99
16.15	22.99
16.46	22.00
16.46	22.00
16.11	21.33
16.11	21.33
16.30	21.57
16.30	21.57
17.78	21.33
17.78	21.33
19.54	20.30
19.54	20.30
20.79	19.76
20.79	19.76
24.61	19.00
24.61	19.00
34.84	16.55
34.84	16.55
47.24	14.15
47.24	14.15
57.30	13.21
57.30	13.21
72.89	13.91
72.89	13.91
78.43	13.51
78.43	13.51
83.64	13.08
83.64	13.08
88.40	12.81
88.40	12.81
92.61	12.09
92.61	12.09
99.84	11.89
99.84	11.89
107.76	11.74
107.76	11.74
115.13	11.00
115.13	11.00
121.00	10.08
121.00	10.08
127.10	8.79
127.10	8.79
132.96	7.81
132.96	7.81
136.52	6.79
136.52	6.79
138.86	6.08
138.86	6.08
141.09	5.03
141.09	5.03
146.59	4.05
146.59	4.05
149.70	3.51
149.70	3.51
153.59	3.04
153.59	3.04
158.06	2.23
158.06	2.23
162.05	1.35
162.05	1.35
166.36	0.49
169.61	-0.43
169.61	-0.43
171.75	-1.16
171.75	-1.16
172.46	-1.55
172.46	-1.55
172.87	-1.86
172.87	-1.86
172.41	-1.91
172.41	-1.91
171.61	-2.46
171.61	-2.46
170.84	-2.87
170.84	-2.87
169.81	-3.37
169.81	-3.37
168.54	-3.87
168.54	-3.87
166.45	-4.35
166.45	-4.35
164.20	-4.82
164.20	-4.82
162.18	-6.62
162.18	-6.62
157.10	-10.48
157.10	-10.48
146.91	-14.59
146.91	-14.59
129.26	-17.94
129.26	-17.94
123.35	-19.06
123.35	-19.06
119.25	-21.61
119.25	-21.61
116.20	-22.28
116.20	-22.28
113.74	-22.58
113.74	-22.58
112.21	-22.50
112.21	-22.50
110.87	-22.13
110.87	-22.13
108.55	-21.79
108.55	-21.79
106.27	-21.00
106.27	-21.00
104.71	-20.62
104.71	-20.62
103.45	-20.33
103.45	-20.33
102.69	-19.57
102.69	-19.57
101.63	-18.99
101.63	-18.99
99.23	-18.38
99.23	-18.38
97.72	-18.45
97.72	-18.45
96.88	-17.57
96.88	-17.57
95.87	-17.06
95.87	-17.06
94.93	-16.53
94.93	-16.53
93.61	-16.87
92.59	-18.23
91.89	-18.71
91.75	-18.51
91.75	-18.51
91.75	-18.51
91.62	-18.87
91.62	-18.87
91.16	-19.82
91.16	-19.82
90.64	-20.47
90.64	-20.47
90.22	-21.03
90.22	-21.03
89.75	-22.99
89.75	-22.99
89.69	-26.15
89.69	-26.15
90.35	-27.95
90.35	-27.95
90.57	-28.60
90.57	-28.60
90.29	-28.94
90.29	-28.94
90.41	-29.24
90.41	-29.24
91.33	-28.90
92.64	-28.17
92.64	-28.17
93.98	-27.05
93.98	-27.05
94.84	-26.03
94.84	-26.03
95.07	-25.12
95.07	-25.12
95.00	-24.44
95.00	-24.44
95.20	-23.45
95.20	-23.45
95.18	-23.06
95.18	-23.06
94.86	-22.82
94.86	-22.82
94.42	-23.28
94.42	-23.28
93.89	-23.85
93.89	-23.85
93.36	-23.30
93.36	-23.30
93.43	-22.64
93.43	-22.64
93.30	-23.00
93.30	-23.00
92.95	-23.34
92.95	-23.34
94.14	-23.29
94.14	-23.29
94.90	-23.14
94.90	-23.14
95.41	-22.66
95.41	-22.66
96.05	-22.37
96.05	-22.37
96.50	-22.44
96.50	-22.44
96.69	-22.13
96.69	-22.13
96.56	-21.55
96.56	-21.55
96.29	-21.16
96.29	-21.16
95.96	-20.68
95.96	-20.68
95.46	-20.44
95.46	-20.44
94.84	-20.35
94.84	-20.35
94.52	-20.25
94.52	-20.25
94.12	-20.61
94.12	-20.61
93.98	-20.85
93.98	-20.85
94.04	-20.77
94.04	-20.77
94.12	-21.00
94.12	-21.00
94.02	-20.78
94.02	-20.78
94.05	-19.96
94.05	-19.96
93.93	-19.51
93.93	-19.51
93.49	-19.07
93.49	-19.07
93.08	-18.85
93.08	-18.85
92.67	-19.21
92.67	-19.21
92.25	-19.61
92.25	-19.61
92.20	-19.47
92.20	-19.47
91.94	-19.61
91.94	-19.61
91.52	-20.03
91.52	-20.03
91.06	-19.73
91.06	-19.73
90.68	-19.48
90.68	-19.48
89.76	-19.26
89.76	-19.26
87.67	-18.94
87.67	-18.94
80.13	-17.79
80.13	-17.79
80.13	-17.79
65.98	-16.15
65.98	-16.15
55.09	-13.83
55.09	-13.83
47.48	-11.48
47.48	-11.48
42.21	-10.17
42.21	-10.17
38.30	-9.67
38.30	-9.67
35.48	-9.64
35.48	-9.64
31.63	-9.18
31.63	-9.18
27.30	-8.51
27.30	-8.51
23.44	-7.79
23.44	-7.79
21.96	-7.71
21.96	-7.71
21.38	-7.93
21.38	-7.93
21.35	-8.54
21.35	-8.54
21.08	-9.10
21.08	-9.10
20.22	-8.54
20.22	-8.54
18.67	-7.81
18.67	-7.81
17.62	-7.84
17.62	-7.84
16.64	-7.75
16.64	-7.75
16.04	-7.69
16.04	-7.69
15.75	-7.40
15.75	-7.40
15.89	-7.19
15.89	-7.19
16.14	-7.62
16.14	-7.62
16.26	-7.87
16.26	-7.87
16.18	-7.78
16.18	-7.78
16.04	-7.61
16.04	-7.61
16.01	-7.29
16.01	-7.29
16.21	-7.13
16.21	-7.13
16.47	-6.74
16.47	-6.74
16.82	-6.74
16.82	-6.74
17.19	-6.61
17.19	-6.61
17.69	-6.72
17.69	-6.72
18.00	-6.66
18.00	-6.66
18.22	-6.68
18.40	-6.65
18.40	-6.65
18.54	-6.74
18.54	-6.74
18.72	-6.78
18.72	-6.78
18.79	-6.89
18.79	-6.89
18.73	-6.85
18.73	-6.85
18.74	-6.94
18.74	-6.94
18.77	-7.03
18.77	-7.03
18.74	-6.95
18.74	-6.95
18.78	-6.78
18.78	-6.78
18.96	-6.95
18.96	-6.95
19.09	-6.85
19.09	-6.85
19.01	-6.79
19.01	-6.79
19.28	-6.77
19.28	-6.77
19.31	-6.87
19.31	-6.87
19.36	-6.97
19.50	-7.09
19.62	-7.03
19.62	-7.03
19.62	-7.03
19.86	-6.87
19.86	-6.87
20.17	-6.98
20.17	-6.98
20.32	-7.02
20.32	-7.02
20.14	-6.72
20.14	-6.72
20.20	-6.47
20.20	-6.47
20.36	-6.43
20.36	-6.43
20.53	-6.32
20.53	-6.32
20.64	-6.09
20.64	-6.09
20.81	-6.11
20.81	-6.11
20.85	-6.00
20.85	-6.00
20.88	-6.23
20.88	-6.23
21.04	-6.40
21.04	-6.40
21.11	-6.62
21.11	-6.62
21.10	-6.64
