-28.05	-9.28
-28.05	-9.26
-28.03	-9.27
-28.03	-9.27
-28.10	-9.24
-28.06	-9.45
-28.06	-9.45
-27.97	-9.54
-27.75	-9.63
-27.75	-9.63
-27.66	-9.43
-27.66	-9.43
-27.76	-9.26
-27.83	-9.20
-27.83	-9.20
-27.86	-9.49
-27.87	-9.38
-27.87	-9.38
-27.63	-9.18
-27.57	-8.99
-27.57	-8.99
-27.11	-8.16
-25.80	-7.18
-25.80	-7.18
-24.16	-5.54
-22.12	-3.25
-22.12	-3.25
-19.81	-1.18
-17.76	1.66
-17.76	1.66
-14.32	5.21
-11.71	7.70
-11.71	7.70
-9.20	9.70
-7.96	10.47
-7.96	10.47
-6.55	11.26
-4.40	12.70
-4.40	12.70
-2.53	14.25
-1.01	15.26
-1.01	15.26
0.86	16.12
0.86	16.12
2.19	16.68
4.00	17.35
4.00	17.35
6.08	17.92
7.15	17.98
7.15	17.98
6.66	17.15
6.28	16.29
6.28	16.29
6.69	15.97
7.77	15.63
7.77	15.63
8.03	15.32
8.20	14.85
8.20	14.85
8.78	14.63
8.90	14.24
8.90	14.24
8.95	13.96
8.95	13.96
9.01	13.72
9.17	13.22
9.17	13.22
9.60	13.01
9.52	12.39
9.52	12.39
9.28	12.37
9.01	12.28
9.01	12.28
8.94	12.33
8.93	12.16
8.93	12.16
8.69	12.08
8.85	12.04
8.85	12.04
8.68	12.07
8.78	11.84
8.78	11.84
8.89	11.77
9.12	11.82
9.12	11.82
9.18	11.83
9.37	11.90
9.37	11.90
9.55	11.83
9.88	11.62
9.88	11.62
10.42	11.36
10.42	11.36
11.00	11.25
12.17	11.25
12.17	11.25
14.40	11.05
18.01	10.28
18.01	10.28
19.88	9.94
20.65	9.64
20.65	9.64
20.26	9.48
19.45	9.23
19.45	9.23
19.84	8.87
20.28	8.65
20.28	8.65
20.18	8.16
20.28	8.02
20.28	8.02
20.73	7.54
21.52	7.01
21.52	7.01
22.32	6.51
22.32	6.51
22.70	6.26
22.63	5.79
22.63	5.79
22.46	5.33
22.78	4.96
22.78	4.96
23.06	4.19
23.29	3.47
23.29	3.47
23.20	2.20
22.87	0.93
22.87	0.93
22.57	-1.50
22.59	-3.54
22.59	-3.54
22.24	-6.84
22.25	-10.28
22.25	-10.28
22.04	-14.19
21.19	-19.79
21.19	-19.79
21.39	-22.65
21.39	-22.65
21.37	-24.57
21.69	-24.07
21.69	-24.07
22.32	-23.94
23.00	-24.59
23.00	-24.59
23.58	-26.22
23.86	-27.57
23.86	-27.57
23.95	-28.55
23.81	-28.88
23.81	-28.88
23.22	-28.89
23.25	-28.93
23.25	-28.93
23.15	-28.81
23.36	-28.92
23.36	-28.92
23.66	-28.93
23.69	-28.96
23.69	-28.96
24.03	-28.80
24.05	-28.61
24.05	-28.61
24.14	-28.65
24.16	-28.42
24.16	-28.42
24.13	-28.53
24.13	-28.53
24.13	-28.27
24.14	-28.14
24.14	-28.14
24.41	-28.13
24.35	-27.96
24.35	-27.96
24.64	-28.05
26.75	-27.78
26.75	-27.78
30.03	-26.24
34.15	-24.37
34.15	-24.37
39.24	-21.62
43.42	-19.41
43.42	-19.41
45.57	-18.03
46.82	-17.11
46.82	-17.11
47.87	-16.01
48.41	-14.89
48.41	-14.89
50.07	-13.34
50.07	-13.34
51.45	-12.54
52.77	-11.86
52.77	-11.86
54.59	-11.36
56.20	-11.00
56.20	-11.00
57.47	-10.86
58.41	-10.68
58.41	-10.68
58.95	-10.73
59.43	-10.83
59.43	-10.83
59.67	-10.78
59.77	-10.70
59.77	-10.70
60.02	-10.58
59.62	-10.58
59.62	-10.58
59.37	-10.71
58.95	-10.84
58.95	-10.84
58.47	-10.63
58.47	-10.63
58.10	-10.71
57.13	-10.81
57.13	-10.81
56.72	-10.79
56.73	-11.12
56.73	-11.12
56.36	-11.03
56.13	-11.00
56.13	-11.00
55.44	-11.00
54.59	-11.20
54.59	-11.20
54.33	-11.18
54.33	-11.18
54.03	-11.32
53.58	-11.32
53.58	-11.32
53.14	-11.54
52.00	-11.46
52.00	-11.46
49.89	-11.34
46.81	-10.67
46.81	-10.67
42.19	-9.45
38.42	-8.62
38.42	-8.62
34.02	-8.01
34.02	-8.01
28.69	-7.38
21.93	-6.62
21.93	-6.62
14.73	-4.99
8.85	-3.13
8.85	-3.13
4.20	-1.53
1.02	-1.06
1.02	-1.06
-2.29	-0.29
-5.43	0.38
-5.43	0.38
-8.30	1.69
-11.25	2.78
-11.25	2.78
-14.64	5.12
-16.90	6.59
-16.90	6.59
-18.79	8.03
-20.18	8.41
-20.18	8.41
-21.51	9.15
-21.51	9.15
-21.80	9.61
-21.40	11.01
-21.40	11.01
-20.20	12.30
-19.48	14.28
-19.48	14.28
-18.45	15.53
-17.57	15.79
-17.57	15.79
-17.09	16.25
-16.66	16.56
-16.66	16.56
-16.62	16.70
-15.29	16.94
-15.29	16.94
-14.32	16.88
-14.08	17.38
-14.08	17.38
-14.59	17.38
-15.35	17.96
-15.35	17.96
-15.68	18.22
-16.10	18.68
-16.10	18.68
-15.55	19.50
-15.09	19.91
-15.09	19.91
-14.43	19.89
-14.43	19.89
-13.94	20.14
-13.56	20.25
-13.56	20.25
-13.05	19.89
-12.36	19.28
-12.36	19.28
-11.47	18.34
-9.32	16.70
-9.32	16.70
-6.60	14.95
-3.56	12.48
-3.56	12.48
-0.74	9.01
2.31	5.81
2.31	5.81
4.84	2.84
6.93	-0.12
6.93	-0.12
8.71	-2.53
10.13	-4.24
10.13	-4.24
11.05	-5.04
11.05	-5.04
12.12	-5.79
12.97	-6.51
12.97	-6.51
13.97	-7.09
15.51	-7.56
15.51	-7.56
17.10	-8.42
18.97	-9.10
18.97	-9.10
20.17	-9.18
20.63	-8.63
20.63	-8.63
20.80	-8.36
20.92	-8.36
20.92	-8.36
21.25	-8.09
21.25	-8.09
21.99	-8.20
22.72	-8.16
22.72	-8.16
23.49	-8.36
25.10	-8.23
25.10	-8.23
27.07	-8.25
28.71	-8.35
28.71	-8.35
29.32	-8.39
29.24	-8.26
29.24	-8.26
28.64	-8.05
28.33	-7.84
28.33	-7.84
28.34	-8.00
28.34	-8.00
28.83	-7.86
29.40	-7.95
29.40	-7.95
30.25	-8.19
32.78	-8.67
32.78	-8.67
37.98	-9.19
44.94	-10.51
44.94	-10.51
50.08	-11.76
52.83	-12.64
52.83	-12.64
54.78	-13.12
54.78	-13.12
56.48	-13.74
57.79	-14.55
57.79	-14.55
58.63	-14.88
59.10	-15.09
59.10	-15.09
59.85	-15.19
60.48	-15.59
60.48	-15.59
61.84	-15.56
62.99	-15.64
62.99	-15.64
63.77	-15.59
64.57	-15.61
64.57	-15.61
65.23	-15.68
65.89	-15.89
65.89	-15.89
65.91	-15.91
65.91	-15.91
65.91	-15.96
65.71	-16.05
65.71	-16.05
65.65	-16.05
65.60	-16.07
65.60	-16.07
65.50	-16.10
65.47	-15.90
65.47	-15.90
65.33	-15.76
65.33	-15.76
65.62	-15.71
65.57	-15.47
65.57	-15.47
65.35	-15.29
65.10	-15.24
65.10	-15.24
64.92	-15.31
64.92	-15.22
64.92	-15.22
64.73	-15.21
64.19	-14.90
64.19	-14.90
63.59	-14.86
62.92	-14.61
62.92	-14.61
62.57	-14.75
62.43	-14.83
62.43	-14.83
62.07	-15.00
61.64	-14.76
61.64	-14.76
61.30	-14.93
60.84	-14.97
60.84	-14.97
60.08	-14.82
60.08	-14.82
58.29	-13.78
55.49	-12.66
55.49	-12.66
52.90	-11.54
49.92	-10.32
49.92	-10.32
45.35	-8.88
40.62	-8.00
40.62	-8.00
37.43	-7.10
34.73	-6.58
34.73	-6.58
32.84	-5.61
31.19	-4.96
31.19	-4.96
30.12	-4.45
29.38	-4.11
29.38	-4.11
28.89	-4.41
28.89	-4.41
28.41	-4.90
27.72	-5.36
27.72	-5.36
27.45	-5.45
26.58	-5.81
26.58	-5.81
24.82	-6.98
21.93	-10.34
21.93	-10.34
17.54	-15.34
12.66	-20.70
12.66	-20.70
7.38	-26.35
1.99	-32.46
1.99	-32.46
-1.71	-35.18
-4.73	-36.31
-4.73	-36.31
-7.15	-37.83
-9.67	-39.68
-9.67	-39.68
-12.06	-40.54
-12.06	-40.54
-14.83	-41.72
-18.53	-41.86
-18.53	-41.86
-21.32	-42.35
-24.31	-42.52
-24.31	-42.52
-26.85	-42.53
-28.49	-42.32
-28.49	-42.32
-30.01	-41.96
-31.57	-41.97
-31.57	-41.97
-33.02	-41.96
-34.51	-42.03
-34.51	-42.03
-36.29	-41.61
-37.98	-41.69
-37.98	-41.69
-40.24	-41.24
-42.28	-40.90
-42.28	-40.90
-43.64	-40.49
-44.80	-39.40
-44.80	-39.40
-45.76	-38.61
-45.76	-38.61
-46.54	-37.49
-46.98	-36.50
-46.98	-36.50
-47.86	-35.33
-48.01	-34.82
-48.01	-34.82
-48.21	-34.30
-47.81	-33.71
-47.81	-33.71
-47.98	-32.61
-48.63	-31.27
-48.63	-31.27
-52.83	-29.19
-60.02	-26.91
-60.02	-26.91
-66.32	-25.43
-71.13	-23.59
-71.13	-23.59
-75.33	-21.68
-78.68	-19.98
-78.68	-19.98
-81.79	-18.22
-81.79	-18.22
-86.44	-16.43
-90.72	-15.97
-90.72	-15.97
-94.88	-15.16
-100.22	-14.42
-100.22	-14.42
-105.22	-14.16
-110.32	-13.93
-110.32	-13.93
-111.10	-15.02
-111.67	-15.60
-111.67	-15.60
-113.39	-15.48
-115.49	-15.68
-115.49	-15.68
-115.81	-15.77
-115.80	-16.44
-115.80	-16.44
-116.36	-17.11
-116.87	-17.18
-116.87	-17.18
-117.07	-17.32
-116.34	-17.25
-116.34	-17.25
-115.78	-17.73
-115.78	-17.73
-115.63	-17.58
-115.42	-18.25
-115.42	-18.25
-115.06	-18.66
-114.46	-19.16
-114.46	-19.16
-113.74	-18.54
-113.65	-18.62
-113.65	-18.62
-112.81	-18.70
-112.43	-18.91
-112.43	-18.91
-111.83	-18.33
-111.56	-18.70
-111.56	-18.70
-111.38	-18.88
-111.05	-19.13
-111.05	-19.13
-110.81	-19.21
-110.37	-19.02
-110.37	-19.02
-110.14	-19.19
-110.14	-19.19
-110.25	-19.25
-110.33	-19.42
-110.33	-19.42
-110.10	-19.05
-109.50	-19.14
-109.50	-19.14
-108.50	-19.27
-108.18	-19.04
-108.18	-19.04
-108.33	-18.83
-109.91	-18.38
-109.91	-18.38
-111.50	-17.95
-113.11	-18.84
-113.11	-18.84
-115.43	-18.46
-115.43	-18.46
-117.30	-18.27
-118.44	-18.15
-118.44	-18.15
-118.59	-18.42
-118.71	-18.32
-118.71	-18.32
-119.20	-17.42
-119.60	-17.05
-119.60	-17.05
-120.22	-17.19
-120.26	-17.57
-120.26	-17.57
-119.26	-17.89
-118.73	-17.75
-118.73	-17.75
-119.00	-17.48
-119.00	-17.48
-118.95	-17.83
-118.73	-18.21
-118.73	-18.21
-118.80	-18.35
-118.70	-18.13
-118.70	-18.13
-118.79	-18.19
-118.90	-17.98
-118.90	-17.98
-118.94	-17.87
-119.41	-17.40
-119.41	-17.40
-119.98	-16.51
-121.27	-15.36
-121.27	-15.36
-123.36	-14.04
-123.36	-14.04
-124.09	-13.71
-124.56	-13.29
-124.56	-13.29
-124.74	-13.50
-125.03	-13.44
-125.03	-13.44
-124.97	-13.22
-124.58	-13.28
-124.58	-13.28
-124.55	-13.41
-124.49	-13.57
-124.49	-13.57
-124.16	-13.54
-124.10	-13.75
-124.10	-13.75
-123.96	-14.01
-123.77	-14.28
-123.77	-14.28
-123.84	-14.68
-123.72	-15.14
-123.72	-15.14
-123.20	-15.30
-121.34	-16.01
-121.34	-16.01
-116.03	-16.13
-116.03	-16.13
-109.20	-16.35
-101.66	-17.05
-101.66	-17.05
-94.97	-16.83
-87.93	-17.60
-87.93	-17.60
-81.34	-18.44
-74.18	-18.42
-74.18	-18.42
-67.74	-18.91
-62.71	-19.29
-62.71	-19.29
-57.22	-19.99
-51.77	-20.51
-51.77	-20.51
-45.43	-20.57
-40.44	-21.20
-40.44	-21.20
-37.47	-21.78
-37.47	-21.78
-34.37	-22.13
-31.05	-22.89
-31.05	-22.89
-28.11	-23.29
-25.44	-23.75
-25.44	-23.75
-23.35	-23.98
-21.16	-24.28
-21.16	-24.28
-19.92	-24.90
-19.28	-25.35
-19.28	-25.35
-18.26	-25.57
-16.63	-25.80
-16.63	-25.80
-14.70	-25.47
-12.82	-25.31
-12.82	-25.31
-11.10	-25.55
-9.15	-25.73
-9.15	-25.73
-6.96	-26.37
-4.95	-26.60
-4.95	-26.60
-3.46	-27.62
-3.57	-28.00
-3.57	-28.00
-3.12	-26.65
-3.12	-26.65
-2.17	-24.03
0.30	-20.96
0.30	-20.96
3.18	-17.48
5.95	-15.18
5.95	-15.18
8.48	-13.30
10.39	-11.29
10.39	-11.29
11.10	-9.92
11.57	-8.80
11.57	-8.80
11.48	-7.94
11.73	-6.94
11.73	-6.94
12.21	-5.09
12.21	-5.09
12.70	-3.03
13.01	-1.30
13.01	-1.30
12.83	1.05
12.72	2.37
12.72	2.37
12.44	3.36
11.78	3.26
11.78	3.26
11.50	3.09
11.50	2.63
11.50	2.63
11.35	2.52
11.16	2.50
11.16	2.50
10.92	2.51
11.03	2.61
11.03	2.61
10.82	2.68
10.71	2.56
10.71	2.56
10.82	2.47
10.82	2.47
10.78	2.16
10.88	2.17
10.88	2.17
11.12	1.92
11.30	1.63
11.30	1.63
11.76	1.25
12.53	0.96
12.53	0.96
14.61	0.22
19.32	-1.27
19.32	-1.27
22.98	-2.16
24.11	-3.16
24.11	-3.16
23.47	-3.68
23.67	-4.36
23.67	-4.36
24.03	-4.63
24.03	-4.63
24.37	-5.12
24.84	-6.00
24.84	-6.00
25.23	-6.71
26.11	-7.73
26.11	-7.73
27.23	-8.62
28.63	-9.77
28.63	-9.77
29.57	-10.52
30.10	-10.90
30.10	-10.90
30.45	-10.96
32.46	-11.10
32.46	-11.10
33.55	-12.54
33.25	-13.73
33.25	-13.73
32.17	-14.01
31.11	-14.93
31.11	-14.93
30.91	-16.71
29.06	-18.99
29.06	-18.99
28.51	-20.62
28.51	-20.62
28.16	-21.71
27.42	-25.63
27.42	-25.63
26.84	-28.42
26.94	-30.52
26.94	-30.52
25.57	-33.10
24.11	-36.02
24.11	-36.02
23.69	-34.99
23.36	-34.31
23.36	-34.31
23.10	-34.25
22.52	-34.40
22.52	-34.40
22.04	-34.18
21.69	-34.56
21.69	-34.56
21.04	-34.99
20.22	-35.62
20.22	-35.62
19.61	-35.26
19.04	-35.31
19.04	-35.31
19.18	-35.12
19.18	-35.12
20.26	-34.75
21.46	-34.07
21.46	-34.07
22.92	-33.69
24.15	-33.23
24.15	-33.23
24.82	-32.78
25.36	-32.43
25.36	-32.43
25.20	-32.44
24.07	-32.68
24.07	-32.68
22.48	-32.86
20.44	-33.04
20.44	-33.04
17.35	-32.95
13.82	-33.08
13.82	-33.08
10.93	-32.99
10.93	-32.99
8.36	-32.97
5.11	-33.14
5.11	-33.14
1.96	-33.40
-0.41	-33.23
-0.41	-33.23
-2.20	-33.04
-4.81	-33.46
-4.81	-33.46
-7.08	-33.07
-9.68	-33.08
-9.68	-33.08
-12.35	-32.76
-14.93	-32.69
-14.93	-32.69
-16.17	-31.65
-16.17	-31.65
-17.28	-31.99
-18.18	-32.48
-18.18	-32.48
-19.15	-32.42
-19.45	-32.25
-19.45	-32.25
-19.28	-31.86
-19.38	-31.59
-19.38	-31.59
-19.27	-31.45
-19.71	-31.32
-19.71	-31.32
-20.01	-31.06
-20.38	-30.81
-20.38	-30.81
-20.38	-30.90
-20.38	-30.90
-20.07	-30.49
-19.75	-30.69
-19.75	-30.69
-19.37	-30.74
-18.40	-30.50
-18.40	-30.50
-15.97	-30.45
-13.44	-30.22
-13.44	-30.22
-10.22	-29.91
-6.53	-29.55
-6.53	-29.55
-3.69	-28.72
-1.48	-28.32
-1.48	-28.32
-0.03	-28.08
-0.03	-28.08
0.25	-27.75
0.23	-27.81
0.23	-27.81
0.01	-27.53
0.83	-27.08
0.83	-27.08
1.70	-26.71
3.33	-26.44
3.33	-26.44
4.31	-25.98
7.42	-25.40
7.42	-25.40
11.24	-23.60
15.97	-22.58
15.97	-22.58
18.17	-21.71
19.35	-21.26
19.35	-21.26
19.83	-21.08
19.83	-21.08
19.56	-21.55
19.25	-22.04
19.25	-22.04
18.89	-22.19
18.93	-22.48
18.93	-22.48
18.18	-23.16
14.80	-25.39
14.80	-25.39
8.03	-27.67
1.11	-29.81
1.11	-29.81
-4.48	-31.18
-9.95	-32.63
-9.95	-32.63
-16.10	-34.86
-16.10	-34.86
-19.67	-34.18
-22.35	-34.49
-22.35	-34.49
-22.82	-33.91
-23.45	-34.88
-23.45	-34.88
-24.40	-35.59
-25.04	-35.43
-25.04	-35.43
-25.28	-35.01
-25.42	-34.75
-25.42	-34.75
-25.52	-33.56
-25.58	-32.43
-25.58	-32.43
-25.56	-31.21
-25.73	-29.68
-25.73	-29.68
-25.67	-27.56
-25.67	-27.56
-25.19	-24.85
-24.42	-22.29
-24.42	-22.29
-23.87	-20.46
-23.72	-19.21
-23.72	-19.21
-23.45	-17.99
-23.21	-17.30
-23.21	-17.30
-23.08	-16.30
-22.88	-15.68
-22.88	-15.68
-22.87	-14.52
-22.83	-14.40
-22.83	-14.40
-23.04	-14.34
-22.95	-14.50
-22.95	-14.50
-22.67	-14.65
-22.67	-14.65
-22.40	-14.72
-22.41	-14.88
-22.41	-14.88
-22.23	-14.62
-22.68	-14.65
-22.68	-14.65
-23.63	-14.67
-25.08	-14.92
-25.08	-14.92
-27.37	-15.40
-30.00	-16.74
-30.00	-16.74
-31.94	-16.62
-33.64	-17.60
-33.64	-17.60
-35.67	-17.78
-37.00	-19.10
-37.00	-19.10
-37.60	-19.56
-38.23	-20.43
-38.23	-20.43
-38.32	-20.69
-38.57	-21.19
-38.57	-21.19
-39.34	-21.57
-39.34	-21.57
-40.24	-22.07
-40.84	-22.53
-40.84	-22.53
-41.30	-23.13
-41.22	-23.38
-41.22	-23.38
-40.84	-23.93
-40.33	-24.44
-40.33	-24.44
-39.05	-25.18
-35.00	-26.48
-35.00	-26.48
-28.10	-27.54
-21.10	-28.30
-21.10	-28.30
-15.20	-28.92
-10.19	-29.19
-10.19	-29.19
-6.33	-29.75
-6.33	-29.75
-3.40	-30.44
-0.86	-31.54
-0.86	-31.54
0.68	-32.04
2.20	-33.35
2.20	-33.35
5.09	-34.82
7.64	-36.57
7.64	-36.57
10.42	-37.33
12.49	-38.40
12.49	-38.40
14.24	-39.48
15.01	-39.93
15.01	-39.93
15.60	-40.08
15.73	-40.25
15.73	-40.25
15.35	-40.68
15.64	-40.85
15.64	-40.85
16.11	-41.00
16.11	-41.00
16.47	-41.14
16.67	-41.58
16.67	-41.58
16.86	-41.30
17.05	-41.25
17.05	-41.25
16.79	-41.43
16.40	-41.70
16.40	-41.70
16.00	-41.62
15.63	-41.93
15.63	-41.93
15.28	-41.78
15.28	-41.78
14.78	-42.07
13.98	-41.99
13.98	-41.99
13.30	-42.06
12.95	-42.05
12.95	-42.05
12.87	-42.29
12.77	-42.40
12.77	-42.40
12.26	-42.27
11.02	-42.53
11.02	-42.53
9.39	-42.57
8.62	-42.64
8.62	-42.64
7.08	-42.24
5.54	-42.38
5.54	-42.38
4.72	-42.09
4.65	-42.20
4.65	-42.20
5.27	-42.24
5.27	-42.24
6.05	-41.91
5.97	-41.00
5.97	-41.00
4.71	-39.68
3.49	-37.84
3.49	-37.84
2.47	-36.46
1.52	-34.71
1.52	-34.71
0.54	-33.57
-0.43	-32.39
-0.43	-32.39
-1.50	-30.41
-2.49	-29.87
-2.49	-29.87
-3.23	-29.16
-3.47	-29.81
-3.47	-29.81
-3.39	-30.13
-2.83	-30.60
-2.83	-30.60
-2.47	-30.50
-2.46	-30.58
-2.46	-30.58
-2.80	-30.17
-2.80	-30.17
-3.26	-29.82
-3.94	-29.50
-3.94	-29.50
-4.55	-29.28
-5.27	-28.99
-5.27	-28.99
-5.86	-29.03
-6.34	-28.95
-6.34	-28.95
-6.55	-29.20
-6.91	-28.98
-6.91	-28.98
-7.74	-29.04
-8.75	-29.20
-8.75	-29.20
-9.80	-29.30
-10.58	-29.73
-10.58	-29.73
-10.95	-29.65
-11.07	-30.17
-11.07	-30.17
-10.56	-30.23
-9.79	-30.33
-9.79	-30.33
-9.02	-30.55
-9.02	-30.55
-8.02	-30.94
-7.72	-31.16
-7.72	-31.16
-8.14	-31.10
-8.79	-31.25
-8.79	-31.25
-9.55	-31.42
-10.65	-31.57
-10.65	-31.57
-11.83	-31.88
-13.10	-31.96
-13.10	-31.96
-13.74	-31.98
-14.69	-32.00
-14.69	-32.00
-15.28	-32.17
-16.00	-32.17
-16.00	-32.17
-15.85	-31.78
-15.39	-31.89
-15.39	-31.89
-14.98	-32.01
-14.98	-32.01
-14.69	-32.05
-14.75	-32.01
-14.75	-32.01
-15.18	-31.99
-15.65	-31.66
-15.65	-31.66
-15.81	-31.09
-15.86	-29.89
-15.86	-29.89
-16.38	-27.19
-17.13	-24.41
-17.13	-24.41
-17.97	-21.43
-18.70	-19.07
-18.70	-19.07
-19.13	-17.46
-19.15	-15.63
-19.15	-15.63
-18.63	-12.94
-17.48	-10.83
-17.48	-10.83
-16.15	-7.15
-14.72	-4.17
-14.72	-4.17
-13.37	-3.38
-13.37	-3.38
-11.90	-2.10
-10.36	-1.14
-10.36	-1.14
-8.69	0.09
-7.85	-0.05
-7.85	-0.05
-7.85	-0.09
-8.04	-0.25
-8.04	-0.25
-7.40	0.35
-6.35	0.48
-6.35	0.48
-6.06	0.49
-5.81	0.31
-5.81	0.31
-4.82	1.26
-4.82	1.26
-4.63	2.02
-5.04	2.41
-5.04	2.41
-5.41	2.07
-5.32	2.07
-5.32	2.07
-4.97	2.17
-4.83	2.20
-4.83	2.20
-4.67	2.31
-4.87	2.46
-4.87	2.46
-4.74	2.25
-4.33	1.42
-4.33	1.42
-3.36	-0.68
-3.36	-0.68
-1.78	-4.16
0.20	-7.84
0.20	-7.84
2.73	-10.88
4.94	-13.12
4.94	-13.12
6.54	-15.62
8.47	-16.84
8.47	-16.84
10.29	-18.20
11.51	-19.77
11.51	-19.77
12.56	-21.37
13.76	-22.90
13.76	-22.90
15.01	-24.29
15.01	-24.29
15.86	-25.40
16.25	-25.93
16.25	-25.93
16.18	-26.50
16.45	-26.63
16.45	-26.63
16.51	-27.32
16.47	-27.58
16.47	-27.58
16.82	-28.22
16.91	-28.76
16.91	-28.76
17.15	-29.75
17.71	-30.47
17.71	-30.47
18.21	-31.50
18.73	-31.76
18.73	-31.76
19.19	-32.65
19.19	-32.65
20.78	-34.49
22.95	-38.35
22.95	-38.35
24.33	-39.26
24.18	-39.34
24.18	-39.34
23.58	-39.89
23.49	-40.17
23.49	-40.17
23.99	-41.02
24.51	-41.41
24.51	-41.41
24.94	-41.65
24.93	-41.84
24.93	-41.84
24.52	-41.70
24.52	-41.70
24.10	-42.16
23.94	-42.31
23.94	-42.31
23.75	-42.54
23.98	-42.83
23.98	-42.83
24.08	-42.92
23.86	-43.06
23.86	-43.06
23.64	-43.37
23.58	-43.49
23.58	-43.49
23.29	-43.03
23.29	-43.04
23.29	-43.04
23.34	-43.16
22.92	-43.36
22.92	-43.36
22.33	-43.57
22.33	-43.57
21.75	-43.87
21.41	-43.91
21.41	-43.91
21.00	-43.69
20.91	-43.83
20.91	-43.83
20.62	-43.97
20.29	-44.24
20.29	-44.24
19.84	-44.19
19.85	-44.24
19.85	-44.24
20.00	-43.97
20.17	-44.04
20.17	-44.04
20.39	-44.01
20.19	-43.99
20.19	-43.99
19.93	-43.92
19.59	-43.81
19.59	-43.81
19.15	-43.62
19.15	-43.62
18.33	-43.27
17.30	-43.04
17.30	-43.04
16.28	-42.63
14.95	-42.17
14.95	-42.17
13.56	-41.57
12.01	-40.92
12.01	-40.92
10.11	-39.76
8.34	-39.27
8.34	-39.27
7.00	-38.50
5.94	-37.64
5.94	-37.64
5.21	-36.88
4.10	-35.93
4.10	-35.93
3.22	-34.62
2.13	-33.22
2.13	-33.22
1.30	-31.49
1.30	-31.49
0.02	-30.14
-0.86	-29.39
-0.86	-29.39
-1.43	-28.88
-1.83	-28.42
-1.83	-28.42
-2.22	-28.63
-2.31	-28.53
-2.31	-28.53
-2.60	-28.29
-2.96	-27.89
-2.96	-27.89
-3.52	-27.27
-4.22	-26.10
-4.22	-26.10
-4.92	-24.47
-5.80	-22.40
-5.80	-22.40
-6.60	-20.42
-6.60	-20.42
-7.04	-18.23
-7.54	-15.50
-7.54	-15.50
-7.76	-14.24
-8.00	-13.40
-8.00	-13.40
-8.24	-12.42
-8.54	-11.37
-8.54	-11.37
-8.67	-10.02
-8.36	-9.67
-8.36	-9.67
-8.40	-9.39
-8.46	-9.30
-8.46	-9.30
-8.68	-8.99
-8.79	-8.95
-8.79	-8.95
-8.94	-8.58
-9.05	-8.73
-9.05	-8.73
-9.19	-8.53
-9.19	-8.53
-9.36	-8.69
-9.32	-8.46
-9.32	-8.46
-9.29	-8.60
-9.26	-8.81
-9.26	-8.81
-9.47	-9.22
-9.59	-9.89
-9.59	-9.89
-9.70	-10.10
-9.77	-11.31
-9.77	-11.31
-9.70	-11.92
-9.49	-13.34
-9.49	-13.34
-9.15	-16.54
-8.40	-20.07
-8.40	-20.07
-7.56	-22.34
-7.56	-22.34
-6.92	-23.27
-7.07	-25.82
-7.07	-25.82
-7.10	-27.35
-7.06	-28.79
-7.06	-28.79
-6.81	-29.47
-6.62	-29.08
-6.62	-29.08
-6.38	-28.85
-6.39	-29.06
-6.39	-29.06
-6.18	-29.47
-6.24	-29.81
-6.24	-29.81
-6.24	-29.89
-6.37	-29.91
-6.37	-29.91
-6.32	-29.63
-6.32	-29.63
-6.31	-29.61
-6.52	-29.32
-6.52	-29.32
-6.63	-29.20
-6.88	-28.93
-6.88	-28.93
-6.85	-28.63
-7.03	-28.22
-7.03	-28.22
-7.23	-27.69
-7.75	-27.03
-7.75	-27.03
-8.22	-25.88
-8.84	-24.59
-8.84	-24.59
-9.24	-23.21
-9.53	-21.62
-9.53	-21.62
-9.65	-19.65
-9.65	-19.65
-9.83	-18.06
-9.83	-16.15
-9.83	-16.15
-9.86	-14.87
-9.63	-13.64
-9.63	-13.64
-9.44	-11.61
-9.69	-10.78
-9.69	-10.78
-10.07	-10.18
-10.37	-10.28
-10.37	-10.28
-10.49	-10.69
-10.44	-10.41
-10.44	-10.41
-10.50	-10.41
-10.50	-10.41
-10.38	-10.21
-10.19	-10.07
-10.19	-10.07
-10.13	-9.58
-10.01	-9.72
-10.01	-9.72
-10.09	-9.58
-10.06	-9.28
-10.06	-9.28
-9.75	-9.23
-9.27	-8.60
-9.27	-8.60
-8.66	-7.94
-7.51	-7.12
-7.51	-7.12
-6.17	-5.95
-6.17	-5.95
-4.79	-5.13
-3.41	-4.08
-3.41	-4.08
-1.28	-2.95
1.03	-1.69
1.03	-1.69
2.69	-1.82
4.01	-2.35
4.01	-2.35
5.08	-1.91
5.72	-1.81
5.72	-1.81
6.37	-2.03
7.86	-2.00
7.86	-2.00
9.79	-1.98
9.79	-1.98
11.59	-2.07
13.89	-2.06
13.89	-2.06
15.34	-1.70
16.30	-1.64
16.30	-1.64
16.87	-1.51
17.01	-1.37
17.01	-1.37
16.80	-1.68
16.47	-2.03
16.47	-2.03
16.54	-1.97
16.73	-2.23
16.73	-2.23
16.29	-2.30
16.63	-1.75
16.63	-1.75
16.73	-1.20
16.67	-1.22
16.67	-1.22
16.54	-0.90
16.55	-0.69
16.55	-0.69
16.89	-0.68
16.89	-0.68
16.78	-0.78
16.18	-1.27
16.18	-1.27
14.50	-2.71
11.36	-5.98
11.36	-5.98
8.30	-10.13
5.24	-13.67
5.24	-13.67
3.20	-16.71
1.55	-19.60
1.55	-19.60
0.07	-21.22
-1.37	-23.51
-1.37	-23.51
-1.66	-23.08
-1.66	-23.08
-1.60	-23.82
-1.29	-24.50
-1.29	-24.50
-1.27	-25.12
-1.39	-25.74
-1.39	-25.74
-1.74	-26.17
-2.38	-26.94
-2.38	-26.94
-3.10	-27.77
-3.42	-28.42
-3.42	-28.42
-3.34	-28.57
-3.13	-29.16
-3.13	-29.16
-3.06	-29.61
-3.06	-29.61
-2.94	-30.29
-2.85	-30.80
-2.85	-30.80
-2.57	-31.24
-2.59	-31.06
-2.59	-31.06
-2.88	-30.43
-3.37	-30.42
-3.37	-30.42
-3.69	-30.42
-3.79	-30.62
-3.79	-30.62
-3.85	-30.69
-3.83	-30.75
-3.83	-30.75
-3.79	-30.80
-3.67	-31.03
-3.67	-31.03
-3.80	-31.06
-3.80	-31.06
-3.71	-31.19
-3.76	-31.04
-3.76	-31.04
-3.65	-31.00
-3.69	-30.86
-3.69	-30.86
-3.77	-30.93
-3.76	-30.89
-3.76	-30.89
-3.85	-30.85
-3.92	-30.90
-3.92	-30.90
-3.87	-30.61
-3.87	-30.63
-3.87	-30.63
-3.80	-30.78
-3.70	-30.90
-3.70	-30.90
-3.67	-30.70
-3.67	-30.70
-3.62	-30.57
-3.68	-30.55
-3.68	-30.55
-3.83	-30.08
-3.93	-29.83
-3.93	-29.83
-4.12	-29.63
-4.39	-29.74
-4.39	-29.74
-4.53	-29.97
-4.47	-30.01
-4.47	-30.01
-4.67	-29.90
-5.02	-29.41
-5.02	-29.41
-5.34	-28.47
-5.34	-28.47
-5.82	-27.61
-6.45	-26.90
-6.45	-26.90
-7.02	-26.14
-8.52	-25.03
-8.52	-25.03
-12.71	-23.12
-16.97	-21.44
-16.97	-21.44
-20.78	-19.82
-24.41	-18.44
-24.41	-18.44
-27.65	-17.53
-30.06	-16.84
-30.06	-16.84
-32.55	-15.57
-34.54	-14.24
-34.54	-14.24
-36.43	-12.24
-38.24	-9.83
-38.24	-9.83
-40.24	-7.34
-40.24	-7.34
-41.56	-4.99
-43.19	-3.13
-43.19	-3.13
-44.65	-1.31
-45.71	0.27
-45.71	0.27
-45.82	1.10
-46.31	3.00
-46.31	3.00
-46.48	3.29
-46.20	3.94
-46.20	3.94
-45.92	3.73
-45.90	3.64
-45.90	3.64
-45.90	3.54
-45.90	3.54
-46.67	3.85
-46.86	4.12
-46.86	4.12
-46.94	4.17
-46.47	4.47
-46.47	4.47
-46.06	4.59
-46.00	4.60
-46.00	4.60
-45.80	4.33
-45.98	4.47
-45.98	4.47
-45.87	4.36
-45.85	4.24
-45.85	4.24
-45.63	4.20
-45.63	4.20
-45.40	4.16
-45.13	4.23
-45.13	4.23
-44.70	4.14
-44.26	3.87
-44.26	3.87
-44.33	3.89
-44.17	3.63
-44.17	3.63
-43.88	3.83
-43.38	3.46
-43.38	3.46
-42.93	3.35
-42.29	3.34
-42.29	3.34
-41.77	3.06
-41.14	2.98
-41.14	2.98
-40.47	2.94
-40.47	2.94
-39.73	2.53
-38.28	1.64
-38.28	1.64
-34.48	0.26
-29.16	-1.80
-29.16	-1.80
-23.33	-3.86
-16.41	-5.80
-16.41	-5.80
-10.36	-6.86
-4.99	-6.79
-4.99	-6.79
-1.16	-6.77
1.49	-6.66
1.49	-6.66
4.01	-6.45
6.01	-6.39
6.01	-6.39
8.55	-6.06
8.55	-6.06
11.45	-6.07
14.72	-5.70
14.72	-5.70
17.63	-4.92
19.07	-3.82
19.07	-3.82
19.05	-3.41
18.82	-2.72
18.82	-2.72
19.07	-2.20
19.75	-1.01
19.75	-1.01
20.67	0.01
21.54	0.82
21.54	0.82
22.07	2.37
22.07	2.37
22.12	3.04
22.09	3.36
22.09	3.36
22.04	3.92
22.24	4.26
22.24	4.26
22.29	4.75
22.17	4.90
22.17	4.90
21.98	5.30
21.85	5.92
21.85	5.92
22.11	6.53
22.03	6.97
22.03	6.97
21.92	7.18
21.89	7.34
21.89	7.34
22.09	7.71
22.11	8.27
22.11	8.27
22.08	8.47
22.08	8.47
21.81	8.73
21.81	8.65
21.81	8.65
22.19	9.11
22.62	9.53
22.62	9.53
22.75	9.53
22.67	10.17
22.67	10.17
22.65	10.50
22.44	10.60
22.44	10.60
22.28	10.56
22.07	10.71
22.07	10.71
21.83	10.77
21.65	10.51
21.65	10.51
21.65	10.65
21.77	10.35
21.77	10.35
21.61	10.41
21.50	10.52
21.50	10.52
21.48	10.35
21.48	10.35
21.45	10.61
21.46	10.46
21.46	10.46
21.45	10.64
21.23	10.53
21.23	10.53
21.18	10.33
21.13	10.28
21.13	10.28
21.06	10.44
21.03	10.46
21.03	10.46
20.77	10.50
20.77	10.52
20.77	10.52
20.69	10.42
20.60	10.36
20.60	10.36
20.50	10.40
20.50	10.40
20.29	10.31
20.10	10.08
20.10	10.08
20.20	10.27
20.19	10.24
20.19	10.24
20.16	10.09
20.14	10.00
20.14	10.00
20.06	10.07
20.09	9.83
20.09	9.83
19.97	9.84
20.10	9.88
20.10	9.88
20.10	9.96
20.15	9.89
20.15	9.89
20.05	9.77
20.05	9.87
20.05	9.87
19.76	9.80
19.50	9.48
19.50	9.48
19.35	9.35
19.35	9.35
19.15	9.17
19.20	8.83
19.20	8.83
18.76	8.67
18.19	8.35
18.19	8.35
17.52	8.10
17.14	7.67
17.14	7.67
