90.05	0.00
-68.15	-10.25
-68.15	-10.25
-68.15	-10.25
-66.93	-10.04
-66.93	-10.04
-64.80	-11.01
-64.80	-11.01
-64.80	-11.01
-64.80	-11.01
-61.16	-9.50
-61.16	-9.50
-61.16	-9.50
-61.16	-9.50
-58.97	-8.93
-58.97	-8.93
-58.65	-10.00
-58.65	-10.00
-58.65	-10.00
-58.65	-10.00
-59.34	-10.23
-59.34	-10.23
-59.34	-10.23
-59.34	-10.23
-59.78	-9.73
-59.78	-9.73
-61.55	-9.51
-61.55	-9.51
-61.55	-9.51
-61.55	-9.51
-66.00	-8.82
-66.00	-8.82
-66.00	-8.82
-66.00	-8.82
-71.14	-8.23
-71.14	-8.23
-72.79	-8.84
-72.79	-8.84
-72.79	-8.84
-72.79	-8.84
-72.05	-8.69
-72.05	-8.69
-72.05	-8.69
-72.05	-8.69
-70.84	-8.08
-70.84	-8.08
-71.97	-7.33
-71.97	-7.33
-71.97	-7.33
-71.97	-7.33
-71.97	-7.33
-71.98	-6.83
-71.98	-6.83
-71.71	-6.75
-71.71	-6.75
-71.71	-6.75
-72.15	-6.36
-72.15	-6.36
-72.15	-6.36
-72.15	-6.36
-70.57	-5.71
-70.57	-5.71
-70.57	-5.71
-70.57	-5.71
-70.23	-5.36
-70.23	-5.36
-70.06	-4.60
-70.06	-4.60
-70.06	-4.60
-70.06	-4.60
-69.30	-5.13
-69.30	-5.13
-69.30	-5.13
-68.69	-4.41
-68.69	-4.41
-68.69	-4.41
-68.69	-4.41
-66.83	-4.14
-66.83	-4.14
-66.83	-4.14
-66.83	-4.14
-65.79	-3.98
-65.79	-3.98
-66.03	-3.59
-66.03	-3.59
-66.03	-3.59
-66.03	-3.59
-65.74	-4.18
-65.74	-4.18
-65.74	-4.18
-65.07	-3.78
-65.07	-3.78
-65.07	-3.78
-64.90	-3.91
-64.90	-3.91
-64.90	-3.91
-64.90	-3.91
-65.63	-3.37
-65.63	-3.37
-65.63	-3.37
-65.99	-4.08
-65.99	-4.08
-65.99	-4.08
-65.28	-3.42
-65.28	-3.42
-65.28	-3.42
-65.28	-3.42
-65.28	-3.42
-65.29	-2.86
-65.29	-2.86
-65.29	-2.86
-65.39	-2.04
-65.39	-2.04
-65.39	-2.04
-65.37	-2.67
-65.37	-2.67
-65.37	-2.67
-65.37	-2.61
-65.37	-2.61
-65.37	-2.61
-65.27	-2.58
-65.27	-2.58
-65.27	-2.58
-65.27	-2.58
-64.69	-2.37
-64.69	-2.37
-64.69	-2.37
-65.21	-1.96
-65.21	-1.96
-65.21	-1.96
-65.14	-2.11
-65.14	-2.11
-65.14	-2.11
-65.24	-2.18
-65.24	-2.18
-65.24	-2.18
-65.24	-2.18
-65.24	-2.18
-64.70	-2.32
-64.70	-2.32
-64.08	-2.38
-64.08	-2.38
-64.08	-2.38
-64.08	-2.38
-63.52	-2.48
-63.52	-2.48
-63.52	-2.48
-63.57	-2.56
-63.57	-2.56
-63.57	-2.56
-63.57	-2.51
-63.57	-2.51
-63.57	-2.51
-63.57	-2.51
-63.48	-2.60
-63.48	-2.60
-63.48	-2.60
-63.09	-2.37
-63.09	-2.37
-63.09	-2.37
-63.26	-2.37
-63.26	-2.37
-63.26	-2.37
-63.26	-2.37
-63.27	-2.58
-63.27	-2.58
-63.27	-2.58
-63.65	-2.49
-63.65	-2.49
-63.65	-2.49
-64.01	-3.14
-64.01	-3.14
-64.01	-3.14
-65.15	-3.27
-65.15	-3.27
-65.15	-3.27
-65.15	-3.27
-65.15	-3.27
-65.74	-2.87
-65.74	-2.87
-65.74	-2.87
-65.43	-3.14
-65.43	-3.14
-65.43	-3.14
-65.53	-3.27
-65.53	-3.27
-65.53	-3.27
-65.79	-3.13
-65.79	-3.13
-65.79	-3.13
-66.11	-3.20
-66.11	-3.20
-66.11	-3.20
-66.11	-3.20
-66.03	-3.45
-66.03	-3.45
-66.03	-3.45
-66.47	-3.22
-66.47	-3.22
-66.47	-3.22
-66.47	-3.22
-66.76	-3.56
-66.76	-3.56
-66.76	-3.56
-67.31	-3.75
-67.31	-3.75
-67.31	-3.75
-67.46	-3.64
-67.46	-3.64
-67.46	-3.64
-67.46	-3.64
-67.93	-3.39
-67.93	-3.39
-67.93	-3.39
-67.93	-3.39
-67.53	-3.07
-67.53	-3.07
-66.85	-2.87
-66.85	-2.87
-66.85	-2.87
-66.85	-2.87
-66.50	-2.98
-66.50	-2.98
-66.50	-2.98
-66.50	-2.98
-65.73	-2.73
-65.73	-2.73
-65.73	-2.73
-63.66	-2.85
-63.66	-2.85
-63.66	-2.85
-59.82	-3.04
-59.82	-3.04
-59.82	-3.04
-55.47	-2.79
-55.47	-2.79
-55.47	-2.79
-52.09	-2.29
-52.09	-2.29
-52.09	-2.29
-52.09	-2.29
-48.47	-1.84
-48.47	-1.84
-48.47	-1.84
-45.54	-1.87
-45.54	-1.87
-45.54	-1.87
-44.05	-1.99
-44.05	-1.99
-44.05	-1.99
-42.64	-2.23
-42.64	-2.23
-42.64	-2.23
-42.64	-2.23
-42.64	-2.23
-41.01	-2.19
-41.01	-2.19
-41.01	-2.19
-39.19	-2.53
-39.19	-2.53
-39.19	-2.53
-36.80	-2.59
-36.80	-2.59
-36.80	-2.59
-36.80	-2.59
-34.60	-3.07
-34.60	-3.07
-34.60	-3.07
-34.83	-4.86
-34.83	-4.86
-34.83	-4.86
-34.83	-4.86
-37.50	-6.12
-37.50	-6.12
-42.24	-8.09
-42.24	-8.09
-42.24	-8.09
-42.24	-8.09
-47.93	-11.35
-47.93	-11.35
-52.79	-13.51
-52.79	-13.51
-52.79	-13.51
-52.79	-13.51
-57.23	-16.15
-57.23	-16.15
-57.23	-16.15
-59.03	-17.21
-59.03	-17.21
-59.03	-17.21
-59.03	-17.21
-60.52	-19.57
-60.52	-19.57
-62.06	-20.49
-62.06	-20.49
-62.06	-20.49
-62.06	-20.49
-63.14	-23.66
-63.14	-23.66
-63.14	-23.66
-63.14	-23.66
-63.93	-24.95
-63.93	-24.95
-64.70	-26.21
-64.70	-26.21
-64.70	-26.21
-64.70	-26.21
-65.02	-27.10
-65.02	-27.10
-65.02	-27.10
-65.02	-27.10
-65.58	-26.96
-65.58	-26.96
-65.58	-26.96
-66.09	-27.39
-66.09	-27.39
-66.09	-27.39
-66.09	-27.39
-66.44	-27.53
-66.44	-27.53
-66.44	-27.53
-66.44	-27.53
-66.85	-26.65
-66.85	-26.65
-66.85	-26.65
-66.87	-26.66
-66.87	-26.66
-66.87	-26.66
-67.71	-25.66
-67.71	-25.66
-67.71	-25.66
-67.71	-25.66
-68.56	-25.38
-68.56	-25.38
-68.56	-25.38
-68.63	-24.88
-68.63	-24.88
-68.63	-24.88
-68.91	-24.38
-68.91	-24.38
-68.91	-24.38
-68.91	-24.38
-68.98	-24.19
-68.98	-24.19
-68.98	-24.19
-68.93	-23.90
-68.93	-23.90
-68.93	-23.90
-68.93	-23.90
-68.73	-23.50
-68.73	-23.50
-68.73	-23.50
-68.67	-22.94
-68.67	-22.94
-68.67	-22.94
-68.63	-22.78
-68.63	-22.78
-68.63	-22.78
-68.63	-22.78
-69.31	-22.39
-69.31	-22.39
-69.31	-22.39
-71.68	-21.47
-71.68	-21.47
-71.68	-21.47
-75.03	-20.25
-75.03	-20.25
-75.03	-20.25
-75.03	-20.25
-77.99	-18.57
-77.99	-18.57
-77.99	-18.57
-81.80	-16.60
-81.80	-16.60
-81.80	-16.60
-85.66	-14.91
-85.66	-14.91
-85.66	-14.91
-85.66	-14.91
-89.18	-13.40
-89.18	-13.40
-89.18	-13.40
-91.52	-12.00
-91.52	-12.00
-91.52	-12.00
-92.50	-10.65
-92.50	-10.65
-92.50	-10.65
-92.50	-10.65
-92.62	-9.24
-92.62	-9.24
-92.62	-9.24
-93.77	-7.83
-93.77	-7.83
-93.77	-7.83
-93.77	-7.83
-95.77	-6.48
-95.77	-6.48
-95.77	-6.48
-97.68	-5.84
-97.68	-5.84
-97.68	-5.84
-101.65	-5.91
-101.65	-5.91
-101.65	-5.91
-101.65	-5.91
-107.18	-6.40
-107.18	-6.40
-107.18	-6.40
-109.85	-6.93
-109.85	-6.93
-109.85	-6.93
-108.70	-7.06
-108.70	-7.06
-108.70	-7.06
-108.70	-7.06
-108.61	-7.00
-108.61	-7.00
-108.61	-7.00
-108.17	-6.73
-108.17	-6.73
-108.17	-6.73
-108.18	-6.82
-108.18	-6.82
-108.18	-6.82
-108.18	-6.82
-108.11	-6.81
-108.11	-6.81
-108.11	-6.81
-107.98	-6.76
-107.98	-6.76
-107.98	-6.76
-107.98	-6.76
-107.65	-6.59
-107.65	-6.59
-107.65	-6.59
-106.14	-6.67
-106.14	-6.67
-106.14	-6.67
-103.87	-6.78
-103.87	-6.78
-103.87	-6.78
-103.87	-6.78
-101.98	-6.96
-101.98	-6.96
-101.98	-6.96
-99.85	-6.98
-99.85	-6.98
-99.85	-6.98
-97.25	-6.41
-97.25	-6.41
-97.25	-6.41
-97.25	-6.41
-94.18	-5.65
-94.18	-5.65
-94.18	-5.65
-90.93	-5.02
-90.93	-5.02
-90.93	-5.02
-86.92	-5.13
-86.92	-5.13
-86.92	-5.13
-86.92	-5.13
-82.63	-4.17
-82.63	-4.17
-82.63	-4.17
-80.24	-3.08
-80.24	-3.08
-80.24	-3.08
-77.09	-2.48
-77.09	-2.48
-77.09	-2.48
-77.09	-2.48
-73.01	-2.62
-73.01	-2.62
-73.01	-2.62
-73.01	-2.62
-71.02	-3.16
-71.02	-3.16
-70.48	-3.21
-70.48	-3.21
-70.48	-3.21
-70.48	-3.21
-70.01	-3.71
-70.01	-3.71
-70.01	-3.71
-70.01	-3.71
-69.29	-3.83
-69.29	-3.83
-69.18	-3.78
-69.18	-3.78
-69.18	-3.78
-69.18	-3.78
-69.02	-3.81
-69.02	-3.81
-69.02	-3.81
-68.61	-3.85
-68.61	-3.85
-68.61	-3.85
-68.61	-3.85
-68.61	-3.85
-68.03	-3.94
-68.03	-3.94
-68.03	-3.94
-67.47	-3.80
-67.47	-3.80
-66.57	-3.86
-66.57	-3.86
-66.57	-3.86
-66.57	-3.86
-64.97	-4.34
-64.97	-4.34
-64.97	-4.34
-64.79	-4.60
-64.79	-4.60
-64.79	-4.60
-64.00	-5.14
-64.00	-5.14
-64.00	-5.14
-64.00	-5.14
-62.82	-5.34
-62.82	-5.34
-62.82	-5.34
-62.82	-5.34
-60.08	-5.23
-60.08	-5.23
-54.67	-5.56
-54.67	-5.56
-54.67	-5.56
-54.67	-5.56
-46.25	-6.04
-46.25	-6.04
-46.25	-6.04
-37.44	-5.76
-37.44	-5.76
-37.44	-5.76
-37.44	-5.76
-32.63	-5.90
-32.63	-5.90
-32.63	-5.90
-29.75	-5.70
-29.75	-5.70
-29.75	-5.70
-29.75	-5.70
-26.81	-5.14
-26.81	-5.14
-23.77	-4.98
-23.77	-4.98
-23.77	-4.98
-23.77	-4.98
-20.98	-5.04
-20.98	-5.04
-20.98	-5.04
-17.29	-5.17
-17.29	-5.17
-17.29	-5.17
-12.92	-4.93
-12.92	-4.93
-12.92	-4.93
-12.92	-4.93
-9.17	-4.83
-9.17	-4.83
-9.17	-4.83
-9.17	-4.83
-5.69	-4.68
-5.69	-4.68
-3.00	-4.63
-3.00	-4.63
-2.53	-4.66
-2.53	-4.66
-0.83	-4.79
-0.83	-4.79
-0.83	-4.79
-0.83	-4.79
1.18	-5.25
1.18	-5.25
1.18	-5.25
1.18	-5.25
3.00	-5.25
3.00	-5.25
5.03	-5.50
5.03	-5.50
5.03	-5.50
5.03	-5.50
7.11	-5.44
7.11	-5.44
7.11	-5.44
9.12	-5.04
9.12	-5.04
9.12	-5.04
9.12	-5.04
14.07	-5.39
14.07	-5.39
17.92	-4.94
17.92	-4.94
17.92	-4.94
17.92	-4.94
20.75	-4.86
20.75	-4.86
20.75	-4.86
20.75	-4.86
23.32	-4.76
23.32	-4.76
23.32	-4.76
25.53	-4.93
25.53	-4.93
25.53	-4.93
25.53	-4.93
27.71	-4.74
27.71	-4.74
27.71	-4.74
29.86	-4.86
29.86	-4.86
29.86	-4.86
32.00	-5.12
32.00	-5.12
32.00	-5.12
32.00	-5.12
34.22	-4.85
34.22	-4.85
36.67	-5.05
36.67	-5.05
36.67	-5.05
36.67	-5.05
38.92	-4.97
38.92	-4.97
38.92	-4.97
38.92	-4.97
42.02	-4.68
42.02	-4.68
45.05	-4.65
45.05	-4.65
45.05	-4.65
45.05	-4.65
48.02	-4.64
48.02	-4.64
48.02	-4.64
48.82	-4.98
48.82	-4.98
48.82	-4.98
48.24	-5.11
48.24	-5.11
48.24	-5.11
48.24	-5.11
47.61	-5.32
47.61	-5.32
47.61	-5.32
47.61	-5.32
45.90	-5.51
45.90	-5.51
43.89	-5.31
43.89	-5.31
43.89	-5.31
43.89	-5.31
41.51	-5.91
41.51	-5.91
41.51	-5.91
41.51	-5.91
38.77	-6.02
38.77	-6.02
38.77	-6.02
35.33	-6.24
35.33	-6.24
35.33	-6.24
31.98	-6.34
31.98	-6.34
31.98	-6.34
31.98	-6.34
26.97	-5.82
26.97	-5.82
21.27	-6.03
21.27	-6.03
21.27	-6.03
21.27	-6.03
15.55	-5.85
15.55	-5.85
15.55	-5.85
9.58	-6.21
9.58	-6.21
9.58	-6.21
9.58	-6.21
2.47	-6.58
2.47	-6.58
2.47	-6.58
2.47	-6.58
-2.83	-6.58
-2.83	-6.58
-6.94	-6.32
-6.94	-6.32
-6.94	-6.32
-11.50	-6.61
-11.50	-6.61
-11.50	-6.61
-11.50	-6.61
-15.47	-6.23
-15.47	-6.23
-15.47	-6.23
-20.66	-6.47
-20.66	-6.47
-20.66	-6.47
-20.66	-6.47
-28.00	-6.69
-28.00	-6.69
-28.00	-6.69
-28.00	-6.69
-34.17	-6.52
-34.17	-6.52
-39.94	-6.64
-39.94	-6.64
-39.94	-6.64
-39.94	-6.64
-46.02	-7.03
-46.02	-7.03
-46.02	-7.03
-53.03	-7.07
-53.03	-7.07
-53.03	-7.07
-60.75	-7.24
-60.75	-7.24
-60.75	-7.24
-60.75	-7.24
-60.75	-7.24
-66.11	-7.25
-66.11	-7.25
-70.34	-7.10
-70.34	-7.10
-70.34	-7.10
-73.55	-6.93
-73.55	-6.93
-73.55	-6.93
-73.55	-6.93
-75.16	-6.54
-75.16	-6.54
-75.16	-6.54
-76.47	-6.33
-76.47	-6.33
-76.47	-6.33
-77.01	-6.34
-77.01	-6.34
-77.01	-6.34
-77.01	-6.34
-77.42	-6.62
-77.42	-6.62
-77.42	-6.62
-77.77	-7.53
-77.77	-7.53
-77.77	-7.53
-77.43	-7.88
-77.43	-7.88
-77.43	-7.88
-77.43	-7.88
-77.43	-7.88
-77.42	-8.98
-77.42	-8.98
-77.42	-8.98
-77.71	-9.67
-77.71	-9.67
-77.71	-9.67
-78.12	-9.96
-78.12	-9.96
-78.12	-9.96
-78.39	-10.24
-78.39	-10.24
-78.39	-10.24
-78.39	-10.47
-78.39	-10.47
-78.39	-10.47
-78.39	-10.47
-78.71	-10.59
-78.71	-10.59
-78.71	-10.59
-79.12	-9.86
-79.12	-9.86
-79.12	-9.86
-79.34	-9.45
-79.34	-9.45
-79.34	-9.45
-79.34	-9.45
-79.34	-9.45
-78.95	-8.98
-78.95	-8.98
-79.30	-8.57
-79.30	-8.57
-79.30	-8.57
-79.12	-8.45
-79.12	-8.45
-79.12	-8.45
-79.12	-8.45
-79.12	-8.45
-78.88	-8.75
-78.88	-8.75
-78.88	-8.75
-78.66	-9.11
-78.66	-9.11
-77.64	-8.94
-77.64	-8.94
-77.64	-8.94
-77.64	-8.94
-77.64	-8.94
-76.22	-8.53
-76.22	-8.53
-76.22	-8.53
-74.84	-7.90
-74.84	-7.90
-74.84	-7.90
-73.68	-7.93
-73.68	-7.93
-73.68	-7.93
-72.48	-7.67
-72.48	-7.67
-72.48	-7.67
-72.48	-7.67
-71.66	-6.82
-71.66	-6.82
-71.66	-6.82
-70.82	-6.01
-70.82	-6.01
-70.82	-6.01
-70.82	-6.01
-69.89	-5.74
-69.89	-5.74
-69.57	-6.10
-69.57	-6.10
-69.57	-6.10
-69.57	-6.10
-69.95	-6.25
-69.95	-6.25
-69.95	-6.25
-69.95	-6.25
-71.70	-6.93
-71.70	-6.93
-71.70	-6.93
-74.21	-6.18
-74.21	-6.18
-74.21	-6.18
-77.81	-7.18
-77.81	-7.18
-77.81	-7.18
-82.90	-6.31
-82.90	-6.31
-82.90	-6.31
-82.90	-6.31
-87.45	-6.53
-87.45	-6.53
-87.45	-6.53
-91.04	-6.53
-91.04	-6.53
-91.04	-6.53
-91.04	-6.53
-94.66	-6.63
-94.66	-6.63
-94.66	-6.63
-98.49	-7.54
-98.49	-7.54
-98.49	-7.54
-102.96	-7.41
-102.96	-7.41
-102.96	-7.41
-108.87	-7.67
-108.87	-7.67
-108.87	-7.67
-108.87	-7.67
-114.73	-7.49
-114.73	-7.49
-114.73	-7.49
-114.73	-7.49
-120.29	-7.70
-120.29	-7.70
-124.38	-7.80
-124.38	-7.80
-124.38	-7.80
-124.38	-7.80
-129.37	-8.48
-129.37	-8.48
-129.37	-8.48
-135.26	-8.64
-135.26	-8.64
-135.26	-8.64
-139.43	-7.25
-139.43	-7.25
-139.43	-7.25
-139.43	-7.25
-143.03	-7.29
-143.03	-7.29
-143.03	-7.29
-145.05	-6.65
-145.05	-6.65
-145.05	-6.65
-148.43	-6.41
-148.43	-6.41
-148.43	-6.41
-148.43	-6.41
-151.01	-6.74
-151.01	-6.74
-151.01	-6.74
-152.56	-6.43
-152.56	-6.43
-152.56	-6.43
-154.42	-6.49
-154.42	-6.49
-154.42	-6.49
-154.42	-6.49
-154.42	-6.49
-156.27	-6.63
-156.27	-6.63
-158.16	-6.34
-158.16	-6.34
-158.16	-6.34
-159.99	-6.10
-159.99	-6.10
-159.99	-6.10
-159.99	-6.10
-160.69	-5.77
-160.69	-5.77
-160.69	-5.77
-160.69	-5.77
-159.98	-5.66
-159.98	-5.66
-159.98	-5.66
-159.15	-6.20
-159.15	-6.20
-159.15	-6.20
-159.15	-6.20
-158.33	-5.98
-158.33	-5.98
-157.41	-6.19
-157.41	-6.19
-157.41	-6.19
-157.41	-6.19
-156.59	-5.99
-156.59	-5.99
-156.59	-5.99
-156.59	-5.99
-155.90	-5.91
-155.90	-5.91
-155.31	-5.91
-155.31	-5.91
-155.31	-5.91
-155.31	-5.91
-155.12	-6.07
-155.12	-6.07
-155.12	-6.07
-154.85	-6.06
-154.85	-6.06
-154.85	-6.06
-154.85	-6.06
-154.53	-6.32
-154.53	-6.32
-154.53	-6.32
-154.33	-6.03
-154.33	-6.03
-154.33	-6.03
-154.33	-6.03
-153.84	-6.17
-153.84	-6.17
-152.54	-6.58
-152.54	-6.58
-152.54	-6.58
-152.54	-6.58
-148.17	-6.47
-148.17	-6.47
-148.17	-6.47
-148.17	-6.47
-144.37	-6.36
-144.37	-6.36
-138.80	-5.49
-138.80	-5.49
-138.80	-5.49
-138.80	-5.49
-129.26	-4.57
-129.26	-4.57
-129.26	-4.57
-120.26	-4.40
-120.26	-4.40
-120.26	-4.40
-110.92	-4.38
-110.92	-4.38
-110.92	-4.38
-110.92	-4.38
-110.92	-4.38
-101.91	-4.77
-101.91	-4.77
-94.10	-5.13
-94.10	-5.13
-94.10	-5.13
-94.10	-5.13
-94.10	-5.13
-88.12	-5.44
-88.12	-5.44
-82.86	-5.42
-82.86	-5.42
-82.86	-5.42
-82.86	-5.42
-79.45	-5.11
-79.45	-5.11
-79.45	-5.11
-76.03	-4.69
-76.03	-4.69
-76.03	-4.69
-74.26	-4.96
-74.26	-4.96
-74.26	-4.96
-74.26	-4.96
-72.36	-5.97
-72.36	-5.97
-72.36	-5.97
-72.32	-6.00
-72.32	-6.00
-72.32	-6.00
-73.98	-5.92
-73.98	-5.92
-73.98	-5.92
-73.98	-5.92
-76.46	-6.19
-76.46	-6.19
-76.46	-6.19
-78.18	-6.37
-78.18	-6.37
-78.18	-6.37
-79.05	-5.94
-79.05	-5.94
-79.05	-5.94
-79.05	-5.94
-79.40	-4.57
-79.40	-4.57
-79.40	-4.57
-79.65	-3.43
-79.65	-3.43
-79.65	-3.43
-80.48	-3.12
-80.48	-3.12
-80.48	-3.12
-80.48	-3.12
-80.57	-2.33
-80.57	-2.33
-80.57	-2.33
-81.39	-0.86
-81.39	-0.86
-81.39	-0.86
-81.39	-0.86
-82.67	0.92
-82.67	0.92
-82.67	0.92
-83.98	2.12
-83.98	2.12
-83.98	2.12
-85.21	-0.21
-85.21	-0.21
-85.21	-0.21
-85.21	-0.21
-86.74	1.16
-86.74	1.16
-86.74	1.16
-87.80	1.01
-87.80	1.01
-87.80	1.01
-89.51	1.66
-89.51	1.66
-89.51	1.66
-89.51	1.66
-89.99	2.30
-89.99	2.30
-89.99	2.30
-90.53	2.98
-90.53	2.98
-90.53	2.98
-91.32	3.16
-91.32	3.16
-91.32	3.16
-91.32	3.16
-91.84	3.45
-91.84	3.45
-91.84	3.45
-92.20	3.38
-92.20	3.38
-92.20	3.38
-92.97	3.41
-92.97	3.41
-92.97	3.41
-92.97	3.41
-93.38	3.40
-93.38	3.40
-93.38	3.40
-93.51	3.12
-93.51	3.12
-93.51	3.12
-93.76	2.75
-93.76	2.75
-93.76	2.75
-93.76	2.75
-94.15	2.84
-94.15	2.84
-94.15	2.84
-94.92	2.35
-94.92	2.35
-94.92	2.35
-99.06	-0.58
-99.06	-0.58
-99.06	-0.58
-99.06	-0.58
-103.39	-3.17
-103.39	-3.17
-103.39	-3.17
-108.32	-7.48
-108.32	-7.48
-108.32	-7.48
-108.32	-7.48
-113.90	-9.96
-113.90	-9.96
-113.90	-9.96
-115.89	-11.19
-115.89	-11.19
-115.89	-11.19
-115.74	-11.90
-115.74	-11.90
-115.74	-11.90
-115.74	-11.90
-116.76	-13.10
-116.76	-13.10
-116.76	-13.10
-117.61	-14.22
-117.61	-14.22
-117.61	-14.22
-118.20	-14.42
-118.20	-14.42
-118.20	-14.42
-118.20	-14.42
-118.40	-14.86
-118.40	-14.86
-118.40	-14.86
-118.40	-14.86
-118.14	-14.71
-118.14	-14.71
-118.34	-14.78
-118.34	-14.78
-118.34	-14.78
-118.34	-14.78
-118.77	-14.31
-118.77	-14.31
-118.77	-14.31
-118.69	-13.73
-118.69	-13.73
-118.69	-13.73
-118.69	-13.73
-117.84	-13.96
-117.84	-13.96
-117.84	-13.96
-113.88	-15.19
-113.88	-15.19
-113.88	-15.19
-106.70	-16.46
-106.70	-16.46
-106.70	-16.46
-98.32	-18.28
-98.32	-18.28
-98.32	-18.28
-98.32	-18.28
-90.64	-19.83
-90.64	-19.83
-90.64	-19.83
-90.64	-19.83
-83.38	-20.84
-83.38	-20.84
-83.38	-20.84
-77.58	-20.94
-77.58	-20.94
-77.58	-20.94
-77.58	-20.94
-72.70	-21.42
-72.70	-21.42
-72.70	-21.42
-67.70	-22.08
-67.70	-22.08
-67.70	-22.08
-61.90	-22.01
-61.90	-22.01
-61.90	-22.01
-57.65	-21.21
-57.65	-21.21
-57.65	-21.21
-57.65	-21.21
-53.70	-20.81
-53.70	-20.81
-49.00	-20.26
-49.00	-20.26
-49.00	-20.26
-49.00	-20.26
-43.52	-19.00
-43.52	-19.00
-43.52	-19.00
-43.52	-19.00
-38.83	-18.27
-38.83	-18.27
-38.83	-18.27
-38.83	-18.27
-34.83	-17.88
-34.83	-17.88
-31.91	-17.48
-31.91	-17.48
-31.91	-17.48
-31.91	-17.48
-29.56	-16.20
-29.56	-16.20
-29.56	-16.20
-26.53	-13.97
-26.53	-13.97
-26.53	-13.97
-21.91	-11.38
-21.91	-11.38
-21.91	-11.38
-19.69	-8.97
-19.69	-8.97
-19.69	-8.97
-19.69	-8.97
-19.71	-7.52
-19.71	-7.52
-19.71	-7.52
-19.18	-7.09
-19.18	-7.09
-19.18	-7.09
-19.18	-7.09
-19.57	-5.56
-19.57	-5.56
-19.57	-5.56
-19.57	-5.56
-20.10	-5.63
-20.10	-5.63
-20.44	-4.52
-20.44	-4.52
-20.44	-4.52
-21.40	-3.04
-21.40	-3.04
-21.40	-3.04
-21.40	-3.04
-22.20	-2.23
-22.20	-2.23
-22.20	-2.23
-22.20	-2.23
-23.12	-1.42
-23.12	-1.42
-24.08	-0.08
-24.08	-0.08
-24.08	-0.08
-24.08	-0.08
-24.76	3.38
-24.76	3.38
-24.76	3.38
-24.76	3.38
-24.48	6.39
-24.48	6.39
-24.48	6.39
-24.48	6.39
-23.53	7.40
-23.53	7.40
-23.17	6.84
-23.17	6.84
-23.17	6.84
-23.17	6.84
-23.68	5.82
-23.68	5.82
-23.68	5.82
-23.68	5.82
-24.52	4.95
-24.52	4.95
-26.69	4.04
-26.69	4.04
-26.69	4.04
-26.69	4.04
-27.84	3.24
-27.84	3.24
-27.84	3.24
-27.84	3.24
-27.91	2.59
-27.91	2.59
-26.86	2.17
-26.86	2.17
-26.86	2.17
-26.86	2.17
-24.58	1.21
-24.58	1.21
-24.58	1.21
-24.58	1.21
-23.73	0.69
-23.73	0.69
-22.48	-0.01
-22.48	-0.01
-22.48	-0.01
-20.42	-0.14
-20.42	-0.14
-20.42	-0.14
-20.42	-0.14
-18.65	-1.16
-18.65	-1.16
-18.65	-1.16
-18.65	-1.16
-16.41	-2.36
-16.41	-2.36
-13.63	-3.15
-13.63	-3.15
-13.63	-3.15
-13.63	-3.15
-9.97	-4.45
-9.97	-4.45
-9.97	-4.45
-5.42	-4.98
-5.42	-4.98
-5.42	-4.98
-1.95	-5.45
-1.95	-5.45
-1.95	-5.45
-1.95	-5.45
-1.95	-5.45
1.55	-6.37
1.55	-6.37
6.11	-5.54
6.11	-5.54
6.11	-5.54
9.03	-5.32
9.03	-5.32
9.03	-5.32
9.03	-5.32
10.34	-5.38
10.34	-5.38
10.34	-5.38
11.70	-4.75
11.70	-4.75
11.70	-4.75
12.23	-4.43
12.23	-4.43
12.23	-4.43
12.23	-4.43
12.23	-4.43
12.73	-4.42
12.73	-4.42
12.73	-4.42
12.47	-4.53
12.47	-4.53
12.47	-4.53
11.62	-4.26
11.62	-4.26
11.62	-4.26
11.62	-4.26
10.92	-4.55
10.92	-4.55
10.48	-4.31
10.48	-4.31
10.48	-4.31
10.48	-4.31
10.48	-4.31
9.29	-4.91
9.29	-4.91
9.29	-4.91
7.36	-4.87
7.36	-4.87
6.29	-4.88
6.29	-4.88
6.29	-4.88
6.29	-4.88
6.29	-4.88
5.42	-4.90
5.42	-4.90
5.42	-4.90
4.86	-4.80
4.86	-4.80
4.86	-4.80
4.83	-5.27
4.83	-5.27
4.83	-5.27
4.83	-5.27
5.03	-5.08
5.03	-5.08
5.16	-5.14
5.16	-5.14
5.16	-5.14
5.16	-5.14
4.95	-5.50
4.95	-5.50
4.95	-5.50
4.98	-5.19
4.98	-5.19
4.98	-5.19
5.00	-4.90
5.00	-4.90
5.00	-4.90
5.20	-4.62
5.20	-4.62
5.20	-4.62
5.20	-4.62
5.20	-4.62
5.96	-4.10
5.96	-4.10
5.96	-4.10
6.50	-3.88
6.50	-3.88
6.50	-3.88
5.77	-3.62
5.77	-3.62
5.77	-3.62
6.16	-4.01
6.16	-4.01
6.16	-4.01
6.90	-3.77
6.90	-3.77
6.90	-3.77
6.90	-3.77
7.27	-3.92
7.27	-3.92
7.27	-3.92
7.93	-3.99
7.93	-3.99
7.93	-3.99
8.60	-4.00
8.60	-4.00
8.60	-4.00
8.60	-4.00
8.60	-4.00
9.12	-3.85
9.12	-3.85
9.12	-3.85
9.44	-3.99
9.44	-3.99
9.44	-3.99
10.47	-4.28
10.47	-4.28
10.47	-4.28
10.47	-4.28
11.52	-4.63
11.52	-4.63
11.52	-4.63
12.26	-4.86
12.26	-4.86
12.63	-5.34
12.63	-5.34
12.63	-5.34
12.63	-5.34
13.78	-6.01
13.78	-6.01
13.78	-6.01
14.52	-6.31
14.52	-6.31
14.52	-6.31
14.52	-6.31
14.52	-6.31
14.97	-6.49
14.97	-6.49
15.92	-6.77
15.92	-6.77
15.92	-6.77
15.92	-6.77
16.70	-7.24
16.70	-7.24
18.17	-7.74
18.17	-7.74
18.17	-7.74
18.17	-7.74
18.17	-7.74
19.17	-8.08
19.17	-8.08
19.17	-8.08
20.74	-8.21
20.74	-8.21
20.74	-8.21
22.75	-8.19
22.75	-8.19
22.75	-8.19
22.75	-8.19
23.43	-9.74
23.43	-9.74
23.16	-11.62
23.16	-11.62
23.16	-11.62
23.16	-11.62
21.57	-12.27
21.57	-12.27
21.57	-12.27
21.57	-12.27
20.45	-12.37
20.45	-12.37
20.01	-12.28
20.01	-12.28
20.01	-12.28
20.01	-12.28
18.93	-12.22
18.93	-12.22
18.93	-12.22
17.19	-12.26
17.19	-12.26
17.19	-12.26
15.07	-11.68
15.07	-11.68
15.07	-11.68
12.22	-11.68
12.22	-11.68
12.22	-11.68
12.22	-11.68
12.22	-11.68
7.96	-11.65
7.96	-11.65
7.96	-11.65
2.61	-11.75
2.61	-11.75
2.61	-11.75
-3.50	-12.36
-3.50	-12.36
-3.50	-12.36
-9.46	-12.28
-9.46	-12.28
-9.46	-12.28
-15.51	-12.17
-15.51	-12.17
-15.51	-12.17
-15.51	-12.17
-21.22	-12.84
-21.22	-12.84
-21.22	-12.84
-26.07	-13.62
-26.07	-13.62
-26.07	-13.62
-26.07	-13.62
-29.31	-14.97
-29.31	-14.97
-29.31	-14.97
-32.29	-15.48
-32.29	-15.48
-32.29	-15.48
-34.93	-15.89
-34.93	-15.89
-34.93	-15.89
-38.31	-15.97
-38.31	-15.97
-38.31	-15.97
-38.31	-15.97
-38.31	-15.97
-40.88	-15.50
-40.88	-15.50
-40.88	-15.50
-42.97	-15.48
-42.97	-15.48
-42.97	-15.48
-44.77	-15.36
-44.77	-15.36
-44.77	-15.36
-46.16	-15.32
-46.16	-15.32
-46.16	-15.32
-47.82	-15.11
-47.82	-15.11
-47.82	-15.11
-47.82	-15.11
-49.57	-15.10
-49.57	-15.10
-49.57	-15.10
-50.63	-14.98
-50.63	-14.98
-50.63	-14.98
-51.63	-14.72
-51.63	-14.72
-51.63	-14.72
-51.63	-14.72
-52.43	-14.44
-52.43	-14.44
-52.43	-14.44
-52.43	-14.44
-52.53	-14.31
-52.53	-14.31
-52.56	-14.47
-52.56	-14.47
-52.56	-14.47
-52.56	-14.47
-52.26	-14.82
-52.26	-14.82
-52.26	-14.82
-52.26	-14.82
-51.50	-14.89
-51.50	-14.89
-50.25	-14.44
-50.25	-14.44
-50.25	-14.44
-50.25	-14.44
-48.97	-14.01
-48.97	-14.01
-48.97	-14.01
-48.97	-14.01
-47.00	-12.82
-47.00	-12.82
-45.79	-12.13
-45.79	-12.13
-45.79	-12.13
-44.27	-11.52
-44.27	-11.52
-44.27	-11.52
-44.27	-11.52
-42.01	-10.13
-42.01	-10.13
-42.01	-10.13
-42.01	-10.13
-39.73	-9.03
-39.73	-9.03
-39.73	-9.03
-39.73	-9.03
-37.44	-7.68
-37.44	-7.68
-34.76	-6.93
-34.76	-6.93
-34.76	-6.93
-34.76	-6.93
-32.31	-6.02
-32.31	-6.02
-32.31	-6.02
-30.46	-5.35
-30.46	-5.35
-30.46	-5.35
-28.19	-4.63
-28.19	-4.63
-28.19	-4.63
-28.19	-4.63
-28.19	-4.63
-26.05	-3.49
-26.05	-3.49
-23.97	-3.04
-23.97	-3.04
-23.97	-3.04
-23.97	-3.04
-22.18	-1.90
-22.18	-1.90
-21.09	-0.75
-21.09	-0.75
-21.09	-0.75
-21.09	-0.75
-18.76	1.51
-18.76	1.51
-18.76	1.51
-18.76	1.51
-17.99	3.60
-17.99	3.60
-17.99	3.60
-17.99	3.60
-18.21	5.88
-18.21	5.88
-18.12	7.73
-18.12	7.73
-18.12	7.73
-17.84	9.35
-17.84	9.35
-17.84	9.35
-17.84	9.35
-17.78	10.89
-17.78	10.89
-17.78	10.89
-17.44	12.71
-17.44	12.71
-17.44	12.71
-17.44	12.71
-16.95	14.80
-16.95	14.80
-16.95	14.80
-16.26	16.60
-16.26	16.60
-16.26	16.60
-15.67	17.97
-15.67	17.97
-15.67	17.97
-15.67	17.97
-15.29	18.50
-15.29	18.50
-15.29	18.50
-15.17	17.64
-15.17	17.64
-15.17	17.64
-15.76	16.05
-15.76	16.05
-15.76	16.05
-15.76	16.05
-15.93	12.00
-15.93	12.00
-15.93	12.00
-17.81	8.73
-17.81	8.73
-17.81	8.73
-17.81	8.73
-18.63	7.49
-18.63	7.49
-18.63	7.49
-18.80	6.74
-18.80	6.74
-18.80	6.74
-18.79	6.19
-18.79	6.19
-18.79	6.19
-18.79	6.19
-18.33	4.97
-18.33	4.97
-18.33	4.97
-17.63	4.72
-17.63	4.72
-17.63	4.72
-16.50	3.58
-16.50	3.58
-16.50	3.58
-16.50	3.58
-13.03	3.18
-13.03	3.18
-13.03	3.18
-6.87	2.94
-6.87	2.94
-6.87	2.94
-0.39	2.53
-0.39	2.53
-0.39	2.53
-0.39	2.53
4.97	2.19
4.97	2.19
4.97	2.19
6.62	2.15
6.62	2.15
6.62	2.15
7.57	1.83
7.57	1.83
7.57	1.83
7.57	1.83
7.81	1.51
7.81	1.51
7.81	1.51
9.10	2.81
9.10	2.81
9.10	2.81
11.57	3.57
11.57	3.57
11.57	3.57
11.57	3.57
13.37	4.02
13.37	4.02
13.37	4.02
15.66	4.52
15.66	4.52
15.66	4.52
18.07	4.89
18.07	4.89
18.07	4.89
18.07	4.89
20.70	5.78
20.70	5.78
20.70	5.78
23.19	6.46
23.19	6.46
23.19	6.46
23.19	6.46
24.47	7.32
24.47	7.32
24.47	7.32
25.65	7.27
25.65	7.27
25.65	7.27
25.49	7.48
25.49	7.48
25.49	7.48
25.49	7.48
24.75	7.20
24.75	7.20
24.75	7.20
24.17	7.16
24.17	7.16
24.17	7.16
22.97	6.94
22.97	6.94
22.97	6.94
22.97	6.94
21.89	6.45
21.89	6.45
21.89	6.45
18.62	4.21
18.62	4.21
18.62	4.21
15.08	3.14
15.08	3.14
15.08	3.14
15.08	3.14
9.16	-0.42
9.16	-0.42
9.16	-0.42
-1.58	-5.39
-1.58	-5.39
-1.58	-5.39
-10.28	-5.86
-10.28	-5.86
-10.28	-5.86
-10.28	-5.86
-17.13	-5.66
-17.13	-5.66
-17.13	-5.66
-27.64	-6.67
-27.64	-6.67
-27.64	-6.67
-39.36	-6.25
-39.36	-6.25
-39.36	-6.25
-39.36	-6.25
-49.27	-4.61
-49.27	-4.61
-49.27	-4.61
-49.27	-4.61
-57.58	-3.35
-57.58	-3.35
-57.58	-3.35
-65.62	-2.05
-65.62	-2.05
-65.62	-2.05
-71.42	-0.16
-71.42	-0.16
-71.42	-0.16
-77.48	0.52
-77.48	0.52
-77.48	0.52
-77.48	0.52
-80.37	2.53
-80.37	2.53
-80.37	2.53
-81.69	3.89
-81.69	3.89
-81.69	3.89
-82.72	4.32
-82.72	4.32
-82.72	4.32
-82.72	4.32
-82.72	4.32
-82.61	5.36
-82.61	5.36
-82.61	5.36
-83.70	6.64
-83.70	6.64
-85.53	7.75
-85.53	7.75
-85.53	7.75
-85.53	7.75
-88.09	8.47
-88.09	8.47
-88.09	8.47
-91.05	8.78
-91.05	8.78
-91.05	8.78
-93.45	9.88
-93.45	9.88
-93.45	9.88
-93.45	9.88
-95.60	11.35
-95.60	11.35
-95.60	11.35
-98.58	12.02
-98.58	12.02
-98.58	12.02
-101.76	12.61
-101.76	12.61
-101.76	12.61
-101.76	12.61
-104.54	13.22
-104.54	13.22
-104.54	13.22
-108.13	13.71
-108.13	13.71
-108.13	13.71
-108.13	13.71
-111.31	14.59
-111.31	14.59
-111.31	14.59
-115.09	15.91
-115.09	15.91
-115.09	15.91
-118.25	16.53
-118.25	16.53
-118.25	16.53
-118.25	16.53
-118.87	17.27
-118.87	17.27
-118.87	17.27
-118.87	17.27
-120.61	17.56
-120.61	17.56
-120.61	17.56
-122.29	18.63
-122.29	18.63
-122.29	18.63
-122.29	18.63
-123.21	20.13
-123.21	20.13
-124.70	21.55
-124.70	21.55
-124.70	21.55
-124.70	21.55
-125.41	23.07
-125.41	23.07
-125.41	23.07
-126.46	25.35
-126.46	25.35
-126.46	25.35
-126.46	26.43
-126.46	26.43
-126.46	26.43
-126.19	28.51
-126.19	28.51
-126.19	28.51
-126.19	28.51
-125.89	29.25
-125.89	29.25
-125.89	29.25
-124.76	30.94
-124.76	30.94
-124.76	30.94
-124.76	30.94
-124.77	32.11
-124.77	32.11
-124.77	32.11
-123.88	33.20
-123.88	33.20
-123.88	33.20
-123.14	34.52
-123.14	34.52
-123.14	34.52
-123.14	34.52
-122.69	35.73
-122.69	35.73
-122.69	35.73
-121.87	36.79
-121.87	36.79
-121.87	36.79
-121.87	36.79
-121.53	36.67
-121.53	36.67
-121.53	36.67
-120.88	37.22
-120.88	37.22
-120.88	37.22
-120.77	36.80
-120.77	36.80
-120.77	36.80
-120.77	36.80
-119.96	36.60
-119.96	36.60
-119.96	36.60
-119.96	36.60
-118.92	35.94
-118.92	35.94
-114.53	35.37
-114.53	35.37
-114.53	35.37
-114.53	35.37
-109.91	35.26
-109.91	35.26
-109.91	35.26
-101.99	35.49
-101.99	35.49
-101.99	35.49
-101.99	35.49
-101.99	35.49
-97.09	34.68
-97.09	34.68
-88.56	34.71
-88.56	34.71
-88.56	34.71
-80.03	32.71
-80.03	32.71
-80.03	32.71
-80.03	32.71
-75.86	32.38
-75.86	32.38
-75.86	32.38
-66.87	31.26
-66.87	31.26
-66.87	31.26
-54.95	28.59
-54.95	28.59
-54.95	28.59
-54.95	28.59
-50.43	28.49
-50.43	28.49
-50.43	28.49
-41.02	27.57
-41.02	27.57
-41.02	27.57
-41.02	27.57
-32.16	26.85
-32.16	26.85
-32.16	26.85
-25.25	27.59
-25.25	27.59
-25.25	27.59
-23.34	27.69
-23.34	27.69
-23.34	27.69
-23.34	27.69
-21.39	27.59
-21.39	27.59
-21.39	27.59
-20.01	28.53
-20.01	28.53
-20.01	28.53
-18.98	29.27
-18.98	29.27
-18.98	29.27
-18.98	29.27
-16.06	29.33
-16.06	29.33
-16.06	29.33
-0.16	26.66
-0.16	26.66
-0.16	26.66
-1.80	26.99
-1.80	26.99
-1.80	26.99
-1.80	26.99
1.56	27.64
1.56	27.64
1.56	27.64
3.98	27.27
3.98	27.27
3.98	27.27
3.98	27.27
6.98	27.84
6.98	27.84
6.98	27.84
10.25	28.20
10.25	28.20
10.25	28.20
10.25	28.20
13.46	27.89
13.46	27.89
13.46	27.89
17.12	27.38
17.12	27.38
17.12	27.38
17.21	26.96
17.21	26.96
17.21	26.96
18.19	26.04
18.19	26.04
18.19	26.04
18.19	26.04
18.07	25.60
18.07	25.60
18.07	25.60
17.74	25.01
17.74	25.01
17.74	25.01
18.04	23.94
18.04	23.94
18.04	23.94
18.04	23.94
18.48	22.04
18.48	22.04
18.48	22.04
18.48	22.04
18.64	17.88
18.64	17.88
17.43	11.33
17.43	11.33
17.43	11.33
17.43	11.33
15.95	7.76
15.95	7.76
15.95	7.76
14.65	0.98
14.65	0.98
14.65	0.98
12.82	-3.55
12.82	-3.55
12.82	-3.55
12.82	-3.55
12.82	-3.55
11.23	-7.41
11.23	-7.41
10.45	-8.71
10.45	-8.71
10.45	-8.71
10.45	-8.71
10.25	-9.21
10.25	-9.21
10.25	-9.21
10.25	-9.21
9.49	-8.49
9.49	-8.49
9.49	-8.49
9.49	-8.49
8.44	-7.51
8.44	-7.51
6.68	-6.20
6.68	-6.20
6.68	-6.20
6.68	-6.20
4.77	-4.96
4.77	-4.96
4.77	-4.96
4.77	-4.96
2.51	-3.61
2.51	-3.61
-3.16	-2.93
-3.16	-2.93
-3.16	-2.93
-3.16	-2.93
-4.20	-2.36
-4.20	-2.36
