32.36	0.28
33.54	-0.95
33.54	-0.95
33.54	-0.95
33.54	-0.95
33.54	-0.95
33.85	-0.82
33.85	-0.82
33.85	-0.82
33.85	-0.82
33.85	-0.82
34.20	-0.95
34.20	-0.95
34.20	-0.95
34.20	-0.95
34.20	-0.95
34.10	-1.21
34.10	-1.21
34.10	-1.21
34.10	-1.21
34.10	-1.21
34.07	-1.18
34.07	-1.18
34.07	-1.18
34.07	-1.18
34.07	-1.18
34.07	-1.18
33.21	-1.36
33.21	-1.36
33.21	-1.36
33.21	-1.36
32.93	-1.25
32.93	-1.25
32.93	-1.25
32.93	-1.25
32.93	-1.25
33.48	-1.30
33.48	-1.30
33.48	-1.30
33.48	-1.30
33.48	-1.30
33.91	-0.94
33.91	-0.94
33.91	-0.94
33.91	-0.94
33.91	-0.94
34.17	-1.04
34.17	-1.04
34.17	-1.04
34.17	-1.04
34.17	-1.04
33.96	-0.96
33.96	-0.96
33.96	-0.96
33.96	-0.96
33.96	-0.96
33.74	-1.30
33.74	-1.30
33.74	-1.30
33.74	-1.30
33.74	-1.30
33.58	-1.26
33.58	-1.26
33.58	-1.26
33.58	-1.26
33.58	-1.26
33.58	-1.26
33.52	-1.43
33.52	-1.43
33.52	-1.43
33.52	-1.43
33.52	-1.43
33.80	-1.16
33.80	-1.16
33.80	-1.16
33.80	-1.16
33.80	-1.16
33.94	-1.08
33.94	-1.08
33.94	-1.08
33.94	-1.08
33.94	-1.08
33.51	-1.19
33.51	-1.19
33.51	-1.19
33.51	-1.19
33.51	-1.19
33.54	-1.09
33.54	-1.09
33.54	-1.09
33.54	-1.09
33.54	-1.09
33.92	-0.32
33.92	-0.32
33.92	-0.32
33.92	-0.32
33.92	-0.32
34.74	0.62
34.74	0.62
34.74	0.62
34.74	0.62
34.74	0.62
37.23	0.01
37.23	0.01
37.23	0.01
37.23	0.01
37.23	0.01
39.67	1.40
39.67	1.40
39.67	1.40
39.67	1.40
39.67	1.40
41.78	3.30
41.78	3.30
41.78	3.30
41.78	3.30
45.07	1.98
45.07	1.98
45.07	1.98
45.07	1.98
45.07	1.98
47.48	0.63
47.48	0.63
47.48	0.63
47.48	0.63
47.48	0.63
48.33	0.53
48.33	0.53
48.33	0.53
48.33	0.53
48.33	0.53
49.04	0.59
49.04	0.59
49.04	0.59
49.04	0.59
49.04	0.59
48.88	0.59
48.88	0.59
48.88	0.59
48.88	0.59
48.88	0.59
49.02	0.42
49.02	0.42
49.02	0.42
49.02	0.42
49.02	0.42
53.57	0.03
53.57	0.03
53.57	0.03
53.57	0.03
53.57	0.03
62.86	-0.06
62.86	-0.06
62.86	-0.06
62.86	-0.06
62.86	-0.06
73.44	-0.73
73.44	-0.73
73.44	-0.73
73.44	-0.73
73.44	-0.73
83.49	-1.15
83.49	-1.15
83.49	-1.15
83.49	-1.15
83.49	-1.15
90.90	-1.59
90.90	-1.59
90.90	-1.59
90.90	-1.59
90.90	-1.59
96.75	-1.94
96.75	-1.94
96.75	-1.94
96.75	-1.94
96.75	-1.94
100.05	-1.83
100.05	-1.83
100.05	-1.83
100.05	-1.83
100.05	-1.83
100.75	-1.93
100.75	-1.93
100.75	-1.93
100.75	-1.93
100.75	-1.93
97.07	-2.06
97.07	-2.06
97.07	-2.06
97.07	-2.06
97.07	-2.06
88.92	-2.24
88.92	-2.24
88.92	-2.24
88.92	-2.24
88.92	-2.24
75.77	-1.70
75.77	-1.70
75.77	-1.70
75.77	-1.70
75.77	-1.70
60.80	-1.84
60.80	-1.84
60.80	-1.84
60.80	-1.84
60.80	-1.84
60.80	-1.84
44.08	-2.03
44.08	-2.03
44.08	-2.03
44.08	-2.03
44.08	-2.03
27.99	-1.83
27.99	-1.83
27.99	-1.83
27.99	-1.83
27.99	-1.83
18.62	-2.35
18.62	-2.35
18.62	-2.35
18.62	-2.35
18.62	-2.35
17.18	-2.97
17.18	-2.97
17.18	-2.97
17.18	-2.97
17.18	-2.97
18.46	-3.31
18.46	-3.31
18.46	-3.31
18.46	-3.31
18.46	-3.31
21.28	-3.10
21.28	-3.10
21.28	-3.10
21.28	-3.10
21.28	-3.10
24.14	-2.42
24.14	-2.42
24.14	-2.42
24.14	-2.42
24.14	-2.42
25.85	-2.15
25.85	-2.15
25.85	-2.15
25.85	-2.15
25.85	-2.15
26.45	-1.86
26.45	-1.86
26.45	-1.86
26.45	-1.86
26.40	-1.61
26.40	-1.61
26.40	-1.61
26.40	-1.61
26.40	-1.61
27.08	1.44
27.08	1.44
27.08	1.44
27.08	1.44
27.08	1.44
28.26	0.80
28.26	0.80
28.26	0.80
28.26	0.80
28.26	0.80
29.80	0.34
29.80	0.34
29.80	0.34
29.80	0.34
29.80	0.34
29.80	0.34
32.15	1.55
32.15	1.55
32.15	1.55
32.15	1.55
32.15	1.55
35.14	0.58
35.14	0.58
35.14	0.58
35.14	0.58
35.14	0.58
38.43	1.03
38.43	1.03
38.43	1.03
38.43	1.03
38.43	1.03
41.73	1.47
41.73	1.47
41.73	1.47
41.73	1.47
41.73	1.47
44.66	1.03
44.66	1.03
44.66	1.03
44.66	1.03
44.66	1.03
46.16	0.39
46.16	0.39
46.16	0.39
46.16	0.39
46.16	0.39
46.09	0.09
46.09	0.09
46.09	0.09
46.09	0.09
46.09	0.09
44.91	-1.31
44.91	-1.31
44.91	-1.31
44.91	-1.31
44.91	-1.31
43.50	-6.54
43.50	-6.54
43.50	-6.54
43.50	-6.54
43.50	-6.54
43.50	-6.54
43.46	-17.10
43.46	-17.10
43.46	-17.10
43.46	-17.10
42.99	-23.29
42.99	-23.29
42.99	-23.29
42.99	-23.29
42.99	-23.29
43.42	-26.01
43.42	-26.01
43.42	-26.01
43.42	-26.01
43.42	-26.01
43.90	-27.79
43.90	-27.79
43.90	-27.79
43.90	-27.79
43.90	-27.79
43.90	-27.79
44.24	-29.81
44.24	-29.81
44.24	-29.81
44.24	-29.81
45.10	-33.98
45.10	-33.98
45.10	-33.98
45.10	-33.98
45.10	-33.98
45.10	-33.98
45.06	-36.07
45.06	-36.07
45.06	-36.07
45.06	-36.07
45.71	-37.31
45.71	-37.31
45.71	-37.31
45.71	-37.31
45.71	-37.31
45.71	-37.31
47.06	-40.23
47.06	-40.23
47.06	-40.23
47.06	-40.23
47.06	-40.23
47.06	-40.23
48.86	-42.85
48.86	-42.85
48.86	-42.85
48.86	-42.85
50.61	-44.96
50.61	-44.96
50.61	-44.96
50.61	-44.96
50.61	-44.96
50.61	-44.96
52.81	-48.46
52.81	-48.46
52.81	-48.46
52.81	-48.46
54.28	-50.48
54.28	-50.48
54.28	-50.48
54.28	-50.48
54.28	-50.48
56.75	-53.51
56.75	-53.51
56.75	-53.51
56.75	-53.51
56.75	-53.51
58.48	-55.86
58.48	-55.86
58.48	-55.86
58.48	-55.86
58.48	-55.86
59.58	-57.68
59.58	-57.68
59.58	-57.68
59.58	-57.68
59.58	-57.68
60.75	-59.76
60.75	-59.76
60.75	-59.76
60.75	-59.76
60.75	-59.76
62.35	-60.70
62.35	-60.70
62.35	-60.70
62.35	-60.70
62.35	-60.70
64.46	-61.20
64.46	-61.20
64.46	-61.20
64.46	-61.20
64.46	-61.20
64.46	-61.20
67.08	-61.04
67.08	-61.04
67.08	-61.04
67.08	-61.04
74.52	-60.49
74.52	-60.49
74.52	-60.49
74.52	-60.49
74.52	-60.49
74.52	-60.49
78.14	-59.31
78.14	-59.31
78.14	-59.31
78.14	-59.31
82.11	-58.26
82.11	-58.26
82.11	-58.26
82.11	-58.26
82.11	-58.26
82.11	-58.26
84.98	-56.47
84.98	-56.47
84.98	-56.47
84.98	-56.47
87.83	-55.29
87.83	-55.29
87.83	-55.29
87.83	-55.29
87.83	-55.29
87.83	-55.29
89.40	-53.16
89.40	-53.16
89.40	-53.16
89.40	-53.16
90.52	-46.98
90.52	-46.98
90.52	-46.98
90.52	-46.98
90.52	-46.98
90.52	-46.98
97.29	-39.04
97.29	-39.04
97.29	-39.04
97.29	-39.04
101.65	-33.25
101.65	-33.25
101.65	-33.25
101.65	-33.25
101.65	-33.25
101.65	-33.25
103.94	-28.36
103.94	-28.36
103.94	-28.36
103.94	-28.36
107.53	-24.06
107.53	-24.06
107.53	-24.06
107.53	-24.06
107.53	-24.06
107.53	-24.06
110.87	-19.74
110.87	-19.74
110.87	-19.74
110.87	-19.74
112.17	-16.05
112.17	-16.05
112.17	-16.05
112.17	-16.05
112.17	-16.05
112.17	-16.05
113.24	-12.93
113.24	-12.93
113.24	-12.93
113.24	-12.93
113.07	-11.37
113.07	-11.37
113.07	-11.37
113.07	-11.37
113.07	-11.37
113.07	-11.37
113.68	-10.03
113.68	-10.03
113.68	-10.03
113.68	-10.03
113.68	-10.03
115.16	-4.21
115.16	-4.21
115.16	-4.21
115.16	-4.21
116.45	-1.36
116.45	-1.36
116.45	-1.36
116.45	-1.36
116.45	-1.36
116.45	-1.36
118.46	0.94
118.46	0.94
118.46	0.94
118.46	0.94
120.63	2.45
120.63	2.45
120.63	2.45
120.63	2.45
120.63	2.45
120.63	2.45
124.56	3.77
124.56	3.77
124.56	3.77
124.56	3.77
130.77	4.57
130.77	4.57
130.77	4.57
130.77	4.57
130.77	4.57
133.78	5.53
133.78	5.53
133.78	5.53
133.78	5.53
133.78	5.53
136.88	6.02
136.88	6.02
136.88	6.02
136.88	6.02
136.88	6.02
136.88	6.02
138.88	5.82
138.88	5.82
138.88	5.82
138.88	5.82
138.88	5.82
140.38	5.65
140.38	5.65
140.38	5.65
140.38	5.65
140.37	5.31
140.37	5.31
140.37	5.31
140.37	5.31
140.37	5.31
140.31	4.08
140.31	4.08
140.31	4.08
140.31	4.08
140.31	4.08
140.31	4.08
140.60	3.75
140.60	3.75
140.60	3.75
140.60	3.75
140.62	3.16
140.62	3.16
140.62	3.16
140.62	3.16
140.62	3.16
140.62	3.16
140.15	3.46
140.15	3.46
140.15	3.46
140.15	3.46
139.67	2.33
139.67	2.33
139.67	2.33
139.67	2.33
139.67	2.33
138.90	2.39
138.90	2.39
138.90	2.39
138.90	2.39
138.90	2.39
138.38	1.95
138.38	1.95
138.38	1.95
138.38	1.95
138.16	1.78
138.16	1.78
138.16	1.78
138.16	1.78
138.16	1.78
138.16	1.78
138.43	1.58
138.43	1.58
138.43	1.58
138.43	1.58
138.20	1.84
138.20	1.84
138.20	1.84
138.20	1.84
138.20	1.84
138.20	1.84
138.34	1.96
138.34	1.96
138.34	1.96
138.34	1.96
139.17	2.34
139.17	2.34
139.17	2.34
139.17	2.34
139.17	2.34
139.17	2.34
138.55	2.39
138.55	2.39
138.55	2.39
138.55	2.39
128.92	2.78
128.92	2.78
128.92	2.78
128.92	2.78
128.92	2.78
128.92	2.78
118.25	3.69
118.25	3.69
118.25	3.69
118.25	3.69
109.48	3.63
109.48	3.63
109.48	3.63
109.48	3.63
109.48	3.63
109.48	3.63
102.71	3.93
102.71	3.93
102.71	3.93
102.71	3.93
98.47	4.25
98.47	4.25
98.47	4.25
98.47	4.25
98.47	4.25
98.47	4.25
97.41	4.08
97.41	4.08
97.41	4.08
97.41	4.08
97.41	4.08
98.16	4.10
98.16	4.10
98.16	4.10
98.16	4.10
99.21	4.05
99.21	4.05
99.21	4.05
99.21	4.05
99.21	4.05
99.21	4.05
98.94	3.97
98.94	3.97
98.94	3.97
98.94	3.97
98.94	3.97
97.18	3.70
97.18	3.70
97.18	3.70
97.18	3.70
82.26	2.79
82.26	2.79
82.26	2.79
82.26	2.79
82.26	2.79
82.26	2.79
67.29	2.81
67.29	2.81
67.29	2.81
67.29	2.81
67.29	2.81
55.78	1.58
55.78	1.58
55.78	1.58
55.78	1.58
47.28	0.11
47.28	0.11
47.28	0.11
47.28	0.11
47.28	0.11
47.28	0.11
41.50	-0.83
41.50	-0.83
41.50	-0.83
41.50	-0.83
41.50	-0.83
34.97	-2.73
34.97	-2.73
34.97	-2.73
34.97	-2.73
34.97	-2.73
27.81	-4.98
27.81	-4.98
27.81	-4.98
27.81	-4.98
27.81	-4.98
20.43	-5.09
20.43	-5.09
20.43	-5.09
20.43	-5.09
20.43	-5.09
12.31	-4.57
12.31	-4.57
12.31	-4.57
12.31	-4.57
12.31	-4.57
4.38	-3.33
4.38	-3.33
4.38	-3.33
4.38	-3.33
4.38	-3.33
-1.43	-1.74
-1.43	-1.74
-1.43	-1.74
-1.43	-1.74
-1.43	-1.74
-4.23	0.66
-4.23	0.66
-4.23	0.66
-4.23	0.66
-4.23	0.66
-5.71	4.25
-5.71	4.25
-5.71	4.25
-5.71	4.25
-5.71	4.25
-4.80	6.21
-4.80	6.21
-4.80	6.21
-4.80	6.21
-4.80	6.21
-3.70	7.11
-3.70	7.11
-3.70	7.11
-3.70	7.11
-3.70	7.11
-2.27	7.22
-2.27	7.22
-2.27	7.22
-2.27	7.22
-2.27	7.22
-1.57	7.03
-1.57	7.03
-1.57	7.03
-1.57	7.03
-1.57	7.03
-1.57	7.03
-1.67	6.73
-1.67	6.73
-1.67	6.73
-1.67	6.73
-1.67	6.73
-1.73	5.85
-1.73	5.85
-1.73	5.85
-1.73	5.85
-1.73	5.85
-2.14	5.13
-2.14	5.13
-2.14	5.13
-2.14	5.13
-2.14	5.13
-2.76	4.22
-2.76	4.22
-2.76	4.22
-2.76	4.22
-2.76	4.22
-3.53	3.05
-3.53	3.05
-3.53	3.05
-3.53	3.05
-3.53	3.05
-3.86	0.96
-3.86	0.96
-3.86	0.96
-3.86	0.96
-3.86	0.96
-2.10	-0.89
-2.10	-0.89
-2.10	-0.89
-2.10	-0.89
-2.10	-0.89
0.32	-1.79
0.32	-1.79
0.32	-1.79
0.32	-1.79
0.32	-1.79
2.86	-2.53
2.86	-2.53
2.86	-2.53
2.86	-2.53
2.86	-2.53
6.82	-2.99
6.82	-2.99
6.82	-2.99
6.82	-2.99
6.82	-2.99
13.15	-3.18
13.15	-3.18
13.15	-3.18
13.15	-3.18
13.15	-3.18
13.15	-3.18
16.06	-3.87
16.06	-3.87
16.06	-3.87
16.06	-3.87
16.06	-3.87
19.96	-3.67
19.96	-3.67
19.96	-3.67
19.96	-3.67
19.96	-3.67
22.85	-2.40
22.85	-2.40
22.85	-2.40
22.85	-2.40
22.85	-2.40
23.96	-2.11
23.96	-2.11
23.96	-2.11
23.96	-2.11
23.96	-2.11
24.26	-1.77
24.26	-1.77
24.26	-1.77
24.26	-1.77
24.26	-1.77
25.63	-1.56
25.63	-1.56
25.63	-1.56
25.63	-1.56
25.63	-1.56
27.87	-1.14
27.87	-1.14
27.87	-1.14
27.87	-1.14
27.87	-1.14
28.11	0.13
28.11	0.13
28.11	0.13
28.11	0.13
28.11	0.13
28.86	4.00
28.86	4.00
28.86	4.00
28.86	4.00
28.86	4.00
29.14	9.26
29.14	9.26
29.14	9.26
29.14	9.26
29.14	9.26
25.81	15.77
25.81	15.77
25.81	15.77
25.81	15.77
25.81	15.77
22.89	26.95
22.89	26.95
22.89	26.95
22.89	26.95
22.89	26.95
19.72	33.34
19.72	33.34
19.72	33.34
19.72	33.34
19.72	33.34
18.34	36.47
18.34	36.47
18.34	36.47
18.34	36.47
18.34	36.47
18.60	37.18
18.60	37.18
18.60	37.18
18.60	37.18
18.60	37.18
18.16	37.67
18.16	37.67
18.16	37.67
18.16	37.67
18.16	37.67
17.97	35.22
17.97	35.22
17.97	35.22
17.97	35.22
17.97	35.22
16.06	28.57
16.06	28.57
16.06	28.57
16.06	28.57
16.06	28.57
13.24	22.10
13.24	22.10
13.24	22.10
13.24	22.10
13.24	22.10
10.33	14.27
10.33	14.27
10.33	14.27
10.33	14.27
10.33	14.27
6.79	5.25
6.79	5.25
6.79	5.25
6.79	5.25
6.79	5.25
6.79	5.25
4.29	3.16
4.29	3.16
4.29	3.16
4.29	3.16
4.29	3.16
-8.17	5.79
-8.17	5.79
-8.17	5.79
-8.17	5.79
-12.70	6.67
-12.70	6.67
-12.70	6.67
-12.70	6.67
-12.70	6.67
-16.63	6.59
-16.63	6.59
-16.63	6.59
-16.63	6.59
-16.63	6.59
-20.90	8.69
-20.90	8.69
-20.90	8.69
-20.90	8.69
-20.90	8.69
-22.77	12.33
-22.77	12.33
-22.77	12.33
-22.77	12.33
-22.77	12.33
-22.77	12.33
-21.78	17.79
-21.78	17.79
-21.78	17.79
-21.78	17.79
-18.40	25.71
-18.40	25.71
-18.40	25.71
-18.40	25.71
-18.40	25.71
-12.51	33.62
-12.51	33.62
-12.51	33.62
-12.51	33.62
-12.51	33.62
-8.65	39.72
-8.65	39.72
-8.65	39.72
-8.65	39.72
-8.65	39.72
-8.65	39.72
-4.64	42.96
-4.64	42.96
-4.64	42.96
-4.64	42.96
-4.64	42.96
-2.47	45.24
-2.47	45.24
-2.47	45.24
-2.47	45.24
-2.47	45.24
-1.22	45.95
-1.22	45.95
-1.22	45.95
-1.22	45.95
0.60	45.46
0.60	45.46
0.60	45.46
0.60	45.46
0.60	45.46
0.60	45.46
5.55	39.52
5.55	39.52
5.55	39.52
5.55	39.52
9.40	32.33
9.40	32.33
9.40	32.33
9.40	32.33
9.40	32.33
9.40	32.33
12.04	23.88
12.04	23.88
12.04	23.88
12.04	23.88
14.51	16.44
14.51	16.44
14.51	16.44
14.51	16.44
14.51	16.44
14.53	11.96
14.53	11.96
14.53	11.96
14.53	11.96
14.53	11.96
14.53	11.96
12.46	8.91
12.46	8.91
12.46	8.91
12.46	8.91
12.46	8.91
10.36	8.77
10.36	8.77
10.36	8.77
10.36	8.77
8.82	9.21
8.82	9.21
8.82	9.21
8.82	9.21
8.82	9.21
7.27	10.12
7.27	10.12
7.27	10.12
7.27	10.12
7.27	10.12
7.16	10.56
7.16	10.56
7.16	10.56
7.16	10.56
7.16	10.56
7.16	10.56
12.86	12.74
12.86	12.74
12.86	12.74
12.86	12.74
21.13	16.01
21.13	16.01
21.13	16.01
21.13	16.01
21.13	16.01
35.47	19.38
35.47	19.38
35.47	19.38
35.47	19.38
35.47	19.38
35.47	19.38
50.36	20.82
50.36	20.82
50.36	20.82
63.63	21.72
63.63	21.72
63.63	21.72
63.63	21.72
63.63	21.72
63.63	21.72
73.09	21.56
73.09	21.56
73.09	21.56
73.09	21.56
73.09	21.56
73.09	21.56
77.75	20.65
77.75	20.65
77.75	20.65
77.75	20.65
82.00	17.84
82.00	17.84
82.00	17.84
82.00	17.84
82.00	17.84
82.00	17.84
91.47	15.83
91.47	15.83
91.47	15.83
91.47	15.83
91.47	15.83
102.84	10.85
102.84	10.85
102.84	10.85
102.84	10.85
102.84	10.85
113.34	3.74
113.34	3.74
113.34	3.74
113.34	3.74
120.83	-0.98
120.83	-0.98
120.83	-0.98
120.83	-0.98
120.83	-0.98
120.83	-0.98
124.34	-5.92
124.34	-5.92
124.34	-5.92
124.34	-5.92
124.34	-5.92
125.34	-10.05
125.34	-10.05
125.34	-10.05
125.34	-10.05
126.06	-13.28
126.06	-13.28
126.06	-13.28
126.06	-13.28
126.06	-13.28
126.06	-13.28
126.53	-16.48
126.53	-16.48
126.53	-16.48
126.53	-16.48
121.09	-16.66
121.09	-16.66
121.09	-16.66
121.09	-16.66
121.09	-16.66
121.09	-16.66
102.58	-13.89
102.58	-13.89
102.58	-13.89
102.58	-13.89
90.10	-11.63
90.10	-11.63
90.10	-11.63
90.10	-11.63
79.54	-9.53
79.54	-9.53
79.54	-9.53
79.54	-9.53
79.54	-9.53
79.54	-9.53
70.61	-6.38
70.61	-6.38
70.61	-6.38
70.61	-6.38
70.61	-6.38
70.61	-6.38
61.78	-3.58
61.78	-3.58
61.78	-3.58
61.78	-3.58
54.75	-1.70
54.75	-1.70
54.75	-1.70
54.75	-1.70
54.75	-1.70
54.75	-1.70
47.61	0.52
47.61	0.52
47.61	0.52
47.61	0.52
39.92	2.05
39.92	2.05
39.92	2.05
39.92	2.05
39.92	2.05
39.92	2.05
35.02	3.42
35.02	3.42
35.02	3.42
35.02	3.42
32.33	4.43
32.33	4.43
32.33	4.43
32.33	4.43
32.33	4.43
32.33	4.43
30.09	5.65
30.09	5.65
30.09	5.65
30.09	5.65
27.67	6.18
27.67	6.18
27.67	6.18
27.67	6.18
27.67	6.18
27.67	6.18
24.93	5.81
24.93	5.81
24.93	5.81
24.93	5.81
20.74	5.40
20.74	5.40
20.74	5.40
20.74	5.40
20.74	5.40
20.74	5.40
15.32	4.07
15.32	4.07
15.32	4.07
15.32	4.07
8.70	1.55
8.70	1.55
8.70	1.55
8.70	1.55
8.70	1.55
8.70	1.55
2.64	0.32
2.64	0.32
2.64	0.32
2.64	0.32
-4.58	-0.88
-4.58	-0.88
-4.58	-0.88
-4.58	-0.88
-4.58	-0.88
-4.58	-0.88
-10.19	-0.86
-10.19	-0.86
-10.19	-0.86
-10.19	-0.86
-10.19	-0.86
-16.21	-2.25
-16.21	-2.25
-16.21	-2.25
-16.21	-2.25
-18.20	-4.16
-18.20	-4.16
-18.20	-4.16
-18.20	-4.16
-18.20	-4.16
-19.30	-5.09
-19.30	-5.09
-19.30	-5.09
-19.30	-5.09
-19.30	-5.09
-19.30	-5.09
-18.16	-6.66
-18.16	-6.66
-18.16	-6.66
-18.16	-6.66
-16.61	-9.04
-16.61	-9.04
-16.61	-9.04
-16.61	-9.04
-16.61	-9.04
-14.27	-9.43
-14.27	-9.43
-14.27	-9.43
-14.27	-9.43
-14.27	-9.43
-11.24	-11.39
-11.24	-11.39
-11.24	-11.39
-11.24	-11.39
-11.24	-11.39
-11.24	-11.39
-8.01	-11.35
-8.01	-11.35
-8.01	-11.35
-8.01	-11.35
-5.93	-10.22
-5.93	-10.22
-5.93	-10.22
-5.93	-10.22
-5.93	-10.22
-5.93	-10.22
-0.39	-7.15
-0.39	-7.15
-0.39	-7.15
-0.39	-7.15
2.52	-4.69
2.52	-4.69
2.52	-4.69
2.52	-4.69
2.52	-4.69
2.52	-4.69
7.52	-1.75
7.52	-1.75
7.52	-1.75
7.52	-1.75
13.53	0.30
13.53	0.30
13.53	0.30
13.53	0.30
19.34	2.29
19.34	2.29
19.34	2.29
19.34	2.29
19.34	2.29
19.34	2.29
22.44	3.21
22.44	3.21
22.44	3.21
22.44	3.21
24.33	3.49
24.33	3.49
24.33	3.49
24.33	3.49
24.33	3.49
24.33	3.49
25.86	3.16
25.86	3.16
25.86	3.16
25.86	3.16
25.86	3.16
26.05	4.54
26.05	4.54
26.05	4.54
26.05	4.54
26.05	4.54
26.36	2.88
26.36	2.88
26.36	2.88
26.36	2.88
26.36	2.88
25.71	3.07
25.71	3.07
25.71	3.07
25.71	3.07
25.32	4.37
25.32	4.37
25.32	4.37
25.32	4.37
25.32	4.37
26.25	-2.11
26.25	-2.11
26.25	-2.11
26.25	-2.11
26.25	-2.11
26.25	-2.11
26.60	2.13
26.60	2.13
26.60	2.13
26.60	2.13
27.41	1.87
27.41	1.87
27.41	1.87
27.41	1.87
27.41	1.87
31.66	-1.16
31.66	-1.16
31.66	-1.16
31.66	-1.16
31.66	-1.16
37.33	2.42
37.33	2.42
37.33	2.42
37.33	2.42
37.33	2.42
43.08	0.61
43.08	0.61
43.08	0.61
43.08	0.61
43.08	0.61
48.69	1.47
48.69	1.47
48.69	1.47
48.69	1.47
48.69	1.47
54.67	3.92
54.67	3.92
54.67	3.92
54.67	3.92
54.67	3.92
62.31	-3.68
62.31	-3.68
62.31	-3.68
62.31	-3.68
62.31	-3.68
68.25	0.31
68.25	0.31
68.25	0.31
68.25	0.31
68.25	0.31
72.63	0.09
72.63	0.09
72.63	0.09
72.63	0.09
72.63	0.09
79.08	-3.90
79.08	-3.90
79.08	-3.90
79.08	-3.90
79.08	-3.90
89.78	-1.82
89.78	-1.82
89.78	-1.82
89.78	-1.82
89.78	-1.82
103.83	-3.87
103.83	-3.87
103.83	-3.87
103.83	-3.87
103.83	-3.87
116.72	-2.76
116.72	-2.76
116.72	-2.76
116.72	-2.76
116.72	-2.76
127.12	-1.51
127.12	-1.51
127.12	-1.51
127.12	-1.51
127.12	-1.51
137.48	-5.35
137.48	-5.35
137.48	-5.35
137.48	-5.35
137.48	-5.35
146.42	-2.03
146.42	-2.03
146.42	-2.03
146.42	-2.03
146.42	-2.03
157.49	-2.41
157.49	-2.41
157.49	-2.41
157.49	-2.41
157.49	-2.41
165.13	-2.97
165.13	-2.97
165.13	-2.97
165.13	-2.97
165.13	-2.97
173.65	-1.74
173.65	-1.74
173.65	-1.74
173.65	-1.74
173.65	-1.74
-179.69	-0.75
-179.69	-0.75
-179.69	-0.75
-179.69	-0.75
-179.69	-0.75
-174.35	6.58
-174.35	6.58
-174.35	6.58
-174.35	6.58
-174.35	6.58
-174.64	13.06
-174.64	13.06
-174.64	13.06
-174.64	13.06
-174.64	13.06
-174.87	20.23
-174.87	20.23
-174.87	20.23
-174.87	20.23
-174.87	20.23
-178.01	24.95
-178.01	24.95
-178.01	24.95
-178.01	24.95
-178.01	24.95
178.99	25.07
178.99	25.07
178.99	25.07
178.99	25.07
178.99	25.07
175.70	25.24
175.70	25.24
175.70	25.24
175.70	25.24
175.70	25.24
177.79	23.80
177.79	23.80
177.79	23.80
177.79	23.80
177.79	23.80
175.22	24.49
175.22	24.49
175.22	24.49
175.22	24.49
175.22	24.49
172.69	25.16
172.69	25.16
172.69	25.16
172.69	25.16
172.69	25.16
162.26	27.01
162.26	27.01
162.26	27.01
162.26	27.01
162.26	27.01
148.82	25.18
148.82	25.18
148.82	25.18
148.82	25.18
148.82	25.18
135.67	20.91
135.67	20.91
135.67	20.91
135.67	20.91
135.67	20.91
125.99	13.64
125.99	13.64
125.99	13.64
125.99	13.64
125.99	13.64
118.03	7.98
118.03	7.98
118.03	7.98
118.03	7.98
118.03	7.98
111.61	2.68
111.61	2.68
111.61	2.68
111.61	2.68
111.61	2.68
106.36	-2.59
106.36	-2.59
106.36	-2.59
106.36	-2.59
106.36	-2.59
102.13	-6.80
102.13	-6.80
102.13	-6.80
102.13	-6.80
102.13	-6.80
97.32	-8.83
97.32	-8.83
97.32	-8.83
97.32	-8.83
97.32	-8.83
88.49	-10.90
88.49	-10.90
88.49	-10.90
88.49	-10.90
88.49	-10.90
79.54	-9.40
79.54	-9.40
79.54	-9.40
79.54	-9.40
79.54	-9.40
70.14	-8.04
70.14	-8.04
70.14	-8.04
70.14	-8.04
70.14	-8.04
59.48	-8.19
59.48	-8.19
59.48	-8.19
59.48	-8.19
59.48	-8.19
59.48	-8.19
53.69	-9.61
53.69	-9.61
53.69	-9.61
53.69	-9.61
48.60	-11.55
48.60	-11.55
48.60	-11.55
48.60	-11.55
48.60	-11.55
44.59	-10.58
44.59	-10.58
44.59	-10.58
44.59	-10.58
44.59	-10.58
38.27	-6.18
38.27	-6.18
38.27	-6.18
38.27	-6.18
38.27	-6.18
38.27	-6.18
32.50	-3.52
32.50	-3.52
32.50	-3.52
27.94	-3.69
27.94	-3.69
27.94	-3.69
27.94	-3.69
27.94	-3.69
27.94	-3.69
25.06	-2.54
25.06	-2.54
25.06	-2.54
25.06	-2.54
21.83	-1.46
21.83	-1.46
21.83	-1.46
21.83	-1.46
21.83	-1.46
21.83	-1.46
16.28	1.84
16.28	1.84
16.28	1.84
16.28	1.84
16.28	1.84
9.98	3.78
9.98	3.78
9.98	3.78
9.98	3.78
9.98	3.78
9.98	3.78
4.27	7.18
4.27	7.18
4.27	7.18
4.27	7.18
-4.49	13.06
-4.49	13.06
-4.49	13.06
-4.49	13.06
-4.49	13.06
-11.10	18.60
-11.10	18.60
-11.10	18.60
-11.10	18.60
-11.10	18.60
-15.21	24.75
-15.21	24.75
-15.21	24.75
-15.21	24.75
-15.21	24.75
-15.21	24.75
-15.26	31.49
-15.26	31.49
-15.26	31.49
-15.26	31.49
-12.79	36.39
-12.79	36.39
-12.79	36.39
-12.79	36.39
-12.79	36.39
-12.79	36.39
-9.67	41.47
-9.67	41.47
-9.67	41.47
-9.67	41.47
-7.40	44.45
-7.40	44.45
-7.40	44.45
-7.40	44.45
-7.40	44.45
-5.74	47.83
-5.74	47.83
-5.74	47.83
-5.74	47.83
-5.74	47.83
-5.74	47.83
-4.69	47.53
-4.69	47.53
-4.69	47.53
-4.69	47.53
-5.03	46.50
-5.03	46.50
-5.03	46.50
-5.03	46.50
-5.03	46.50
-5.03	46.50
-4.24	42.65
-4.24	42.65
-4.24	42.65
-4.24	42.65
-5.11	35.96
-5.11	35.96
-5.11	35.96
-5.11	35.96
-5.11	35.96
-5.11	35.96
-5.06	30.17
-5.06	30.17
-5.06	30.17
-5.06	30.17
-5.32	19.56
-5.32	19.56
-5.32	19.56
-5.32	19.56
-5.32	19.56
-5.32	19.56
-6.29	8.71
-6.29	8.71
-6.29	8.71
-6.29	8.71
-6.55	3.91
-6.55	3.91
-6.55	3.91
-6.55	3.91
-6.55	3.91
-6.55	3.91
-5.45	2.39
-5.45	2.39
-5.45	2.39
-5.45	2.39
-4.30	2.25
-4.30	2.25
-4.30	2.25
-4.30	2.25
-4.30	2.25
-4.30	2.25
-6.02	4.66
-6.02	4.66
-6.02	4.66
-6.02	4.66
-8.60	7.08
-8.60	7.08
-8.60	7.08
-8.60	7.08
-8.60	7.08
-8.60	7.08
-12.83	9.26
-12.83	9.26
-12.83	9.26
-12.83	9.26
-16.47	11.20
-16.47	11.20
-16.47	11.20
-16.47	11.20
-16.47	11.20
-16.47	11.20
-17.12	12.96
-17.12	12.96
-17.12	12.96
-17.12	12.96
-22.73	16.28
-22.73	16.28
-22.73	16.28
-22.73	16.28
-22.73	16.28
-22.73	16.28
-28.36	18.00
-28.36	18.00
-28.36	18.00
-28.36	18.00
-37.16	18.80
-37.16	18.80
-37.16	18.80
-37.16	18.80
-37.16	18.80
-37.16	18.80
-42.55	17.57
-42.55	17.57
-42.55	17.57
-42.55	17.57
-43.83	16.67
-43.83	16.67
-43.83	16.67
-43.83	16.67
-43.83	16.67
-43.83	16.67
-42.24	15.73
-42.24	15.73
-42.24	15.73
-42.24	15.73
-46.58	15.02
-46.58	15.02
-46.58	15.02
-46.58	15.02
-46.58	15.02
-46.58	15.02
-53.24	16.39
-53.24	16.39
-53.24	16.39
-53.24	16.39
-59.11	17.85
-59.11	17.85
-59.11	17.85
-59.11	17.85
-59.11	17.85
-59.11	17.85
-58.66	17.58
-58.66	17.58
-58.66	17.58
-58.66	17.58
-50.05	16.44
-50.05	16.44
-50.05	16.44
-50.05	16.44
-50.05	16.44
-50.05	16.44
-33.67	16.41
-33.67	16.41
-33.67	16.41
-33.67	16.41
-33.67	16.41
-33.67	16.41
-22.14	15.96
-22.14	15.96
-22.14	15.96
-22.14	15.96
-10.32	15.65
-10.32	15.65
-10.32	15.65
-10.32	15.65
-10.32	15.65
-10.32	15.65
-0.54	13.78
-0.54	13.78
-0.54	13.78
-0.54	13.78
13.33	12.03
13.33	12.03
13.33	12.03
13.33	12.03
13.33	12.03
13.33	12.03
25.55	10.29
25.55	10.29
25.55	10.29
25.55	10.29
35.28	8.61
35.28	8.61
35.28	8.61
35.28	8.61
35.28	8.61
45.93	7.89
45.93	7.89
45.93	7.89
45.93	7.89
45.93	7.89
45.93	7.89
55.17	7.43
55.17	7.43
55.17	7.43
55.17	7.43
64.46	6.96
64.46	6.96
64.46	6.96
64.46	6.96
64.46	6.96
73.65	6.64
73.65	6.64
73.65	6.64
73.65	6.64
73.65	6.64
73.65	6.64
82.96	6.00
82.96	6.00
82.96	6.00
82.96	6.00
93.43	5.89
93.43	5.89
93.43	5.89
93.43	5.89
93.43	5.89
93.43	5.89
104.25	5.74
104.25	5.74
104.25	5.74
104.25	5.74
113.66	5.53
113.66	5.53
113.66	5.53
113.66	5.53
113.66	5.53
113.66	5.53
119.99	3.28
119.99	3.28
119.99	3.28
119.99	3.28
124.91	-1.11
124.91	-1.11
124.91	-1.11
124.91	-1.11
124.91	-1.11
124.91	-1.11
128.31	-7.39
128.31	-7.39
128.31	-7.39
128.31	-7.39
131.95	-8.91
131.95	-8.91
131.95	-8.91
131.95	-8.91
131.95	-8.91
135.24	-11.12
135.24	-11.12
135.24	-11.12
135.24	-11.12
135.24	-11.12
135.24	-11.12
135.19	-15.99
135.19	-15.99
135.19	-15.99
135.19	-15.99
135.98	-16.55
135.98	-16.55
135.98	-16.55
135.98	-16.55
135.98	-16.55
136.57	-17.29
136.57	-17.29
136.57	-17.29
136.57	-17.29
136.57	-17.29
136.57	-17.29
143.65	-10.28
143.65	-10.28
143.65	-10.28
143.65	-10.28
153.66	-1.04
153.66	-1.04
153.66	-1.04
153.66	-1.04
153.66	-1.04
153.66	-1.04
163.00	4.33
163.00	4.33
163.00	4.33
163.00	4.33
163.00	4.33
168.29	8.02
168.29	8.02
168.29	8.02
168.29	8.02
172.02	11.87
172.02	11.87
172.02	11.87
172.02	11.87
172.02	11.87
172.02	11.87
172.07	17.06
172.07	17.06
172.07	17.06
172.07	17.06
172.07	17.06
172.69	18.52
172.69	18.52
172.69	18.52
172.69	18.52
175.25	18.51
175.25	18.51
175.25	18.51
175.25	18.51
175.25	18.51
175.25	18.51
-179.93	16.49
-179.93	16.49
-179.93	16.49
-179.93	16.49
-179.93	16.49
173.73	23.34
173.73	23.34
173.73	23.34
173.73	23.34
164.80	33.01
164.80	33.01
164.80	33.01
164.80	33.01
164.80	33.01
164.80	33.01
159.71	38.23
159.71	38.23
159.71	38.23
159.71	38.23
159.71	38.23
153.25	43.00
153.25	43.00
153.25	43.00
153.25	43.00
153.25	43.00
153.25	43.00
144.96	48.30
144.96	48.30
144.96	48.30
144.96	48.30
132.79	53.73
132.79	53.73
132.79	53.73
132.79	53.73
132.79	53.73
122.89	54.92
122.89	54.92
122.89	54.92
122.89	54.92
122.89	54.92
122.89	54.92
114.70	56.65
114.70	56.65
114.70	56.65
114.70	56.65
108.85	60.11
108.85	60.11
108.85	60.11
108.85	60.11
108.85	60.11
105.84	60.96
105.84	60.96
105.84	60.96
105.84	60.96
105.84	60.96
105.84	60.96
102.69	62.65
102.69	62.65
102.69	62.65
102.69	62.65
102.84	64.00
102.84	64.00
102.84	64.00
102.84	64.00
102.84	64.00
102.84	64.00
98.35	63.90
98.35	63.90
98.35	63.90
98.35	63.90
91.13	64.77
91.13	64.77
91.13	64.77
91.13	64.77
91.13	64.77
83.28	64.11
83.28	64.11
83.28	64.11
83.28	64.11
83.28	64.11
83.28	64.11
72.73	60.88
72.73	60.88
72.73	60.88
72.73	60.88
61.71	58.48
61.71	58.48
61.71	58.48
61.71	58.48
61.71	58.48
61.71	58.48
54.05	52.13
54.05	52.13
54.05	52.13
54.05	52.13
47.99	49.77
47.99	49.77
47.99	49.77
47.99	49.77
47.99	49.77
41.35	44.16
41.35	44.16
41.35	44.16
41.35	44.16
41.35	44.16
35.56	38.27
35.56	38.27
35.56	38.27
35.56	38.27
35.56	38.27
31.59	26.30
31.59	26.30
31.59	26.30
31.59	26.30
31.59	26.30
31.59	26.30
32.97	14.96
32.97	14.96
32.97	14.96
32.97	14.96
32.97	14.96
34.92	0.82
34.92	0.82
34.92	0.82
34.92	0.82
34.92	0.82
36.62	-6.21
36.62	-6.21
36.62	-6.21
36.62	-6.21
36.62	-6.21
38.08	-7.41
38.08	-7.41
38.08	-7.41
38.08	-7.41
38.08	-7.41
40.59	-5.62
40.59	-5.62
40.59	-5.62
40.59	-5.62
40.59	-5.62
42.72	-3.91
42.72	-3.91
42.72	-3.91
42.72	-3.91
42.72	-3.91
47.49	-2.00
47.49	-2.00
47.49	-2.00
47.49	-2.00
47.49	-2.00
52.63	-1.48
52.63	-1.48
52.63	-1.48
52.63	-1.48
52.63	-1.48
58.73	-0.18
58.73	-0.18
58.73	-0.18
58.73	-0.18
58.73	-0.18
58.73	-0.18
58.73	-0.18
66.51	1.12
66.51	1.12
66.51	1.12
66.51	1.12
75.55	4.64
75.55	4.64
75.55	4.64
75.55	4.64
75.55	4.64
83.94	8.74
83.94	8.74
83.94	8.74
83.94	8.74
83.94	8.74
91.85	14.25
