-20.43	7.29
-21.09	7.34
-21.69	7.65
-22.37	7.75
-22.37	7.75
-23.28	7.87
-24.39	7.79
-24.39	7.79
-25.36	7.68
-26.20	7.45
-26.20	7.45
-27.10	6.85
-27.10	6.85
-28.11	6.53
-28.87	6.78
-28.87	6.78
-29.08	6.35
-28.43	4.31
-28.43	4.31
-27.09	2.37
-25.27	1.02
-25.27	1.02
-22.96	-0.15
-20.39	-1.71
-20.39	-1.71
-18.47	-2.61
-17.27	-3.61
-17.27	-3.61
-16.19	-5.07
-15.39	-6.40
-15.39	-6.40
-14.89	-7.96
-14.62	-9.55
-14.62	-9.55
-14.42	-9.97
-14.00	-10.61
-14.00	-10.61
-13.70	-10.85
-13.52	-11.32
-13.52	-11.32
-13.86	-12.01
-13.86	-12.01
-15.86	-12.89
-20.05	-12.91
-20.05	-12.91
-26.39	-14.70
-34.97	-18.54
-34.97	-18.54
-43.34	-22.56
-51.19	-24.74
-51.19	-24.74
-54.22	-24.67
-54.98	-25.48
-54.98	-25.48
-55.34	-25.30
-57.65	-26.48
-57.65	-26.48
-61.71	-28.00
-69.08	-30.43
-69.08	-30.43
-77.16	-33.49
-81.89	-34.63
-81.89	-34.63
-83.89	-34.80
-83.58	-34.58
-83.58	-34.58
-81.61	-33.89
-79.24	-33.49
-79.24	-33.49
-75.95	-32.60
-71.86	-31.36
-71.86	-31.36
-64.93	-29.09
-56.70	-26.27
-56.70	-26.27
-47.70	-22.75
-47.70	-22.75
-39.08	-20.53
-31.57	-19.55
-31.57	-19.55
-25.74	-19.22
-21.25	-19.35
-21.25	-19.35
-17.91	-19.77
-15.19	-20.13
-15.19	-20.13
-12.40	-20.21
-9.58	-20.58
-9.58	-20.58
-7.19	-19.79
-6.36	-20.70
-6.36	-20.70
-6.24	-19.42
-5.92	-19.03
-5.92	-19.03
-4.93	-18.06
-4.93	-18.06
-4.88	-17.42
-4.91	-16.28
-4.91	-16.28
-4.57	-18.45
-2.96	-19.38
-2.96	-19.38
-2.59	-17.97
-1.74	-17.49
-1.74	-17.49
-0.98	-17.68
-1.31	-18.13
-1.31	-18.13
-2.49	-19.46
-4.12	-19.72
-4.12	-19.72
-4.50	-20.66
-3.92	-20.25
-3.92	-20.25
-3.46	-22.50
-3.46	-22.50
-4.92	-23.05
-4.40	-22.05
-4.40	-22.05
-3.20	-22.93
-1.61	-22.95
-1.61	-22.95
-0.62	-22.77
-1.61	-24.30
-1.61	-24.30
-2.08	-24.28
-0.12	-24.70
-0.12	-24.70
0.19	-25.25
0.19	-25.25
0.08	-24.97
0.23	-26.78
0.23	-26.78
-0.20	-26.87
-0.89	-26.43
-0.89	-26.43
-0.78	-26.92
-0.87	-26.93
-0.87	-26.93
-2.24	-26.63
-2.24	-26.63
-1.50	-26.23
-1.53	-26.71
-1.53	-26.71
-1.35	-26.85
-1.01	-26.25
-1.01	-26.25
0.34	-26.75
1.42	-29.74
1.42	-29.74
-0.21	-28.69
0.06	-29.34
0.06	-29.34
0.89	-30.65
0.90	-31.26
0.90	-31.26
1.86	-30.78
2.30	-32.17
2.30	-32.17
1.82	-33.28
1.82	-33.28
0.69	-33.59
0.21	-34.86
0.21	-34.86
0.49	-35.63
1.84	-36.11
1.84	-36.11
1.11	-36.76
0.38	-36.51
0.38	-36.51
0.66	-35.95
0.89	-35.55
0.89	-35.55
-0.09	-33.45
-0.83	-33.56
-0.83	-33.56
-0.84	-32.46
-1.28	-31.88
-1.28	-31.88
-1.31	-31.82
-0.57	-32.98
-0.57	-32.98
-0.92	-32.63
-1.15	-32.35
-1.15	-32.35
-1.64	-31.70
-1.64	-31.70
-1.86	-32.35
-2.81	-31.85
-2.81	-31.85
-2.85	-31.25
-1.76	-31.65
-1.76	-31.65
-1.04	-30.45
-0.64	-29.25
-0.64	-29.25
-0.79	-28.48
-0.15	-26.59
-0.15	-26.59
0.84	-25.80
2.06	-24.48
2.06	-24.48
2.48	-22.35
1.30	-19.95
1.30	-19.95
0.51	-16.88
0.27	-15.24
0.27	-15.24
-0.20	-13.20
-0.25	-10.57
-0.25	-10.57
-0.79	-9.54
-0.79	-9.54
-1.79	-9.33
-3.68	-9.37
-3.68	-9.37
-6.65	-9.55
-9.64	-9.68
-9.64	-9.68
-11.54	-10.32
-10.14	-10.18
-10.14	-10.18
-9.26	-10.57
-8.62	-9.61
-8.62	-9.61
-7.69	-9.75
-7.47	-9.42
-7.47	-9.42
-6.69	-9.32
-5.45	-9.41
-5.45	-9.41
-4.30	-9.06
-3.29	-9.84
-3.29	-9.84
-2.81	-10.18
-2.47	-11.03
-2.47	-11.03
-2.21	-12.05
-2.21	-12.05
-1.84	-11.85
-1.16	-12.58
-1.16	-12.58
-1.11	-13.37
-1.64	-14.41
-1.64	-14.41
-1.96	-16.02
-2.65	-17.22
-2.65	-17.22
-3.31	-19.53
-2.78	-23.10
-2.78	-23.10
-1.44	-28.93
-0.53	-30.45
-0.53	-30.45
0.28	-31.48
0.28	-31.48
0.85	-33.75
0.73	-33.53
0.73	-33.53
0.49	-32.14
0.37	-32.14
0.37	-32.14
0.28	-33.08
0.44	-34.02
0.44	-34.02
-0.39	-34.00
-1.35	-33.26
-1.35	-33.26
-2.09	-32.54
-2.14	-32.16
-2.14	-32.16
-2.26	-31.71
-2.05	-31.88
-2.05	-31.88
-1.90	-32.23
-1.90	-32.23
-2.24	-32.74
-2.73	-33.31
-2.73	-33.31
-2.90	-33.71
-2.93	-33.87
-2.93	-33.87
-2.78	-33.77
-2.72	-33.60
-2.72	-33.60
-2.64	-33.76
-2.90	-33.87
-2.90	-33.87
-3.23	-33.90
-3.60	-33.64
-3.60	-33.64
-3.89	-33.18
-4.18	-32.19
-4.18	-32.19
-4.51	-31.04
-4.68	-29.76
-4.68	-29.76
-5.01	-27.67
-5.30	-25.79
-5.30	-25.79
-5.47	-24.04
-5.47	-24.04
-5.68	-23.37
-5.90	-22.82
-5.90	-22.82
-5.76	-22.20
-5.59	-21.40
-5.59	-21.40
-5.39	-20.81
-5.25	-20.53
-5.25	-20.53
-5.20	-19.62
-5.29	-19.16
-5.29	-19.16
-5.12	-18.41
-5.02	-17.67
-5.02	-17.67
-4.80	-17.19
-4.75	-16.77
-4.75	-16.77
-4.58	-16.42
-4.31	-16.04
-4.31	-16.04
-4.05	-16.23
-4.05	-16.23
-3.69	-16.40
-3.44	-16.38
-3.44	-16.38
-3.36	-16.14
-3.25	-15.95
-3.25	-15.95
-3.17	-15.93
-3.15	-15.83
-3.15	-15.83
-2.96	-15.75
-2.51	-15.74
-2.51	-15.74
-2.04	-15.62
-1.56	-15.57
-1.56	-15.57
-0.98	-15.72
-0.80	-15.73
-0.80	-15.73
-0.76	-15.86
-0.81	-15.89
-0.81	-15.89
-0.76	-15.83
-0.76	-15.83
-0.54	-16.02
-0.30	-16.16
-0.30	-16.16
0.47	-16.56
1.40	-16.76
1.40	-16.76
3.49	-17.08
7.38	-18.16
7.38	-18.16
11.59	-19.11
15.54	-20.24
15.54	-20.24
19.23	-21.39
22.20	-22.17
22.20	-22.17
24.60	-22.14
27.47	-22.07
27.47	-22.07
30.51	-22.58
32.70	-22.83
32.70	-22.83
33.98	-23.31
33.98	-23.31
34.98	-23.80
35.95	-24.24
35.95	-24.24
36.97	-24.61
37.91	-25.12
37.91	-25.12
39.09	-25.78
40.39	-26.39
40.39	-26.39
41.72	-26.73
42.80	-26.76
42.80	-26.76
43.58	-26.85
44.24	-26.92
44.24	-26.92
44.74	-26.90
45.21	-26.91
45.21	-26.91
45.61	-27.12
45.59	-26.96
45.59	-26.96
45.67	-26.99
45.76	-26.92
45.76	-26.92
45.86	-27.01
46.25	-26.77
46.25	-26.77
46.77	-26.82
47.32	-26.75
47.32	-26.75
47.94	-26.84
47.94	-26.84
48.50	-26.72
49.08	-26.49
49.08	-26.49
49.50	-25.94
49.86	-25.57
49.86	-25.57
49.97	-25.11
49.87	-24.97
49.87	-24.97
49.90	-24.87
49.71	-24.56
49.71	-24.56
49.88	-24.59
49.45	-24.27
49.45	-24.27
49.49	-23.87
49.32	-23.58
49.32	-23.58
49.35	-23.50
49.35	-23.50
49.40	-23.56
49.17	-22.97
49.17	-22.97
48.84	-23.41
48.48	-23.55
48.48	-23.55
48.27	-23.49
48.16	-23.28
48.16	-23.28
48.27	-23.18
48.25	-23.25
48.25	-23.25
47.91	-23.20
47.87	-23.26
47.87	-23.26
47.41	-23.16
47.43	-23.09
47.43	-23.09
47.31	-23.02
47.03	-23.09
47.03	-23.09
46.94	-23.02
46.94	-23.02
46.14	-22.68
43.39	-22.08
43.39	-22.08
38.13	-21.10
33.14	-20.16
33.14	-20.16
26.74	-19.35
21.29	-18.89
21.29	-18.89
16.77	-18.16
12.49	-17.87
12.49	-17.87
7.99	-17.32
4.39	-16.84
4.39	-16.84
0.98	-16.46
-1.77	-16.40
-1.77	-16.40
-4.24	-16.47
-5.55	-16.18
-5.55	-16.18
-6.42	-15.93
-6.42	-15.93
-6.37	-15.92
-5.99	-15.76
-5.99	-15.76
-5.65	-15.69
-5.02	-15.98
-5.02	-15.98
-4.63	-16.18
-4.17	-16.20
-4.17	-16.20
-3.73	-16.49
-3.47	-16.39
-3.47	-16.39
-3.29	-16.36
-3.27	-16.46
-3.27	-16.46
-3.51	-16.39
-3.60	-16.46
-3.60	-16.46
-3.50	-16.63
-3.50	-16.67
-3.50	-16.67
-3.50	-16.88
-3.50	-16.88
-3.36	-17.02
-3.59	-17.14
-3.59	-17.14
-3.68	-17.42
-3.80	-17.61
-3.80	-17.61
-3.95	-17.51
-4.21	-17.66
-4.21	-17.66
-4.59	-17.78
-4.93	-17.97
-4.93	-17.97
-5.42	-17.98
-5.99	-17.92
-5.99	-17.92
-6.67	-18.09
-7.18	-18.08
-7.18	-18.08
-7.90	-18.10
-8.57	-18.36
-8.57	-18.36
-9.14	-18.42
-9.14	-18.42
-10.36	-18.39
-11.17	-18.46
-11.17	-18.46
-11.60	-18.59
-11.61	-18.81
-11.61	-18.81
-11.26	-18.91
-11.16	-18.85
-11.16	-18.85
-10.92	-18.86
-10.75	-18.96
-10.75	-18.96
-10.75	-18.89
-10.64	-18.98
-10.64	-18.98
-10.54	-18.91
-10.44	-18.75
-10.44	-18.75
-10.34	-18.73
-10.33	-18.85
-10.33	-18.85
-10.26	-18.82
-10.26	-18.82
-10.04	-18.78
-9.93	-18.81
-9.93	-18.81
-9.65	-18.81
-9.36	-18.87
-9.36	-18.87
-8.82	-19.01
-8.37	-19.09
-8.37	-19.09
-7.64	-19.17
-7.33	-18.95
-7.33	-18.95
-6.84	-19.26
-6.63	-19.31
-6.63	-19.31
-6.61	-19.45
-6.40	-19.56
-6.40	-19.56
-6.38	-19.52
-6.29	-19.41
-6.29	-19.41
-6.22	-19.47
-6.22	-19.47
-5.86	-19.61
-5.83	-19.65
-5.83	-19.65
-5.80	-19.59
-5.72	-19.82
-5.72	-19.82
-5.53	-19.82
-5.06	-20.03
-5.06	-20.03
-4.89	-20.26
-5.15	-20.26
-5.15	-20.26
-5.60	-20.12
-5.95	-20.34
-5.95	-20.34
-6.10	-20.26
-6.05	-20.06
-6.05	-20.06
-5.81	-20.52
-5.62	-20.50
-5.62	-20.50
-5.64	-20.42
-5.64	-20.42
-5.64	-20.43
-5.49	-20.64
-5.49	-20.64
-5.16	-20.83
-5.10	-20.98
-5.10	-20.98
-5.04	-20.90
-5.06	-21.00
-5.06	-21.00
-5.17	-21.04
-5.09	-21.09
-5.09	-21.09
-4.94	-21.33
-4.91	-21.50
-4.91	-21.50
-5.00	-21.45
-4.90	-21.60
-4.90	-21.60
-4.72	-21.65
-4.58	-21.92
-4.58	-21.92
-4.49	-22.10
-4.49	-22.10
-4.16	-22.53
-3.93	-22.73
-3.93	-22.73
-3.74	-23.14
-3.35	-23.63
-3.35	-23.63
-2.93	-24.16
-2.53	-25.05
-2.53	-25.05
-2.44	-25.44
-2.26	-25.74
-2.26	-25.74
-2.24	-26.09
-2.32	-26.60
-2.32	-26.60
-2.25	-26.71
-2.21	-26.51
-2.21	-26.51
-2.51	-26.59
-2.57	-26.64
-2.57	-26.64
-2.48	-26.76
-2.48	-26.76
-2.45	-26.80
-2.24	-26.90
-2.24	-26.90
-2.17	-27.10
-2.35	-26.77
-2.35	-26.77
-2.36	-26.80
-2.20	-26.97
-2.20	-26.97
-2.15	-27.27
-2.10	-27.74
-2.10	-27.74
-2.07	-27.89
-2.09	-28.17
-2.09	-28.17
-2.22	-28.28
-2.09	-28.30
-2.09	-28.30
-1.94	-28.20
-1.83	-28.15
-1.83	-28.15
-1.85	-28.22
-1.85	-28.22
-2.09	-28.09
-2.05	-28.33
-2.05	-28.33
-2.08	-28.32
-2.05	-28.44
-2.05	-28.44
-2.04	-28.44
-2.06	-28.49
-2.06	-28.49
-2.09	-28.58
-2.10	-28.82
-2.10	-28.82
-2.14	-28.92
-2.15	-29.04
-2.15	-29.04
-2.33	-29.05
-2.44	-29.11
-2.44	-29.11
-2.61	-29.01
-2.54	-29.63
-2.54	-29.63
-3.03	-30.45
-3.39	-31.01
-3.39	-31.01
-3.95	-31.97
-3.95	-31.97
-4.43	-32.64
-4.60	-33.30
-4.60	-33.30
-4.85	-33.57
-4.79	-33.80
-4.79	-33.80
-4.58	-34.12
-4.46	-34.44
-4.46	-34.44
-4.47	-34.66
-4.32	-34.79
-4.32	-34.79
-4.42	-34.86
-4.33	-35.16
-4.33	-35.16
-4.39	-35.06
-4.27	-35.33
-4.27	-35.33
-4.28	-35.40
-4.21	-35.45
-4.21	-35.45
-4.12	-35.69
-4.12	-35.69
-4.09	-35.83
-4.07	-35.90
-4.07	-35.90
-3.95	-35.94
-3.95	-35.89
-3.95	-35.89
-3.91	-35.76
-4.02	-35.75
-4.02	-35.75
-3.79	-35.96
-3.79	-35.94
-3.79	-35.94
-3.86	-35.91
-3.97	-35.88
-3.97	-35.88
-3.89	-36.00
-3.89	-36.00
-4.01	-36.04
-3.85	-36.17
-3.85	-36.17
-3.79	-36.12
-3.72	-36.16
-3.72	-36.16
-3.81	-36.19
-4.07	-35.97
-4.07	-35.97
-3.83	-36.00
-3.59	-36.01
-3.59	-36.01
-3.66	-36.07
-3.57	-36.20
-3.57	-36.20
-3.69	-36.18
-3.76	-36.20
-3.76	-36.20
-3.61	-36.34
-3.61	-36.34
-3.68	-36.58
-3.51	-36.77
-3.51	-36.77
-3.52	-36.67
-3.58	-36.89
-3.58	-36.89
-3.79	-36.81
-3.83	-36.74
-3.83	-36.74
-3.61	-37.03
-3.66	-37.06
-3.66	-37.06
-3.48	-37.16
-3.51	-37.12
-3.51	-37.12
-3.73	-36.99
-3.67	-37.01
-3.67	-37.01
-3.63	-36.93
-3.69	-36.94
-3.69	-36.94
-3.53	-36.96
-3.55	-37.04
-3.55	-37.04
-3.63	-36.88
-3.63	-36.88
-3.65	-36.62
-3.76	-36.64
-3.76	-36.64
-3.63	-36.52
-3.64	-36.46
-3.64	-36.46
-3.61	-36.35
-3.55	-36.08
-3.55	-36.08
-3.49	-35.83
-3.49	-35.62
-3.49	-35.62
-3.53	-35.16
-3.28	-35.29
-3.28	-35.29
-3.43	-35.32
-3.57	-35.36
-3.57	-35.36
-3.51	-35.24
-3.43	-35.14
-3.43	-35.14
-3.41	-35.04
-3.41	-35.04
-3.41	-34.97
-3.48	-35.00
-3.48	-35.00
-3.40	-34.58
-3.36	-34.56
-3.36	-34.56
-3.25	-34.25
-3.11	-34.51
-3.11	-34.51
-3.01	-34.24
-2.90	-34.15
-2.90	-34.15
-2.92	-33.73
-3.00	-33.35
-3.00	-33.35
-3.03	-33.20
-3.01	-33.15
-3.01	-33.15
-3.14	-33.03
-3.06	-32.84
-3.06	-32.84
-2.96	-32.48
-2.85	-32.33
-2.85	-32.33
-2.94	-32.09
-2.76	-31.91
-2.76	-31.91
-2.71	-31.66
-2.71	-31.66
-2.77	-31.74
-2.83	-31.75
-2.83	-31.75
-2.85	-31.57
-2.69	-31.76
-2.69	-31.76
-2.70	-31.77
-2.73	-31.89
-2.73	-31.89
-2.66	-31.78
-2.76	-31.60
-2.76	-31.60
-2.71	-31.53
-2.64	-31.53
-2.64	-31.53
-2.68	-31.45
-2.68	-31.45
-2.57	-31.32
-2.48	-31.34
-2.48	-31.34
-2.56	-30.88
-2.69	-30.14
-2.69	-30.14
-2.80	-29.79
-2.83	-29.44
-2.83	-29.44
-3.27	-28.75
-3.30	-27.82
-3.30	-27.82
-3.30	-27.25
-3.65	-27.41
-3.65	-27.41
-4.31	-28.01
-4.72	-27.97
-4.72	-27.97
-5.35	-27.95
-5.35	-27.95
-5.72	-27.15
-6.03	-26.09
-6.03	-26.09
-5.91	-25.93
-5.56	-25.86
-5.56	-25.86
-5.24	-27.03
-5.21	-27.59
-5.21	-27.59
-5.25	-28.55
-5.33	-28.40
-5.33	-28.40
-5.07	-28.33
-5.01	-27.62
-5.01	-27.62
-4.90	-27.98
-4.90	-27.58
-4.90	-27.58
-4.47	-27.67
-4.61	-27.43
-4.61	-27.43
-4.48	-27.04
-4.48	-27.04
-4.43	-27.47
-4.27	-27.29
-4.27	-27.29
-4.71	-26.99
-4.68	-26.30
-4.68	-26.30
-4.28	-26.75
-4.14	-28.55
-4.14	-28.55
-4.47	-29.25
-4.58	-27.74
-4.58	-27.74
-4.73	-27.14
-4.74	-27.94
-4.74	-27.94
-4.47	-28.35
-3.82	-27.91
-3.82	-27.91
-3.77	-27.56
-4.07	-29.95
-4.07	-29.95
-4.90	-27.60
-5.27	-27.63
-5.27	-27.63
-5.66	-28.06
-5.66	-28.06
-5.88	-28.75
-5.01	-28.13
-5.01	-28.13
-4.58	-27.19
-4.39	-27.59
-4.39	-27.59
-4.67	-27.55
-4.16	-26.76
-4.16	-26.76
-3.61	-25.50
-3.51	-24.77
-3.51	-24.77
-3.69	-24.43
-3.99	-24.02
-3.99	-24.02
-4.64	-23.51
-4.65	-22.67
-4.65	-22.67
-3.97	-22.54
-3.91	-21.75
-3.91	-21.75
-4.11	-21.46
-4.11	-21.46
-4.44	-20.81
-4.40	-20.14
-4.40	-20.14
-4.39	-20.02
-4.17	-19.86
-4.17	-19.86
-3.57	-19.44
-3.75	-18.62
-3.75	-18.62
-3.80	-18.27
-3.80	-17.11
-3.80	-17.11
-3.81	-17.21
-3.73	-17.25
-3.73	-17.25
-3.77	-17.24
-3.61	-17.39
-3.61	-17.39
-3.75	-17.22
-3.92	-17.42
-3.92	-17.42
-4.07	-17.23
-4.04	-16.96
-4.04	-16.96
-3.76	-16.64
-3.76	-16.64
-3.72	-16.54
-3.75	-16.41
-3.75	-16.41
-3.59	-16.46
-3.37	-16.50
-3.37	-16.50
-3.43	-16.33
-3.54	-16.21
-3.54	-16.21
-3.47	-16.31
-3.32	-16.23
-3.32	-16.23
-2.96	-16.41
-2.98	-16.32
-2.98	-16.32
-2.94	-16.52
-2.96	-16.69
-2.96	-16.69
-2.93	-16.78
-2.88	-16.66
-2.88	-16.66
-3.11	-16.72
-3.11	-16.72
-3.12	-16.95
-3.13	-17.10
-3.13	-17.10
-2.86	-17.48
-2.70	-17.38
-2.70	-17.38
-2.64	-17.28
-2.72	-17.19
-2.72	-17.19
-2.61	-17.33
-2.62	-17.34
-2.62	-17.34
-2.60	-17.45
-2.40	-17.41
-2.40	-17.41
-2.35	-17.21
-2.05	-16.91
-2.05	-16.91
-1.88	-16.22
-1.67	-15.73
-1.67	-15.73
-1.54	-14.83
-1.22	-14.28
-1.22	-14.28
-1.00	-13.67
-1.00	-13.67
-0.69	-12.57
-0.20	-11.69
-0.20	-11.69
0.37	-11.14
0.80	-10.63
0.80	-10.63
1.11	-10.91
1.23	-10.58
1.23	-10.58
1.46	-10.49
1.85	-10.23
1.85	-10.23
2.28	-9.94
2.69	-9.80
2.69	-9.80
2.98	-9.75
3.50	-9.84
3.50	-9.84
4.12	-9.70
4.35	-9.63
4.35	-9.63
4.66	-9.60
4.66	-9.60
4.86	-9.83
4.80	-9.47
4.80	-9.47
4.96	-9.46
5.47	-9.45
5.47	-9.45
5.88	-9.26
6.21	-9.33
6.21	-9.33
6.88	-9.22
7.55	-9.10
7.55	-9.10
8.67	-9.04
9.71	-9.08
9.71	-9.08
11.02	-9.03
11.93	-8.94
11.93	-8.94
12.74	-9.13
13.21	-9.11
13.21	-9.11
13.45	-9.18
13.36	-9.23
13.36	-9.23
13.41	-9.53
13.41	-9.53
13.28	-9.42
13.17	-9.39
13.17	-9.39
13.24	-9.42
13.20	-9.34
13.20	-9.34
13.16	-9.28
12.85	-9.30
12.85	-9.30
12.61	-9.30
12.65	-9.62
12.65	-9.62
12.56	-9.44
12.71	-9.09
12.71	-9.09
12.45	-9.16
12.25	-9.19
12.25	-9.19
12.11	-9.39
11.96	-9.13
11.96	-9.13
12.02	-8.94
12.02	-8.94
12.09	-9.17
12.26	-9.10
12.26	-9.10
12.48	-8.90
12.83	-9.12
12.83	-9.12
12.96	-9.32
13.43	-9.69
13.43	-9.69
13.91	-9.49
14.13	-9.17
14.13	-9.17
14.23	-9.00
14.59	-8.76
14.59	-8.76
15.13	-8.87
15.40	-8.74
15.40	-8.74
15.53	-8.45
15.55	-8.74
15.55	-8.74
15.07	-8.80
15.28	-9.16
15.28	-9.16
15.22	-8.68
15.22	-8.68
15.37	-9.29
15.44	-9.00
15.44	-9.00
15.30	-8.61
15.12	-9.04
15.12	-9.04
15.17	-9.34
15.54	-10.10
15.54	-10.10
15.48	-10.14
15.69	-10.41
15.69	-10.41
16.30	-10.67
16.60	-10.84
16.60	-10.84
16.44	-11.13
16.30	-11.15
16.30	-11.15
15.72	-11.12
15.49	-11.15
15.49	-11.15
15.46	-10.81
15.75	-10.50
15.75	-10.50
15.74	-10.24
15.74	-10.24
15.92	-10.15
15.86	-10.16
15.86	-10.16
15.53	-10.26
15.20	-10.31
15.20	-10.31
15.23	-10.53
15.26	-10.41
15.26	-10.41
15.39	-10.34
15.54	-10.31
15.54	-10.31
15.69	-10.44
15.70	-10.53
15.70	-10.53
15.78	-10.68
15.66	-10.71
15.66	-10.71
15.84	-10.70
15.84	-10.70
15.96	-10.59
16.01	-10.60
16.01	-10.60
16.21	-10.42
16.20	-10.32
16.20	-10.32
16.20	-10.26
16.03	-10.17
16.03	-10.17
15.93	-10.10
15.98	-10.00
15.98	-10.00
15.99	-9.95
16.18	-9.86
16.18	-9.86
16.17	-9.80
16.26	-9.78
16.26	-9.78
16.28	-9.76
16.28	-9.76
16.48	-9.66
16.78	-9.76
16.78	-9.76
17.30	-9.70
17.80	-9.62
17.80	-9.62
18.06	-9.50
18.33	-9.42
18.33	-9.42
18.53	-9.44
18.89	-9.34
18.89	-9.34
19.40	-9.26
19.95	-9.21
19.95	-9.21
20.77	-9.10
21.66	-8.83
21.66	-8.83
22.23	-8.55
23.11	-8.27
23.11	-8.27
23.71	-7.63
23.71	-7.63
25.35	-6.80
27.85	-5.53
27.85	-5.53
30.15	-4.73
32.76	-3.06
32.76	-3.06
34.49	-3.25
35.36	-3.04
35.36	-3.04
35.37	-3.47
35.52	-3.41
35.52	-3.41
35.64	-3.33
35.57	-3.68
35.57	-3.68
35.64	-4.04
35.44	-4.01
35.44	-4.01
35.33	-4.20
35.47	-4.37
35.47	-4.37
35.61	-4.44
35.37	-4.45
35.37	-4.45
35.56	-4.43
35.56	-4.43
35.65	-5.11
35.07	-4.97
35.07	-4.97
34.49	-5.14
36.55	-6.95
36.55	-6.95
36.59	-8.01
33.91	-5.14
33.91	-5.14
32.75	-4.66
32.58	-7.50
32.58	-7.50
29.67	-7.37
27.95	-6.86
27.95	-6.86
28.56	-9.16
27.54	-9.06
27.54	-9.06
26.02	-8.21
27.27	-9.25
27.27	-9.25
27.58	-10.41
27.58	-10.41
25.19	-8.99
24.64	-9.59
24.64	-9.59
24.71	-11.11
22.68	-10.10
22.68	-10.10
20.98	-9.65
20.76	-10.05
20.76	-10.05
19.69	-11.43
16.97	-9.12
16.97	-9.12
15.73	-10.23
15.20	-10.90
15.20	-10.90
13.83	-11.11
12.28	-10.20
12.28	-10.20
10.95	-10.18
10.07	-10.17
10.07	-10.17
9.82	-10.65
10.03	-11.16
10.03	-11.16
10.09	-11.38
10.09	-11.38
10.07	-11.64
10.16	-11.83
10.16	-11.83
9.54	-11.95
8.47	-12.64
8.47	-12.64
7.23	-13.15
5.68	-13.93
5.68	-13.93
3.52	-14.14
0.46	-14.47
0.46	-14.47
-1.67	-14.51
-2.49	-14.52
-2.49	-14.52
-2.63	-14.81
-2.22	-14.59
-2.22	-14.59
-2.16	-14.43
-2.10	-14.32
-2.10	-14.32
-2.10	-14.76
-2.10	-14.76
-1.93	-14.65
-1.66	-15.33
-1.66	-15.33
-1.72	-15.96
-2.37	-15.67
-2.37	-15.67
-2.50	-15.62
-2.73	-14.94
-2.73	-14.94
-2.64	-14.77
-2.86	-14.21
-2.86	-14.21
-3.18	-13.77
-3.66	-14.22
-3.66	-14.22
-4.64	-14.88
-5.17	-17.31
-5.17	-17.31
-5.44	-14.96
-5.30	-13.10
-5.30	-13.10
-5.04	-13.54
-5.04	-13.54
-5.45	-15.25
-6.13	-15.00
-6.13	-15.00
-6.09	-14.80
-6.59	-15.87
-6.59	-15.87
-7.82	-15.86
-7.88	-16.44
-7.88	-16.44
-7.74	-16.38
-8.54	-15.43
-8.54	-15.43
-8.90	-14.81
-8.61	-14.50
-8.61	-14.50
-8.18	-15.50
-8.32	-15.86
-8.32	-15.86
-8.32	-15.10
-8.60	-15.35
-8.60	-15.35
-8.34	-14.70
-8.34	-14.70
-7.97	-15.52
-7.53	-14.96
-7.53	-14.96
-6.70	-15.56
-6.22	-15.37
-6.22	-15.37
-5.42	-14.92
-4.91	-14.34
-4.91	-14.34
-4.27	-14.26
-3.82	-13.99
-3.82	-13.99
-3.81	-13.82
-3.73	-13.65
-3.73	-13.65
-3.72	-14.09
-3.63	-14.40
-3.63	-14.40
-3.86	-14.10
-3.74	-14.05
-3.74	-14.05
-3.65	-13.96
-3.74	-13.85
-3.74	-13.85
-3.89	-13.74
-3.89	-13.74
-3.77	-13.40
-3.61	-13.14
-3.61	-13.14
-3.47	-12.89
-3.50	-12.87
-3.50	-12.87
-3.36	-13.06
-3.30	-13.26
-3.30	-13.26
-3.44	-13.12
-3.35	-13.05
-3.35	-13.05
-3.17	-12.86
-2.99	-12.70
-2.99	-12.70
-2.92	-12.69
-2.89	-12.65
-2.89	-12.65
-2.99	-12.28
-3.01	-12.10
-3.01	-12.10
-3.07	-11.92
-3.07	-11.92
-2.76	-11.76
-2.60	-11.47
-2.60	-11.47
-2.61	-11.41
-2.78	-11.23
-2.78	-11.23
-2.64	-11.22
-2.65	-11.24
-2.65	-11.24
-2.71	-11.10
-2.74	-11.04
-2.74	-11.04
-2.86	-10.79
-2.74	-10.62
-2.74	-10.62
-2.62	-10.45
-2.49	-10.12
-2.49	-10.12
-2.39	-9.74
-2.39	-9.74
-2.47	-9.20
-2.45	-8.34
-2.45	-8.34
-2.48	-7.20
-2.51	-5.62
-2.51	-5.62
-2.34	-4.41
-1.67	-4.46
-1.67	-4.46
-2.00	-3.86
-2.70	-2.29
-2.70	-2.29
-3.36	-1.27
-2.84	-0.92
-2.84	-0.92
-3.02	-0.58
-3.41	0.02
-3.41	0.02
-3.82	1.35
-3.57	2.80
-3.57	2.80
-3.00	2.06
-3.31	1.99
-3.31	1.99
-2.36	-0.19
-2.36	-0.19
-2.04	-1.34
-1.96	-0.55
-1.96	-0.55
-3.20	-1.18
-3.78	-0.30
-3.78	-0.30
-5.47	0.61
-6.38	-0.11
-6.38	-0.11
-7.51	0.96
-8.24	1.07
-8.24	1.07
-8.19	-0.19
-8.23	-0.82
-8.23	-0.82
-8.80	-0.54
-9.52	0.37
-9.52	0.37
-10.82	0.77
-11.07	0.62
-11.07	0.62
-11.31	0.21
-11.39	-0.12
-11.39	-0.12
-11.55	-0.71
-11.55	-0.71
-11.48	-0.37
-11.81	-0.11
-11.81	-0.11
-11.91	-0.24
-12.71	-0.38
-12.71	-0.38
-14.27	-0.08
-16.41	0.89
-16.41	0.89
-17.13	1.37
-17.93	2.13
-17.93	2.13
-19.72	1.63
-22.45	1.70
-22.45	1.70
-24.08	1.82
-25.01	2.76
-25.01	2.76
-25.09	2.52
-24.71	2.35
-24.71	2.35
-24.30	2.17
-23.42	2.51
-23.42	2.51
-23.09	2.77
-23.09	2.77
-23.15	2.52
-23.17	2.09
-23.17	2.09
-23.09	1.54
-23.15	1.15
-23.15	1.15
-23.50	0.79
-23.91	0.62
-23.91	0.62
-23.75	0.16
-23.21	-0.03
-23.21	-0.03
-22.75	-0.29
-22.03	-0.19
-22.03	-0.19
-21.17	-0.69
-20.56	-1.08
-20.56	-1.08
-20.24	-1.52
-20.10	-1.84
-20.10	-1.84
-20.28	-2.04
-20.28	-2.04
-20.40	-1.98
-20.27	-2.33
-20.27	-2.33
-19.91	-2.63
-19.15	-3.46
-19.15	-3.46
-18.05	-4.52
-17.55	-5.39
-17.55	-5.39
-17.21	-5.99
-16.96	-6.54
-16.96	-6.54
-16.65	-6.58
-16.35	-6.57
-16.35	-6.57
-15.96	-6.71
-15.44	-7.14
-15.44	-7.14
-14.98	-7.42
-14.74	-7.97
-14.74	-7.97
-14.53	-8.32
-14.36	-8.54
-14.36	-8.54
-13.90	-8.99
-13.90	-8.99
-13.31	-9.17
-12.90	-9.27
-12.90	-9.27
-12.56	-9.51
-12.43	-9.79
-12.43	-9.79
-12.05	-9.94
-11.89	-10.02
-11.89	-10.02
-11.60	-10.12
-11.77	-10.29
-11.77	-10.29
-11.67	-10.24
-11.37	-9.83
-11.37	-9.83
-10.96	-9.55
-10.45	-9.20
-10.45	-9.20
-10.00	-9.01
-9.45	-8.93
-9.45	-8.93
-8.72	-9.21
-8.41	-9.16
-8.41	-9.16
-8.04	-9.20
-8.04	-9.20
-7.48	-8.58
-6.98	-8.92
-6.98	-8.92
-6.40	-8.63
-6.03	-9.00
-6.03	-9.00
-5.56	-8.89
-5.52	-8.20
-5.52	-8.20
-5.49	-8.16
-5.76	-7.59
-5.76	-7.59
-5.73	-7.16
-5.68	-5.98
-5.68	-5.98
-5.18	-4.89
-5.07	-4.00
-5.07	-4.00
-4.77	-3.16
-4.87	-2.75
-4.87	-2.75
-4.80	-2.12
-4.80	-2.12
-4.88	-1.59
-4.80	-1.19
-4.80	-1.19
-5.08	-0.98
-5.07	-0.53
-5.07	-0.53
-5.17	-0.26
-5.18	-0.07
-5.18	-0.07
-4.91	0.19
-4.76	0.70
-4.76	0.70
-4.56	0.58
-4.88	0.96
-4.88	0.96
-5.23	2.01
-4.82	2.94
-4.82	2.94
-4.18	3.56
-3.94	4.22
-3.94	4.22
-4.20	4.24
-4.70	4.95
-4.70	4.95
-4.68	5.90
-4.68	5.90
-4.64	5.59
-4.38	5.83
-4.38	5.83
-4.49	6.18
-4.50	6.45
-4.50	6.45
-4.44	6.32
-4.45	6.31
-4.45	6.31
-4.28	6.24
-4.25	5.86
-4.25	5.86
-4.39	5.52
-4.61	4.86
-4.61	4.86
-4.81	4.55
-4.95	4.20
-4.95	4.20
-5.21	3.35
-5.32	2.84
-5.32	2.84
-5.56	2.54
-5.66	2.27
-5.66	2.27
-5.84	1.91
-6.35	1.52
-6.35	1.52
-6.65	1.32
-6.65	1.32
-6.70	1.11
-6.79	0.83
-6.79	0.83
-6.95	0.67
-7.32	0.08
-7.32	0.08
-7.80	-0.22
-8.32	-0.86
-8.32	-0.86
-9.22	-1.61
-10.36	-2.21
-10.36	-2.21
-11.50	-2.96
-12.86	-3.29
-12.86	-3.29
-13.80	-3.81
-14.57	-4.75
-14.57	-4.75
-15.44	-4.88
-15.83	-5.14
-15.83	-5.14
-16.25	-5.44
-16.91	-5.83
-16.91	-5.83
-18.13	-6.23
-18.13	-6.23
-18.77	-5.99
-19.08	-6.30
-19.08	-6.30
-18.76	-5.91
-18.80	-5.72
-18.80	-5.72
-18.84	-5.86
-18.77	-5.75
-18.77	-5.75
-18.81	-5.65
-18.88	-5.58
-18.88	-5.58
-18.77	-5.15
-18.63	-4.90
-18.63	-4.90
-18.66	-4.99
-18.95	-4.98
-18.95	-4.98
-18.62	-4.51
-18.17	-4.45
-18.17	-4.45
-17.89	-3.59
-17.72	-3.21
-17.72	-3.21
-18.33	-2.60
-18.98	-1.83
-18.98	-1.83
-19.76	-1.77
-19.76	-1.77
-20.19	-0.81
-20.33	-0.59
-20.33	-0.59
-20.54	0.05
-20.53	0.70
-20.53	0.70
-20.31	1.66
-19.91	2.48
-19.91	2.48
-19.58	2.76
-19.48	3.24
-19.48	3.24
-19.51	3.47
-19.32	4.02
-19.32	4.02
-19.26	4.20
-19.25	4.36
-19.25	4.36
-19.06	4.57
-18.74	4.73
-18.74	4.73
-18.54	5.08
-18.09	5.51
-18.09	5.51
-17.78	5.83
-17.78	5.83
-17.27	6.14
-16.84	6.56
-16.84	6.56
-16.19	6.68
-15.38	7.05
-15.38	7.05
-14.41	7.36
-12.76	7.96
-12.76	7.96
-10.98	8.53
-9.39	9.15
-9.39	9.15
-7.81	9.89
-6.70	11.03
-6.70	11.03
-4.75	12.25
-3.55	13.25
-3.55	13.25
-2.39	14.21
-1.36	15.12
-1.36	15.12
-0.62	15.74
-0.33	15.88
-0.33	15.88
-0.12	16.73
-0.12	16.73
0.18	17.01
0.53	17.39
0.53	17.39
0.54	17.93
1.10	18.62
1.10	18.62
1.64	19.50
2.04	20.13
2.04	20.13
2.16	20.58
2.17	20.65
2.17	20.65
1.95	20.80
1.90	20.75
1.90	20.75
1.86	20.83
1.68	20.76
1.68	20.76
1.59	20.57
1.38	20.54
1.38	20.54
1.34	20.44
1.32	20.53
1.32	20.53
1.22	20.28
1.22	20.28
1.62	20.57
1.63	20.56
1.63	20.56
1.43	21.01
1.40	21.05
1.40	21.05
1.68	21.32
1.75	21.42
1.75	21.42
1.77	21.70
1.93	21.86
1.93	21.86
2.01	22.06
2.06	22.12
2.06	22.12
1.90	22.13
1.84	22.15
1.84	22.15
2.03	22.21
2.08	22.21
2.08	22.21
2.21	22.52
2.25	22.56
2.25	22.56
2.49	22.71
2.32	22.71
2.32	22.71
2.33	22.82
2.33	22.82
2.29	22.69
2.21	22.71
2.21	22.71
2.15	22.75
1.82	22.80
1.82	22.80
1.82	22.83
1.91	23.00
1.91	23.00
1.83	23.04
1.53	23.26
1.53	23.26
1.62	23.56
1.53	23.96
1.53	23.96
1.43	24.30
1.40	24.28
1.40	24.28
1.15	24.08
1.26	23.99
1.26	23.99
1.06	23.77
1.07	23.79
1.07	23.79
0.69	23.62
0.56	23.49
0.56	23.49
0.41	23.45
0.41	23.45
0.35	23.54
0.32	23.52
0.32	23.52
0.48	23.56
0.67	23.70
0.67	23.70
0.61	23.70
0.58	23.84
0.58	23.84
0.58	23.96
0.47	24.12
0.47	24.12
0.57	24.28
0.55	24.35
0.55	24.35
0.52	24.54
0.27	24.63
0.27	24.63
0.34	24.63
0.22	24.62
0.22	24.62
0.27	24.59
0.39	24.58
0.39	24.58
0.38	24.62
0.39	24.48
0.39	24.48
0.51	24.64
0.51	24.64
0.43	24.62
0.23	24.84
0.23	24.84
0.40	24.82
0.39	25.03
0.39	25.03
0.46	25.19
0.42	25.34
0.42	25.34
0.37	25.40
0.27	25.52
0.27	25.52
0.31	25.63
0.19	25.69
0.19	25.69
0.15	25.65
0.12	25.66
0.12	25.66
0.08	25.74
0.07	25.72
0.07	25.72
0.06	25.77
-0.04	25.87
-0.04	25.87
-0.06	25.80
-0.07	25.97
-0.07	25.97
-0.01	25.85
-0.01	25.85
0.06	25.89
0.11	25.73
0.11	25.73
0.00	25.90
-0.13	25.88
-0.13	25.88
-0.15	26.06
-0.13	26.09
-0.13	26.09
-0.15	26.14
-0.18	26.05
-0.18	26.05
-0.18	26.13
-0.16	26.03
-0.16	26.03
-0.21	26.02
-0.14	26.01
