90.05	0.00
85.46	1.52
85.46	1.52
86.30	1.23
86.30	1.23
87.27	0.46
87.27	0.46
87.47	0.02
87.47	0.02
87.20	0.77
87.20	0.77
87.30	0.74
87.30	0.74
86.96	-0.35
86.96	-0.35
86.06	-0.91
86.06	-0.91
84.84	-1.73
84.84	-1.73
84.28	-1.83
84.28	-1.83
83.92	-1.87
83.92	-1.87
84.01	-1.87
84.01	-1.87
84.86	-1.48
84.86	-1.48
86.30	-0.03
86.30	-0.03
86.47	1.25
86.47	1.25
87.10	2.50
87.10	2.50
87.49	3.01
87.49	3.01
87.07	2.84
87.07	2.84
86.74	3.01
86.74	3.01
86.31	3.15
86.31	3.15
86.15	2.98
86.15	2.98
85.05	3.33
85.05	3.33
84.23	3.36
84.23	3.36
83.93	3.85
83.93	3.85
83.67	3.45
83.67	3.45
83.02	3.85
83.02	3.85
82.61	3.60
82.43	3.50
82.41	3.54
82.41	3.54
82.16	3.12
82.19	3.00
82.19	3.00
82.06	3.05
82.05	2.92
82.05	2.69
82.03	2.56
82.11	2.09
82.00	1.21
81.92	0.82
81.62	1.13
81.09	1.36
80.65	1.69
80.16	2.50
79.68	3.26
79.47	3.66
79.61	3.66
79.61	3.66
80.11	4.17
80.56	4.21
80.56	4.21
81.10	4.14
81.10	4.14
81.30	4.60
81.30	4.60
80.45	4.80
80.45	4.80
78.71	3.61
77.14	3.16
77.14	3.16
73.24	2.34
73.24	2.34
66.40	2.06
61.93	1.23
57.87	0.47
53.80	-0.62
50.71	-1.89
48.59	-3.19
47.57	-4.66
47.19	-5.58
47.20	-6.18
47.20	-6.18
48.84	-4.71
50.50	-3.92
52.24	-3.42
53.45	-3.48
54.34	-3.70
54.66	-3.75
54.70	-3.46
54.65	-2.89
54.56	-2.65
54.61	-2.50
54.74	-2.42
54.40	-2.49
53.87	-2.46
53.24	-2.43
53.24	-2.43
51.90	-2.13
51.90	-2.13
50.54	-1.91
49.45	-1.47
48.34	-1.12
47.28	-0.23
45.82	0.27
44.30	0.49
42.80	0.68
42.80	0.68
36.53	1.34
36.53	1.34
29.45	2.28
27.73	2.74
27.73	2.74
29.11	4.10
30.57	5.67
31.32	5.45
30.62	5.59
29.34	5.30
29.34	5.30
27.43	5.40
26.27	5.93
25.16	6.18
24.37	6.39
24.29	6.45
24.29	6.45
24.11	7.02
24.11	7.02
22.26	7.65
22.26	7.65
21.09	8.68
21.09	8.68
20.53	9.20
19.68	8.97
19.11	8.38
18.21	7.72
16.89	7.38
15.87	7.15
15.36	7.14
14.85	7.34
14.41	7.49
13.95	7.70
13.81	7.76
13.52	8.55
13.52	8.55
11.88	8.98
11.88	8.98
12.49	7.79
13.02	7.69
13.02	7.69
12.05	7.81
12.05	7.81
11.62	7.53
11.43	7.52
11.14	7.49
11.14	7.49
10.34	7.57
10.34	7.57
10.40	7.54
10.40	7.54
10.01	8.10
10.01	8.10
9.97	8.10
9.97	8.10
11.82	8.11
11.82	8.11
14.32	7.57
14.32	7.57
15.47	6.75
15.47	6.75
16.50	5.96
16.50	5.96
18.14	5.09
18.14	5.09
19.44	4.74
19.44	4.74
21.50	3.38
21.50	3.38
23.52	1.94
23.52	1.94
26.24	0.70
26.24	0.70
29.73	-0.68
29.73	-0.68
33.63	0.05
33.63	0.05
35.23	0.82
35.63	0.14
35.28	-0.68
34.62	-1.49
33.37	-1.56
32.24	-0.92
31.67	-1.01
31.37	-0.94
31.30	-1.16
31.32	-1.24
31.31	-1.26
31.05	-1.53
30.58	-1.24
31.43	-1.52
31.89	-1.55
33.08	-2.48
35.08	-1.91
35.28	-0.90
35.28	-0.90
36.27	0.85
36.27	0.85
36.58	1.87
36.93	2.70
37.58	3.65
38.48	4.81
40.32	6.23
40.32	6.23
41.84	8.09
43.10	9.06
43.10	9.06
44.61	9.50
44.68	9.46
44.68	9.46
45.24	9.39
45.24	9.39
45.17	10.02
45.17	10.02
45.51	10.99
45.51	10.99
44.65	12.35
43.69	14.06
42.82	15.90
42.65	16.98
42.88	18.05
43.15	19.47
43.01	21.48
42.85	23.20
42.85	23.20
42.30	24.59
42.36	24.58
42.59	25.03
42.43	25.50
41.97	26.44
41.97	26.44
40.86	28.04
40.86	28.04
40.85	28.68
40.85	28.68
41.23	28.83
40.94	29.43
40.44	30.35
40.42	30.73
40.77	29.84
41.39	29.13
42.26	28.14
42.70	28.55
43.00	27.82
42.52	26.59
41.62	24.63
40.68	22.14
40.19	19.19
40.21	15.74
40.44	13.29
41.13	10.53
40.91	8.20
40.71	6.23
40.34	3.84
40.16	1.80
40.30	1.00
40.60	0.24
40.60	-0.85
41.00	-2.23
40.91	-3.80
40.84	-5.08
41.09	-6.25
41.34	-6.64
41.34	-6.64
41.65	-7.10
41.61	-7.01
41.41	-7.31
41.27	-7.98
41.22	-8.42
41.08	-8.35
40.95	-8.77
40.87	-8.82
40.66	-9.01
40.54	-9.44
40.34	-9.54
40.04	-9.61
40.00	-9.62
39.96	-9.55
39.62	-9.98
39.26	-10.36
38.88	-10.98
38.46	-11.58
38.14	-12.29
37.94	-13.27
37.57	-15.18
37.03	-17.30
36.37	-18.98
35.90	-20.60
35.49	-22.01
35.53	-23.51
35.47	-24.59
35.47	-24.59
35.84	-26.79
35.99	-27.82
36.82	-29.11
36.99	-30.35
36.83	-31.64
36.76	-32.71
36.51	-33.53
36.40	-34.05
36.25	-34.13
36.25	-34.13
36.14	-35.10
35.95	-35.65
36.04	-36.46
36.02	-37.14
36.15	-37.65
36.08	-38.39
36.30	-39.16
36.27	-39.60
36.01	-39.87
35.86	-40.28
35.42	-40.52
35.19	-40.59
35.15	-39.62
35.04	-38.66
34.83	-39.81
34.56	-41.23
34.71	-42.94
34.51	-44.44
34.56	-45.39
34.77	-46.50
34.79	-47.17
34.96	-47.92
34.74	-48.75
34.49	-49.33
34.35	-49.97
34.00	-50.46
33.97	-51.05
34.02	-52.15
34.24	-52.95
34.01	-54.06
33.91	-55.62
33.60	-57.06
33.34	-57.64
33.37	-58.14
33.82	-58.40
34.21	-58.71
34.55	-58.84
34.93	-58.87
35.00	-59.18
34.84	-59.39
34.76	-59.72
34.44	-60.65
34.29	-61.65
34.07	-62.85
34.03	-64.65
34.21	-66.14
33.92	-67.02
33.94	-67.57
34.04	-68.07
34.15	-68.38
34.46	-68.33
34.53	-68.25
34.64	-67.84
34.40	-67.34
34.27	-67.14
34.35	-66.64
33.94	-65.74
33.52	-64.40
33.36	-62.81
33.14	-61.16
33.07	-59.70
33.07	-58.34
33.16	-56.97
33.08	-55.67
32.95	-53.98
32.93	-52.12
33.04	-49.87
33.40	-47.03
33.75	-44.24
34.35	-41.43
34.70	-38.35
35.00	-35.54
35.23	-33.39
35.56	-31.40
35.62	-30.11
35.88	-29.21
35.96	-28.27
36.10	-26.35
36.11	-24.18
36.40	-21.86
36.41	-19.65
36.64	-17.86
36.74	-17.05
36.89	-16.71
36.89	-16.33
36.86	-15.42
36.91	-14.25
37.16	-12.57
37.25	-10.81
37.32	-9.53
37.18	-8.76
37.15	-7.63
37.24	-6.82
37.15	-6.10
36.96	-5.37
36.95	-4.92
37.06	-4.15
37.08	-3.59
37.20	-3.16
37.13	-3.07
37.33	-2.99
37.38	-2.73
37.41	-2.32
37.38	-1.71
37.64	-0.39
37.92	1.29
37.50	2.95
37.04	4.46
36.84	5.64
37.84	6.77
38.37	7.05
38.41	7.68
38.64	8.99
39.20	9.88
39.74	9.88
39.83	9.38
39.46	9.81
39.02	10.41
38.62	10.92
38.20	11.29
37.75	11.38
37.39	11.34
37.07	11.42
37.04	11.84
37.10	12.23
37.35	12.40
37.30	12.72
37.29	12.80
37.42	12.16
37.92	11.35
38.49	9.68
38.85	8.91
38.60	8.41
38.44	7.29
38.25	6.95
38.17	6.71
37.99	5.91
38.20	4.95
38.35	3.83
38.55	3.73
38.86	3.28
38.81	3.82
38.80	3.27
38.86	2.97
38.78	2.85
38.52	2.44
38.40	2.29
38.07	2.00
37.66	1.75
37.20	1.62
36.71	1.40
36.20	1.36
35.80	1.47
35.48	1.29
34.77	1.16
34.58	1.01
34.50	0.61
34.41	0.22
34.19	0.81
34.46	1.09
34.12	0.76
33.93	0.63
33.74	0.75
33.76	0.89
34.35	0.85
34.94	0.75
35.11	0.65
34.92	0.78
34.84	0.68
34.51	0.52
34.70	1.09
34.76	1.32
35.64	1.20
35.94	1.55
35.85	1.23
36.07	0.59
35.88	0.82
36.11	1.00
35.82	2.06
35.54	2.41
36.09	2.87
36.48	2.72
36.89	1.95
36.80	2.23
36.79	2.72
37.04	3.07
37.08	4.85
37.28	5.38
37.35	5.28
37.33	3.58
37.60	3.19
37.62	2.98
37.27	3.80
37.27	3.67
36.99	3.13
36.87	2.77
37.08	1.66
36.98	1.09
36.59	1.10
36.56	-0.23
36.72	-0.57
37.09	-0.57
38.29	-0.46
38.92	-1.06
38.87	-1.13
39.22	-1.15
39.72	-1.34
40.03	-1.75
39.18	-2.14
37.98	-2.05
36.73	-2.18
35.87	-2.44
36.23	-2.71
36.38	-3.06
36.84	-3.37
37.04	-4.01
36.51	-4.71
36.37	-4.65
35.54	-4.68
35.86	-4.12
36.38	-3.30
37.33	-2.92
38.19	-3.96
38.79	-4.98
39.50	-4.45
38.63	-4.24
38.51	-4.56
38.85	-4.69
38.95	-4.96
39.14	-5.10
39.04	-5.30
38.30	-5.41
37.82	-5.17
37.03	-4.79
36.55	-4.85
36.50	-4.75
36.86	-5.14
37.26	-4.98
37.75	-4.74
37.74	-5.12
37.59	-5.21
37.39	-5.46
37.14	-5.38
37.20	-5.22
37.81	-5.69
38.17	-5.64
38.50	-5.72
38.92	-5.90
39.31	-6.57
39.67	-7.26
39.99	-7.53
40.88	-6.86
40.42	-6.19
40.54	-6.38
40.79	-5.97
41.11	-5.93
41.66	-5.33
42.24	-5.46
42.57	-6.09
42.69	-6.49
42.45	-6.30
42.43	-5.15
41.51	-3.48
40.56	-2.66
41.99	-2.70
42.02	-2.43
41.66	-2.03
41.71	-1.54
41.54	-2.66
40.81	-1.84
40.64	-0.91
41.22	0.04
41.75	-0.11
41.78	1.03
42.56	2.00
42.17	3.53
40.10	2.32
40.20	1.11
40.95	-0.36
40.75	0.14
40.72	0.51
41.58	2.59
41.23	2.25
41.05	1.41
41.25	0.26
41.40	-0.69
41.78	-0.88
42.32	-0.62
41.98	0.14
42.21	0.46
42.62	-0.07
44.53	1.27
44.38	-0.29
44.63	-0.68
44.45	-0.67
44.58	-0.74
43.98	-1.42
44.13	-1.90
45.05	-0.36
44.02	-1.07
43.51	-0.99
44.00	-1.15
44.12	-1.47
44.42	-1.23
44.63	-1.58
45.23	-1.21
45.22	-1.87
45.15	-2.35
46.36	-0.78
46.79	-1.15
47.67	0.20
47.71	0.06
48.02	0.01
47.35	-1.36
47.18	-1.37
46.89	-1.59
48.54	-1.11
48.29	-1.85
46.34	-2.83
47.10	0.04
47.05	-1.15
45.45	-1.42
46.34	-1.38
45.63	-1.46
44.65	-2.57
45.48	-1.52
47.39	1.21
47.15	-0.19
46.59	-0.37
46.75	-0.86
46.33	-1.93
45.44	-1.61
44.75	-2.74
44.54	-1.23
44.34	-2.49
44.77	-1.24
45.82	-1.30
46.99	-0.31
48.88	0.40
47.31	-1.83
43.80	-3.75
43.37	-3.35
44.50	-2.34
45.54	-1.13
46.36	0.44
44.16	-4.20
43.49	-4.79
46.07	-1.34
46.29	-0.34
45.64	-1.28
45.38	-1.21
45.02	-1.55
45.15	-1.75
46.93	2.48
48.56	3.58
48.82	3.57
48.32	3.20
47.11	0.98
47.84	2.71
48.17	3.03
48.07	3.02
48.98	4.65
47.78	3.19
47.52	4.66
47.19	4.05
46.47	3.86
46.31	4.24
46.71	4.31
46.77	4.24
46.76	4.73
46.99	5.50
47.01	5.20
46.98	5.35
46.90	5.30
47.11	5.52
46.42	5.17
44.93	3.53
44.59	2.94
44.78	2.53
45.84	2.94
46.98	3.62
46.84	4.25
46.26	2.78
46.17	2.20
46.04	2.91
46.82	2.76
47.67	2.05
48.11	2.34
47.34	2.60
46.75	2.01
47.24	2.22
47.24	2.73
47.56	5.05
48.31	3.47
48.37	0.87
49.50	0.96
49.81	3.27
49.43	2.45
49.93	1.20
49.63	-3.02
49.73	0.87
49.47	1.58
47.38	-1.68
47.12	-4.44
47.60	-7.18
49.21	-6.53
51.04	-4.81
51.06	-6.77
47.92	-6.25
47.01	-7.03
46.92	-8.47
47.19	-9.29
49.53	-9.88
52.26	-9.20
53.89	-8.71
52.82	-9.42
48.60	-10.43
44.20	-10.07
42.47	-10.23
43.76	-10.10
45.59	-9.18
46.88	-8.52
48.08	-8.59
49.71	-8.38
50.68	-7.62
50.45	-7.37
47.84	-7.07
43.38	-6.63
39.35	-6.68
39.58	-7.18
39.86	-5.81
41.93	-6.37
44.13	-7.31
46.17	-7.66
47.25	-7.74
47.89	-7.78
47.32	-7.54
46.45	-7.08
45.57	-7.11
45.25	-6.91
45.80	-6.33
46.09	-5.84
46.27	-5.09
45.47	-4.01
44.95	-3.01
44.99	-3.17
44.35	-2.91
43.55	-2.47
42.60	-1.93
41.88	-0.79
41.14	0.44
40.22	0.90
38.99	2.08
37.91	2.81
37.14	3.48
36.61	4.16
35.54	4.59
34.79	5.01
34.04	5.44
33.51	5.67
32.57	6.06
31.85	6.60
31.44	7.05
31.34	7.42
30.61	7.75
29.90	7.91
29.64	7.78
29.06	7.79
28.60	7.65
28.30	7.53
28.03	7.25
27.84	6.85
27.52	6.34
27.04	5.65
26.02	5.41
24.69	5.33
23.53	5.51
22.18	5.68
21.00	5.68
20.00	5.75
19.07	5.73
18.02	5.71
16.23	5.85
14.44	5.70
13.02	5.58
11.34	5.27
10.14	5.03
9.20	4.88
8.30	4.57
7.69	3.96
7.22	3.10
6.83	2.05
6.58	0.86
6.12	-0.35
5.77	-1.58
5.46	-2.24
5.29	-2.66
5.37	-3.48
5.74	-4.28
6.15	-4.65
6.73	-5.08
7.55	-5.25
8.39	-5.35
9.43	-5.47
10.40	-5.67
11.37	-5.63
12.36	-5.70
13.35	-5.97
14.33	-6.13
15.32	-6.14
16.42	-6.06
17.76	-5.81
19.39	-5.64
20.65	-5.57
22.02	-5.44
23.32	-5.40
24.50	-5.29
25.61	-5.27
26.49	-5.11
27.40	-4.81
28.26	-4.43
28.88	-3.98
29.53	-3.45
30.07	-2.70
30.67	-1.64
31.33	-0.82
31.76	0.22
32.27	1.26
32.82	2.35
33.17	3.49
33.42	4.59
33.68	6.16
33.84	7.45
34.18	8.52
34.36	9.69
34.58	10.97
34.75	12.20
35.02	13.13
35.33	13.83
35.78	14.45
36.23	14.93
36.71	15.68
37.37	16.22
38.09	16.80
38.87	17.42
39.68	17.89
40.74	18.34
41.89	18.90
43.01	19.27
44.24	19.84
45.41	20.42
46.63	21.11
47.83	21.83
48.84	22.33
49.83	22.72
50.84	22.70
51.68	22.36
52.78	22.58
54.09	22.63
55.32	22.71
56.90	22.45
58.37	21.95
59.85	21.44
61.40	20.95
63.05	20.14
64.53	19.51
65.68	18.40
66.97	17.12
68.21	15.88
69.40	14.56
70.46	13.10
71.27	11.93
72.08	10.83
72.87	9.49
73.63	7.88
74.65	6.73
75.79	5.70
77.18	5.04
78.58	4.26
80.05	3.92
81.48	3.59
82.96	3.37
84.57	3.00
86.38	3.17
88.26	3.58
89.86	4.21
91.42	4.86
93.09	5.64
94.60	6.40
96.33	7.15
97.80	7.74
99.19	8.03
100.72	8.37
102.44	8.70
104.35	8.98
106.29	9.14
108.04	9.13
109.70	9.07
111.34	8.93
112.64	8.54
113.88	8.18
115.20	7.81
116.32	7.67
117.90	7.36
119.35	6.96
121.09	6.82
122.83	6.77
124.46	6.70
126.45	6.64
128.06	6.67
129.73	6.72
131.37	6.79
133.03	6.95
134.75	7.08
136.54	7.45
138.46	7.78
140.27	8.07
141.99	8.46
143.52	8.86
145.06	9.25
146.23	9.46
147.31	9.78
148.27	10.19
149.29	10.91
150.39	11.96
151.24	13.15
151.89	14.53
152.49	16.00
152.78	17.44
153.24	18.90
153.75	19.78
154.30	20.91
154.91	21.53
155.18	21.65
155.29	21.75
155.06	21.67
154.74	21.47
154.32	21.15
154.05	20.46
153.76	19.78
153.92	19.10
154.75	17.59
155.98	15.82
157.44	13.90
158.98	11.56
160.74	10.01
162.28	9.84
163.68	9.68
164.64	9.48
165.16	9.02
165.81	8.16
166.63	6.65
167.38	5.60
168.19	4.79
169.23	3.67
170.20	2.54
171.02	1.89
171.75	1.20
172.20	0.84
172.89	0.54
173.57	0.41
174.68	0.20
176.20	-0.15
177.31	-0.37
178.43	-0.57
179.29	-0.72
-179.92	-1.10
-179.08	-1.19
-178.38	-1.38
-177.49	-1.44
-176.65	-1.54
-175.88	-1.59
-175.05	-1.70
-174.17	-1.81
-173.30	-1.76
-172.03	-1.57
-170.71	-1.36
-169.01	-0.97
-167.40	-0.61
-166.08	-0.17
-165.28	-0.06
-164.87	-0.07
-164.88	-0.14
-165.00	-0.08
-164.87	0.07
-164.15	0.47
-163.02	0.64
-161.80	1.11
-161.00	1.49
-160.28	1.58
-159.72	1.67
-159.28	1.73
-158.87	1.89
-158.32	1.99
-157.92	2.19
-157.28	2.38
-156.77	2.72
-156.13	2.87
-155.85	3.12
-155.50	3.24
-155.10	3.34
-154.63	3.31
-154.38	3.55
-154.13	3.69
-154.01	3.88
-154.25	4.22
-154.51	4.77
-154.92	5.42
-155.61	6.07
-156.46	6.66
-157.65	7.08
-158.80	7.19
-160.39	7.13
-162.25	6.81
-163.63	6.20
-164.07	5.39
-164.26	4.58
-164.12	3.66
-163.93	2.77
-164.90	1.73
-167.27	1.15
-169.47	1.13
-172.43	1.15
-174.92	1.13
-177.64	0.90
179.43	0.63
176.54	0.76
173.97	0.85
170.69	0.83
167.87	0.92
165.15	0.79
161.64	0.60
159.03	0.40
156.71	0.23
154.48	0.34
152.68	0.58
150.87	0.96
149.01	1.24
146.98	1.63
145.28	1.88
143.10	2.19
141.35	2.30
139.24	2.37
137.01	2.47
134.63	2.53
132.47	2.60
130.11	2.63
127.82	2.58
125.40	2.75
123.27	2.77
121.14	2.94
118.78	3.11
116.62	3.18
114.51	3.12
112.35	3.15
110.06	3.26
108.03	3.20
105.98	3.13
103.56	3.01
101.60	2.94
99.63	2.94
97.85	2.87
96.25	2.80
94.52	2.71
93.01	2.53
91.42	2.46
89.94	2.22
88.27	1.97
86.90	1.82
85.41	1.47
83.62	1.02
81.93	0.42
80.21	-0.56
78.33	-2.22
76.57	-3.67
74.85	-5.62
73.18	-7.10
71.82	-7.33
70.72	-8.35
69.54	-10.45
68.45	-12.50
67.04	-13.48
65.16	-14.58
63.50	-16.50
62.14	-18.04
60.88	-18.73
60.02	-19.07
59.27	-19.45
58.82	-19.54
58.71	-20.18
58.49	-20.52
58.15	-20.86
58.00	-21.18
57.50	-21.17
56.61	-20.82
55.66	-20.51
54.50	-20.44
53.15	-20.83
51.45	-21.41
49.16	-21.60
46.50	-21.31
44.00	-20.87
41.20	-20.27
39.14	-19.98
36.97	-19.75
34.86	-19.58
33.00	-19.57
31.11	-19.32
28.91	-19.04
27.53	-18.91
26.00	-18.77
24.64	-18.72
23.22	-18.55
21.62	-18.20
19.82	-17.65
18.25	-17.01
16.88	-16.48
15.51	-15.97
14.15	-15.35
12.73	-14.74
11.07	-14.14
9.57	-13.61
8.15	-13.12
6.95	-12.57
5.72	-11.90
4.58	-11.13
3.54	-10.53
2.60	-9.73
1.93	-8.93
1.63	-8.28
1.20	-7.49
0.80	-6.69
0.37	-5.89
-0.24	-5.23
-0.96	-4.55
-1.68	-4.09
-2.42	-3.26
-3.12	-2.43
-4.00	-1.63
-4.56	-0.78
-5.01	0.09
-5.36	1.26
-5.71	2.17
-5.81	2.91
-5.93	3.90
-5.96	4.71
-6.09	5.71
-6.25	6.82
-6.47	8.09
-6.68	9.71
-6.89	11.10
-7.08	12.35
-7.30	13.59
-7.25	14.51
-7.18	15.50
-7.38	16.48
-7.71	17.76
-8.08	18.57
-8.47	19.29
-9.01	19.93
-9.43	20.28
-9.77	21.14
-10.08	22.09
-10.18	23.20
-10.12	24.65
-10.03	26.34
-9.76	27.80
-9.37	29.24
-9.01	30.73
-8.75	32.11
-8.80	33.41
-8.94	34.92
-9.27	36.34
-9.68	37.81
-10.20	39.48
-10.56	40.61
-10.88	41.47
-10.79	42.60
-10.63	43.33
-10.36	43.95
-9.82	44.75
-9.28	45.79
-8.92	46.76
-8.64	47.90
-8.46	48.84
-8.31	49.74
-7.90	50.24
-7.65	50.64
-7.15	51.04
-6.76	51.59
-6.79	52.18
-6.90	52.73
-6.64	53.32
-6.80	53.97
-7.06	54.75
-7.66	55.50
-8.51	56.18
-9.19	56.69
-9.17	57.27
-9.17	57.93
-9.58	58.24
-10.72	58.45
-12.23	58.22
-14.79	58.18
-17.19	58.04
-19.08	58.12
-21.25	58.22
-22.96	58.28
-24.65	58.59
-26.23	58.69
-28.23	58.70
-31.15	58.81
-33.76	58.73
-36.21	58.44
-39.32	58.15
-42.54	57.93
-44.68	57.88
-45.93	57.86
-47.02	57.80
-48.09	57.51
-48.59	56.83
-49.69	56.09
-51.15	54.91
-52.99	53.42
-54.40	51.62
-55.14	50.15
-56.08	48.53
-56.03	47.68
-56.00	46.84
-56.28	45.47
-55.77	44.14
-55.27	42.86
-54.43	41.38
-53.76	39.55
-53.12	37.75
-52.52	35.47
-51.98	33.39
-51.74	31.46
-51.62	29.20
-51.53	27.60
-51.25	26.08
-50.79	24.74
-50.41	23.66
-49.78	22.77
-49.32	22.01
-48.96	21.43
-48.61	20.68
-48.32	19.85
-48.23	18.64
-48.24	17.43
-48.17	16.26
-47.94	15.33
-47.70	14.39
-47.38	12.92
-47.02	11.21
-46.53	9.27
-45.85	6.84
-45.18	4.45
-44.37	2.80
-43.82	1.33
-43.20	-0.02
-42.31	-0.63
-41.13	-1.47
-39.73	-2.42
-38.21	-3.09
-36.68	-3.73
-35.66	-4.47
-34.59	-5.46
-33.53	-6.34
-32.21	-7.27
-30.37	-8.60
-28.34	-9.59
-26.82	-10.19
-25.10	-10.46
-23.38	-10.62
-21.72	-10.91
-19.91	-11.13
-18.18	-11.27
-16.66	-11.53
-14.86	-11.58
-12.69	-11.72
-10.53	-11.86
-8.33	-11.70
-5.89	-11.44
-3.74	-11.58
-1.38	-11.25
1.21	-10.58
3.72	-9.90
6.09	-9.35
8.89	-8.87
10.99	-8.68
12.86	-8.64
14.66	-9.06
15.72	-8.99
16.46	-8.86
16.89	-8.64
17.11	-8.09
17.02	-7.28
17.12	-6.61
17.41	-5.87
17.77	-5.30
18.26	-4.76
18.96	-4.43
19.64	-4.09
20.45	-3.73
21.35	-3.39
22.10	-3.30
22.71	-3.38
23.21	-3.36
23.74	-3.37
23.85	-3.25
24.23	-2.94
24.59	-2.54
25.11	-2.21
25.42	-2.07
25.87	-2.09
25.92	-2.20
26.05	-2.18
26.11	-2.24
26.15	-2.23
26.17	-2.00
26.23	-1.71
26.31	-1.43
26.46	-1.20
26.56	-1.01
26.35	-0.72
26.25	-0.63
26.27	-0.28
26.12	0.25
25.97	0.44
26.02	0.50
26.15	0.54
26.11	0.55
26.08	0.62
25.91	0.64
25.60	0.67
25.09	0.81
24.56	1.19
23.87	1.60
23.21	1.86
22.52	2.24
21.51	2.58
20.22	3.12
17.98	3.79
15.52	4.19
12.69	4.82
9.79	5.55
6.45	5.76
2.64	6.06
-0.80	6.23
-3.70	6.35
-6.37	6.30
-9.04	6.28
-11.39	6.71
-14.39	7.25
-17.31	8.03
-20.84	8.93
-23.87	9.50
-27.06	10.05
-30.12	10.46
-32.72	10.51
-35.66	10.22
-37.85	9.43
-39.81	9.22
-41.29	8.67
-42.78	8.05
-44.04	7.20
-45.67	6.14
-47.07	5.45
-48.15	4.69
-50.62	4.40
-52.54	4.52
-54.30	4.00
-55.58	3.78
-56.92	3.21
-58.29	3.51
-59.61	3.46
-60.29	3.12
-60.68	2.62
-60.73	2.24
-60.77	1.77
-60.94	1.06
-61.55	0.67
-62.59	0.34
-63.66	-0.12
-64.82	-0.81
-65.06	-1.65
-63.97	-1.28
-62.53	-1.31
-60.93	-0.99
-59.38	-0.77
-57.86	-1.02
-55.76	-1.67
-54.12	-2.04
-52.01	-2.34
-49.64	-2.06
-46.89	-1.71
-43.18	-1.69
-39.47	-1.60
-35.70	-2.18
-32.29	-3.02
-28.62	-3.90
-25.20	-4.16
-21.86	-3.97
-19.26	-3.37
-16.57	-3.11
-14.40	-3.43
-12.05	-4.40
-9.06	-5.33
-5.23	-6.03
-0.77	-6.04
4.19	-5.42
9.39	-4.66
13.61	-4.49
17.95	-4.31
21.96	-4.05
25.21	-4.27
27.72	-4.34
29.88	-4.65
31.73	-4.89
33.41	-5.05
34.63	-4.61
35.60	-4.75
36.32	-4.63
37.27	-4.58
38.41	-4.92
39.49	-4.15
40.85	-3.69
42.09	-3.05
43.35	-2.44
45.11	-0.22
45.88	-0.25
47.09	0.76
48.30	1.69
49.24	2.81
50.19	4.40
50.74	5.72
51.49	7.59
52.02	8.62
51.88	9.84
51.76	10.21
51.86	10.52
51.97	11.37
52.17	11.83
52.30	11.60
53.03	11.07
54.27	11.32
55.53	11.61
56.57	11.17
56.62	11.18
56.77	11.22
56.26	11.30
55.93	10.92
55.41	10.35
55.93	9.58
56.88	7.86
58.10	5.49
59.55	3.35
60.27	1.49
60.54	0.24
60.62	-0.75
61.13	-1.68
61.85	-2.27
62.57	-2.79
63.76	-4.05
64.02	-4.51
64.08	-4.80
64.04	-5.01
63.60	-5.40
62.89	-5.90
61.98	-7.30
61.53	-8.42
61.60	-9.43
63.35	-10.56
65.31	-11.31
68.60	-11.59
71.40	-10.47
73.50	-9.94
75.98	-10.42
78.10	-10.90
80.11	-10.19
82.57	-9.87
85.06	-9.29
87.92	-9.00
90.70	-8.86
93.43	-8.69
96.03	-8.69
99.04	-8.58
101.90	-8.35
104.80	-8.21
107.69	-7.96
110.41	-7.66
113.41	-7.77
116.47	-7.88
119.45	-7.89
122.49	-7.70
125.60	-7.61
128.69	-7.52
131.13	-7.33
133.48	-7.20
135.65	-7.19
137.68	-7.17
139.97	-7.09
142.33	-6.94
144.91	-6.47
148.31	-6.05
151.54	-6.18
154.20	-6.05
157.01	-5.82
159.54	-5.47
161.92	-5.10
164.51	-4.60
166.77	-3.86
168.98	-3.39
170.90	-2.81
173.31	-2.31
175.52	-1.73
177.77	-1.12
-179.87	-0.50
-177.45	0.03
-175.48	0.52
-173.22	0.91
-171.28	1.08
-169.27	1.27
-167.16	1.36
-164.95	1.89
-163.00	2.19
-161.15	2.71
-159.14	3.41
-157.32	4.06
-155.58	4.48
-153.32	4.92
-150.60	5.25
-148.13	5.59
-145.39	6.13
-142.23	6.89
-139.49	7.26
-137.88	7.42
-136.53	7.73
-134.70	8.14
-133.02	8.18
-130.96	8.02
-128.81	7.84
-126.68	7.99
-124.99	8.25
-123.71	8.34
-122.65	8.52
-122.00	8.76
-121.37	9.22
-120.70	9.45
-119.93	9.69
-118.47	10.11
-116.74	10.71
-115.43	11.48
-114.37	12.31
-113.34	13.30
-112.48	14.48
-111.34	15.72
-110.15	17.12
-109.45	18.40
-109.45	19.52
-109.68	20.77
-110.22	22.11
-110.94	23.18
-111.97	24.21
-112.89	25.10
-113.23	25.77
-113.23	26.29
-113.77	27.04
-114.40	27.96
-114.71	29.13
-115.62	30.42
-116.66	31.58
-117.58	32.57
-118.85	33.52
-120.57	33.95
-121.79	34.21
-122.71	34.14
-123.15	33.72
-123.43	34.00
-124.42	34.29
-126.14	34.31
-127.78	34.89
-129.36	35.49
-131.04	35.79
-132.75	36.17
-134.75	36.74
-137.03	37.29
-139.79	37.97
-142.38	38.97
-144.61	39.63
-146.57	40.02
-148.85	40.24
-151.50	40.37
-154.19	40.26
-156.71	40.05
-159.56	39.67
-162.28	39.13
-164.07	38.81
-165.63	38.58
-167.48	38.59
-169.18	38.49
-171.24	38.45
-173.59	38.25
-176.32	38.20
-179.35	38.18
178.22	38.13
175.24	37.97
172.19	37.99
168.86	37.74
165.95	37.57
162.70	37.36
159.10	36.77
155.20	36.06
151.86	35.59
148.58	35.28
145.04	34.53
141.57	33.72
138.35	32.83
135.01	32.02
131.68	31.44
128.87	31.10
125.87	30.91
123.06	30.59
120.73	29.96
118.33	29.35
115.44	28.85
112.68	28.49
109.82	28.04
106.86	28.30
104.24	28.46
101.45	28.54
98.84	28.54
96.42	28.39
93.68	27.97
91.64	27.20
90.69	25.70
90.18	23.93
89.66	22.16
89.66	20.40
89.69	19.50
90.07	18.37
91.35	17.99
93.11	17.38
95.84	16.61
98.73	16.24
101.71	15.56
104.69	14.83
107.03	13.88
109.44	13.70
112.18	13.68
115.15	14.21
118.15	14.30
121.07	14.16
123.89	13.98
126.64	14.07
129.18	13.97
131.81	13.64
134.65	13.45
137.21	13.34
139.73	13.32
142.24	13.00
144.74	12.56
147.27	12.35
150.36	11.81
153.31	11.64
156.35	11.19
159.94	10.72
163.52	10.31
167.15	9.97
171.19	9.14
175.15	8.25
178.92	8.31
-177.40	7.67
-172.85	6.97
-168.95	6.17
-164.89	6.13
-161.68	6.28
-158.63	6.43
-155.98	6.61
-153.59	6.54
-151.72	6.75
-150.15	6.38
-148.21	5.59
-145.90	4.72
-143.02	3.83
-139.55	2.66
-137.23	2.62
-134.85	2.95
-133.56	3.66
-132.16	4.22
-129.62	4.36
-127.74	4.96
-125.73	5.04
-123.91	6.08
-122.02	6.98
-120.16	7.82
-118.28	8.60
-116.62	9.49
-115.09	10.22
-113.48	10.94
-112.16	11.81
-110.67	12.55
-109.22	12.58
-108.12	12.73
-107.28	13.17
-106.88	13.56
-106.76	13.82
-106.85	14.29
-106.80	14.63
-107.23	14.84
-107.48	15.02
-108.10	15.15
-109.00	15.43
-110.11	15.62
-111.42	15.74
-113.18	15.95
-115.11	15.77
-118.60	15.42
-121.84	15.42
-125.36	15.16
-129.45	14.14
-132.51	13.89
-135.64	13.49
-138.48	13.21
-140.92	12.76
-143.63	12.18
-146.77	11.49
-149.71	10.93
-152.09	10.45
-154.55	9.55
-156.88	8.86
-159.04	8.61
-161.53	8.30
-163.97	8.23
-166.52	7.94
-169.63	7.67
-172.26	7.71
-174.96	7.33
-178.11	6.73
178.81	5.83
175.33	4.94
171.67	4.48
168.53	4.04
165.22	3.83
161.95	3.77
159.21	3.38
156.77	2.67
153.46	1.49
150.57	0.95
147.46	0.84
144.44	0.37
141.28	0.02
137.63	-0.05
134.39	-0.36
131.77	-0.49
128.96	-0.68
126.41	-0.88
123.73	-1.08
121.41	-1.28
118.72	-1.67
115.98	-2.20
112.95	-2.35
109.60	-2.10
106.10	-1.50
103.38	-1.31
99.89	-0.75
96.87	-0.51
93.66	-0.68
90.76	-1.33
88.09	-1.75
85.29	-2.01
82.66	-1.51
79.81	-1.21
76.76	-0.83
73.82	-0.15
70.99	0.18
68.54	-0.00
66.02	-0.19
63.80	-0.46
61.21	-0.83
58.01	-0.62
55.13	-0.54
52.55	-0.62
50.13	-0.76
47.79	-1.12
45.37	-1.44
42.54	-1.78
39.23	-1.68
36.03	-1.15
32.92	-1.02
29.81	-1.66
27.12	-2.16
24.56	-2.76
21.92	-3.53
19.20	-3.44
16.27	-3.13
13.56	-2.88
10.81	-2.70
8.44	-2.48
6.02	-2.30
3.68	-2.14
1.43	-1.62
-0.77	-1.08
-2.60	-0.69
-4.73	-0.46
-6.68	-0.11
-8.40	0.20
-10.23	0.45
-11.94	1.15
-13.80	1.09
-15.25	0.99
-16.55	1.35
-17.79	2.21
-19.52	3.16
-21.27	4.02
-22.47	4.98
-23.54	5.89
-24.64	6.77
-25.86	7.50
-27.36	8.67
-28.93	9.55
-30.41	10.85
-32.14	11.40
-33.58	11.63
-34.44	11.77
-35.12	12.04
-35.56	12.38
-36.22	12.77
-37.13	12.93
-38.21	13.00
-39.63	12.72
-40.78	12.80
-41.94	12.59
-42.92	12.11
-43.92	11.58
-45.31	10.81
-45.74	9.96
-45.71	9.18
-44.93	8.86
-43.65	9.23
-42.02	10.63
-39.46	13.08
-37.09	15.96
-34.58	18.54
-31.67	21.04
-29.11	22.64
-27.12	23.79
-26.05	25.09
-24.88	27.24
-23.60	29.62
-21.96	32.02
-21.09	34.26
-20.42	36.73
-19.41	39.34
-17.99	40.82
-16.62	42.47
-14.80	44.57
-12.77	46.26
-11.12	47.63
-9.95	48.55
-8.60	49.87
-7.05	50.71
-5.23	51.49
-3.86	51.89
-2.73	51.89
-1.42	52.46
-0.02	52.53
1.81	52.29
3.68	52.10
5.74	51.77
7.77	51.77
9.73	51.91
12.00	52.18
14.23	52.43
17.07	51.97
20.34	50.83
23.10	49.64
26.50	48.76
29.65	48.25
32.78	47.68
36.18	46.88
39.26	45.58
41.83	43.82
44.30	42.32
46.05	40.75
46.68	38.96
46.61	37.37
46.36	35.79
45.84	33.82
45.39	32.00
45.41	30.02
45.45	27.32
45.45	24.54
45.98	21.38
46.41	17.77
47.00	13.68
47.20	8.89
47.91	5.51
48.40	2.90
48.45	0.96
48.44	-1.76
48.16	-3.76
47.75	-5.16
47.81	-6.12
48.53	-6.54
49.60	-7.16
51.30	-7.97
53.10	-8.60
55.22	-9.64
57.43	-10.40
59.34	-10.57
61.15	-10.98
62.75	-11.18
64.14	-11.63
65.44	-12.54
67.03	-12.95
68.42	-13.59
69.39	-14.23
70.62	-15.35
71.71	-16.28
72.75	-16.62
74.47	-16.46
76.24	-16.18
78.65	-15.89
80.87	-15.75
82.52	-15.66
83.87	-16.00
84.46	-16.38
84.68	-17.13
84.70	-17.99
84.81	-18.84
85.65	-19.27
87.86	-19.33
90.70	-20.08
93.50	-20.55
96.40	-20.45
99.67	-20.21
102.27	-20.03
104.63	-19.95
106.55	-20.14
108.11	-20.41
109.75	-20.23
111.51	-20.09
113.34	-19.74
115.35	-19.71
117.50	-19.34
119.93	-18.67
122.56	-17.62
125.10	-16.57
127.42	-15.40
129.58	-14.45
131.72	-13.62
133.29	-12.83
134.79	-11.79
136.19	-10.99
137.63	-10.68
139.30	-10.73
141.29	-11.03
143.34	-11.30
145.66	-10.89
148.29	-9.99
151.07	-8.72
153.58	-7.39
156.21	-6.12
159.08	-4.95
161.39	-3.88
163.75	-2.72
166.52	-1.43
170.01	-0.99
172.90	-1.09
176.06	-1.18
178.75	-1.18
-178.28	-1.15
-175.58	-1.28
-173.22	-1.08
-170.85	-1.08
-168.88	-0.92
-166.60	-0.77
-164.44	-0.92
-162.15	-1.05
-159.72	-1.43
-157.32	-1.78
-154.93	-2.15
-152.03	-2.81
-149.53	-3.36
-147.24	-3.63
-145.25	-4.36
-143.23	-4.24
-141.04	-3.54
-138.91	-2.89
-137.35	-2.25
-135.84	-1.56
-134.69	-0.54
-133.54	0.08
-132.12	0.92
-130.43	1.37
-128.77	1.57
-127.52	1.96
-126.98	2.56
-126.58	3.42
-126.72	4.44
-127.65	5.81
-129.22	6.91
-130.54	7.62
-130.68	8.12
-131.18	8.01
-131.54	8.12
-132.22	8.11
-132.68	8.25
-133.41	8.18
-134.26	7.95
-135.38	8.43
-135.86	9.31
-136.40	10.13
-138.11	10.00
-139.76	9.28
-141.91	8.88
-143.95	8.81
-146.35	8.75
-147.99	8.84
-150.17	8.64
-151.73	8.64
-153.43	8.55
-156.01	7.72
-158.07	6.75
-159.62	6.32
-160.69	6.16
-161.85	5.99
-163.31	5.91
-164.67	6.32
-166.61	6.73
-168.36	7.15
-170.43	7.17
-172.34	6.75
-174.65	5.83
-176.52	5.61
-178.45	5.40
180.07	5.06
178.58	4.95
177.04	4.93
175.34	4.81
173.36	4.81
171.41	4.84
169.10	4.78
166.84	4.37
165.02	3.14
163.05	2.07
160.88	1.30
158.86	1.23
156.96	1.58
154.88	1.60
152.93	1.11
151.28	0.63
149.71	0.25
148.73	0.59
147.57	0.75
145.88	1.17
144.96	1.49
145.36	0.98
146.88	0.04
148.73	-0.60
150.34	-0.88
152.10	-1.05
153.79	-1.41
155.51	-2.16
157.43	-2.76
159.57	-2.96
161.37	-2.69
162.38	-2.41
162.44	-1.70
161.67	-1.00
159.70	-0.87
