90.05	0.00
-97.17	-30.03
-97.17	-30.03
-95.04	-31.38
-95.04	-31.38
-93.28	-32.18
-93.28	-32.18
-91.68	-33.03
-91.68	-33.03
-91.15	-33.81
-91.15	-33.81
-90.88	-33.16
-90.88	-33.16
-90.78	-32.78
-90.78	-32.78
-90.80	-32.11
-90.80	-32.11
-91.75	-30.82
-91.75	-30.82
-92.39	-29.11
-92.39	-29.11
-92.31	-27.08
-92.31	-27.08
-92.34	-25.66
-92.34	-25.66
-92.62	-24.72
-92.62	-24.72
-93.15	-22.84
-93.15	-22.84
-93.40	-19.79
-93.40	-19.79
-93.68	-16.41
-93.68	-16.41
-93.83	-13.76
-93.83	-13.76
-93.86	-12.66
-93.86	-12.66
-94.00	-12.02
-94.00	-12.02
-94.16	-11.10
-94.16	-11.10
-94.27	-10.46
-94.27	-10.46
-94.36	-9.83
-94.36	-9.83
-94.34	-9.68
-94.34	-9.68
-94.03	-9.53
-94.03	-9.53
-93.94	-9.63
-93.94	-9.63
-93.86	-9.70
-93.86	-9.70
-93.90	-9.78
-93.90	-9.78
-94.01	-10.24
-94.01	-10.24
-93.99	-10.82
-93.99	-10.82
-94.29	-11.89
-94.29	-11.89
-94.53	-13.00
-94.53	-13.00
-94.69	-13.73
-94.69	-13.73
-94.75	-13.67
-94.75	-13.67
-94.75	-13.59
-94.75	-13.59
-94.90	-13.46
-94.90	-13.46
-94.98	-13.55
-94.98	-13.55
-94.98	-13.64
-94.98	-13.64
-94.83	-13.82
-94.83	-13.82
-94.72	-13.19
-94.72	-13.19
-93.64	-11.70
-93.64	-11.70
-89.31	-10.56
-89.31	-10.56
-80.36	-8.45
-80.36	-8.45
-72.03	-7.91
-72.03	-7.91
-67.62	-8.94
-67.62	-8.94
-65.81	-9.08
-65.81	-9.08
-65.48	-9.61
-65.48	-9.61
-64.78	-9.20
-64.78	-9.20
-65.71	-9.66
-65.71	-9.66
-67.76	-10.46
-67.76	-10.46
-68.08	-10.58
-68.08	-10.58
-67.47	-10.71
-67.47	-10.71
-67.40	-10.43
-67.40	-10.43
-67.49	-9.92
-67.49	-9.92
-67.16	-9.83
-67.16	-9.83
-66.95	-9.77
-66.95	-9.77
-66.82	-10.03
-66.82	-10.03
-67.43	-10.72
-67.43	-10.72
-69.55	-11.23
-69.55	-11.23
-73.23	-11.53
-73.23	-11.53
-78.41	-12.13
-78.41	-12.13
-83.23	-13.07
-83.23	-13.07
-90.40	-14.59
-90.40	-14.59
-99.37	-16.18
-99.37	-16.18
-107.13	-16.54
-107.13	-16.54
-113.69	-16.43
-113.69	-16.43
-116.74	-14.89
-116.74	-14.89
-119.25	-13.84
-119.25	-13.84
-120.81	-13.72
-120.81	-13.72
-123.16	-13.31
-123.16	-13.31
-125.08	-12.47
-125.08	-12.47
-126.62	-12.68
-126.62	-12.68
-127.55	-11.84
-127.55	-11.84
-128.66	-11.13
-128.66	-11.13
-130.62	-10.15
-130.62	-10.15
-132.62	-10.30
-132.62	-10.30
-133.76	-9.84
-133.76	-9.84
-134.93	-10.29
-134.93	-10.29
-135.09	-9.93
-135.09	-9.93
-135.41	-10.38
-135.41	-10.38
-135.84	-10.43
-135.84	-10.43
-136.82	-11.54
-136.82	-11.54
-138.02	-13.19
-138.02	-13.19
-140.18	-14.51
-140.18	-14.51
-143.82	-17.16
-143.82	-17.16
-148.54	-19.36
-148.54	-19.36
-153.66	-21.55
-153.66	-21.55
-157.43	-21.81
-157.43	-21.81
-159.88	-21.21
-159.88	-21.21
-162.69	-22.18
-162.69	-22.18
-165.70	-22.87
-165.70	-22.87
-168.41	-22.23
-168.41	-22.23
-171.32	-21.52
-171.32	-21.52
-175.61	-21.59
-175.61	-21.59
178.32	-22.12
178.32	-22.12
172.98	-22.06
172.98	-22.06
169.33	-21.68
169.33	-21.68
167.26	-21.66
167.26	-21.66
166.02	-22.14
166.02	-22.14
165.42	-22.55
165.42	-22.55
165.54	-23.04
165.54	-23.04
164.75	-22.42
164.75	-22.42
164.17	-22.01
164.17	-22.01
163.51	-21.52
163.51	-21.52
162.49	-21.43
162.49	-21.43
161.12	-21.08
161.12	-21.08
158.46	-20.66
158.46	-20.66
152.76	-20.46
152.76	-20.46
145.78	-19.76
145.78	-19.76
140.10	-18.51
140.10	-18.51
136.40	-17.07
136.40	-17.07
133.71	-15.79
133.71	-15.79
131.67	-14.75
131.67	-14.75
130.05	-13.71
130.05	-13.71
128.51	-12.78
128.51	-12.78
127.30	-12.50
127.30	-12.50
126.38	-12.77
126.38	-12.77
125.49	-12.21
125.49	-12.21
124.35	-12.25
124.35	-12.25
123.44	-12.32
123.44	-12.32
122.60	-12.22
122.60	-12.22
121.82	-11.84
121.82	-11.84
121.25	-11.68
121.25	-11.68
120.57	-11.60
120.57	-11.60
120.04	-11.61
120.04	-11.61
119.41	-11.42
119.41	-11.42
118.64	-11.19
118.64	-11.19
117.34	-10.95
117.34	-10.95
114.60	-10.46
114.60	-10.46
111.44	-10.26
111.44	-10.26
108.61	-10.33
108.61	-10.33
106.68	-10.46
106.68	-10.46
105.18	-10.67
105.18	-10.67
104.12	-10.93
104.12	-10.93
103.38	-10.75
103.38	-10.75
102.61	-10.49
102.61	-10.49
102.25	-9.47
102.25	-9.47
101.97	-7.31
101.97	-7.31
101.53	-4.99
101.53	-4.99
100.74	-3.71
100.74	-3.71
99.69	-3.76
99.69	-3.76
97.90	-4.57
97.90	-4.57
97.01	-4.89
97.01	-4.89
97.17	-4.86
97.17	-4.86
97.49	-4.51
97.49	-4.51
97.76	-4.23
97.76	-4.23
97.79	-4.07
97.79	-4.07
97.60	-4.02
97.60	-4.02
97.44	-3.95
97.44	-3.95
97.35	-4.10
97.35	-4.10
97.26	-4.02
97.26	-4.02
97.39	-3.93
97.39	-3.93
97.39	-3.79
97.39	-3.79
97.93	-3.75
97.93	-3.75
98.87	-3.62
98.87	-3.62
100.80	-3.44
100.80	-3.44
105.04	-1.98
105.04	-1.98
111.09	-0.32
111.09	-0.32
116.32	2.21
116.32	2.21
119.92	3.91
119.92	3.91
121.65	4.04
121.65	4.04
122.87	4.04
122.87	4.04
123.63	3.52
123.63	3.52
124.15	3.20
124.15	3.20
124.69	3.22
124.69	3.22
125.38	3.41
125.38	3.41
126.13	3.76
126.13	3.76
126.88	4.09
126.88	4.09
127.47	3.88
127.47	3.88
125.85	3.38
125.85	3.38
121.23	1.89
121.23	1.89
113.86	1.00
113.86	1.00
105.96	0.91
105.96	0.91
100.00	-1.09
100.00	-1.09
96.69	-0.58
96.69	-0.58
92.44	0.31
92.44	0.31
88.16	0.94
88.16	0.94
84.55	0.69
84.55	0.69
80.79	0.50
80.79	0.50
77.51	0.38
77.51	0.38
74.98	-0.38
74.98	-0.38
72.83	-0.98
72.83	-0.98
70.61	-1.45
70.61	-1.45
68.90	-0.95
68.90	-0.95
66.20	-1.18
66.20	-1.18
63.84	-1.22
63.84	-1.22
62.54	-0.61
62.54	-0.61
62.27	-0.66
62.27	-0.66
61.36	-0.98
61.36	-0.98
60.48	-0.44
60.48	-0.44
59.68	-0.63
59.68	-0.63
58.67	-0.99
58.67	-0.99
57.89	-0.78
57.89	-0.78
57.61	-0.82
57.61	-0.82
57.56	-0.56
57.56	-0.56
57.49	-0.41
57.49	-0.41
57.16	-0.20
57.16	-0.20
56.65	0.13
56.65	0.13
56.37	0.30
56.37	0.30
55.33	0.68
55.33	0.68
53.61	1.63
53.61	1.63
52.67	2.18
52.67	2.18
52.43	2.72
52.43	2.72
52.01	3.21
52.01	3.21
51.44	2.67
51.44	2.67
51.21	2.36
51.21	2.36
50.79	1.84
50.79	1.84
50.26	0.87
50.26	0.87
50.05	1.34
50.05	1.34
50.13	1.98
50.13	1.98
49.81	2.89
49.81	2.89
50.05	3.03
50.05	3.03
49.92	2.66
49.92	2.66
49.84	2.26
49.84	2.26
49.85	1.76
49.85	1.76
49.79	1.75
49.79	1.75
50.00	1.62
50.00	1.62
49.93	1.67
49.93	1.67
49.36	1.11
49.36	1.11
48.51	0.87
48.51	0.87
47.61	0.47
47.61	0.47
46.13	-0.08
46.13	-0.08
43.51	-0.11
43.51	-0.11
38.82	-0.00
38.82	-0.00
33.90	-0.40
33.90	-0.40
30.66	-0.77
30.66	-0.77
28.79	-1.25
28.79	-1.25
27.49	-1.71
27.49	-1.71
26.10	-2.29
26.10	-2.29
25.16	-2.59
25.16	-2.59
24.88	-2.48
24.88	-2.48
24.40	-2.47
24.40	-2.47
23.52	-2.31
23.52	-2.31
23.06	-2.25
23.06	-2.25
22.79	-2.16
22.79	-2.16
22.48	-1.90
22.48	-1.90
22.24	-1.78
22.24	-1.78
22.32	-1.58
22.32	-1.58
22.43	-1.33
22.43	-1.33
22.39	-1.33
22.39	-1.33
22.48	-1.17
22.48	-1.17
22.74	-1.22
22.74	-1.22
23.13	-1.28
23.13	-1.28
23.32	-1.46
23.32	-1.46
23.30	-1.52
23.30	-1.52
23.51	-1.62
23.51	-1.62
23.39	-1.62
23.39	-1.62
23.51	-1.67
23.51	-1.67
23.57	-1.94
23.57	-1.94
23.37	-2.09
23.37	-2.09
23.35	-1.83
23.35	-1.83
23.77	-1.63
23.77	-1.63
24.47	-3.85
24.47	-3.85
24.03	-5.80
24.03	-5.80
23.59	-3.96
23.59	-3.96
23.47	-5.05
23.47	-5.05
23.23	-5.72
23.23	-5.72
22.09	-5.91
22.09	-5.91
20.91	-5.07
20.91	-5.07
19.54	-5.76
19.54	-5.76
18.49	-6.05
18.49	-6.05
17.58	-6.30
17.58	-6.30
16.56	-6.61
16.56	-6.61
16.37	-6.38
16.37	-6.38
16.62	-5.47
16.62	-5.47
17.19	-5.42
17.19	-5.42
17.56	-5.62
17.56	-5.62
18.04	-5.21
18.04	-5.21
19.18	-5.60
19.18	-5.60
20.24	-5.14
20.24	-5.14
21.89	-5.51
21.89	-5.51
24.73	-5.44
24.73	-5.44
27.57	-5.48
27.57	-5.48
31.14	-5.96
31.14	-5.96
33.82	-6.32
33.82	-6.32
35.50	-6.80
35.50	-6.80
36.11	-7.19
36.11	-7.19
37.00	-6.74
37.00	-6.74
37.74	-7.06
37.74	-7.06
37.71	-6.95
37.71	-6.95
37.82	-7.09
37.82	-7.09
38.01	-6.71
38.01	-6.71
38.13	-6.72
38.13	-6.72
38.23	-6.85
38.23	-6.85
38.43	-6.87
38.43	-6.87
38.28	-7.04
38.28	-7.04
38.19	-6.79
38.19	-6.79
38.30	-6.98
38.30	-6.98
38.65	-7.01
38.65	-7.01
39.23	-7.06
39.23	-7.06
40.13	-6.95
40.13	-6.95
40.56	-7.17
40.56	-7.17
40.87	-7.06
40.87	-7.06
41.18	-6.07
41.18	-6.07
41.96	-5.43
41.96	-5.43
42.37	-4.87
42.37	-4.87
42.12	-4.57
42.12	-4.57
41.84	-4.42
41.84	-4.42
41.79	-4.05
41.79	-4.05
41.68	-4.12
41.68	-4.12
41.39	-2.96
41.39	-2.96
40.96	-1.04
40.96	-1.04
40.62	-0.27
40.62	-0.27
40.59	-0.36
40.59	-0.36
40.56	0.10
40.56	0.10
40.96	0.26
40.96	0.26
41.60	0.62
41.60	0.62
41.62	0.50
41.62	0.50
41.70	0.65
41.70	0.65
41.97	0.67
41.97	0.67
42.54	0.61
42.54	0.61
42.77	-0.08
42.77	-0.08
42.85	-0.11
42.85	-0.11
43.07	-0.70
43.07	-0.70
43.36	-1.38
43.36	-1.38
43.80	-1.54
43.80	-1.54
44.32	-2.01
44.32	-2.01
44.92	-2.18
44.92	-2.18
45.42	-2.20
45.42	-2.20
45.73	-2.31
45.73	-2.31
45.98	-2.08
45.98	-2.08
46.04	-2.01
46.04	-2.01
46.13	-2.22
46.13	-2.22
46.16	-2.39
46.16	-2.39
46.26	-2.33
46.26	-2.33
46.38	-2.33
46.38	-2.33
46.90	-2.38
46.90	-2.38
47.27	-2.34
47.27	-2.34
47.48	-2.55
47.48	-2.55
47.20	-2.59
47.20	-2.59
46.81	-2.66
46.81	-2.66
46.48	-2.91
46.48	-2.91
46.38	-2.93
46.38	-2.93
46.19	-2.86
46.19	-2.86
46.03	-3.02
46.03	-3.02
45.80	-2.73
45.80	-2.73
45.31	-2.08
45.31	-2.08
45.26	-2.08
45.26	-2.08
45.55	-2.18
45.55	-2.18
46.12	-2.13
46.12	-2.13
45.97	-2.22
45.97	-2.22
46.00	-1.44
46.00	-1.44
47.44	-1.28
47.44	-1.28
48.43	-1.32
48.43	-1.32
49.28	-2.35
49.28	-2.35
50.49	-2.35
50.49	-2.35
52.79	-3.22
52.79	-3.22
54.81	-3.27
54.81	-3.27
56.24	-3.67
56.24	-3.67
56.87	-3.54
56.87	-3.54
57.02	-3.91
57.02	-3.91
56.47	-3.82
56.47	-3.82
55.71	-3.50
55.71	-3.50
54.44	-3.37
54.44	-3.37
53.45	-3.18
53.45	-3.18
52.69	-3.36
52.69	-3.36
52.25	-3.51
52.25	-3.51
51.23	-3.71
51.23	-3.71
50.71	-3.47
50.71	-3.47
50.73	-3.10
50.73	-3.10
50.50	-3.49
50.50	-3.49
50.25	-3.70
50.25	-3.70
50.04	-3.59
50.04	-3.59
49.93	-2.92
49.93	-2.92
49.55	-2.91
49.55	-2.91
49.18	-2.69
49.18	-2.69
48.72	-2.81
48.72	-2.81
48.58	-2.83
48.58	-2.83
48.53	-2.87
48.53	-2.87
48.63	-2.80
48.63	-2.80
48.64	-2.52
48.64	-2.52
48.86	-2.50
48.86	-2.50
49.47	-0.88
49.47	-0.88
52.36	0.07
52.36	0.07
53.05	1.45
53.05	1.45
52.83	1.92
52.83	1.92
52.75	1.79
52.75	1.79
52.85	1.91
52.85	1.91
52.91	2.36
52.91	2.36
53.38	2.58
53.38	2.58
53.90	2.42
53.90	2.42
54.35	2.18
54.35	2.18
54.74	1.68
54.74	1.68
54.91	1.57
54.91	1.57
55.33	1.28
55.33	1.28
54.97	1.74
54.97	1.74
54.77	1.78
54.77	1.78
54.30	1.58
54.30	1.58
53.95	1.93
53.95	1.93
53.52	2.61
53.52	2.61
52.80	3.49
52.80	3.49
51.92	4.94
51.92	4.94
50.93	6.11
50.93	6.11
50.28	6.47
50.28	6.47
49.53	7.73
49.53	7.73
49.28	8.26
49.28	8.26
48.99	8.61
48.99	8.61
48.78	8.79
48.78	8.79
48.68	9.04
48.68	9.04
48.81	8.81
48.81	8.81
48.73	8.72
48.73	8.72
48.58	8.69
48.58	8.69
48.42	8.26
48.42	8.26
48.59	7.99
48.59	7.99
48.76	7.39
48.76	7.39
48.86	7.29
48.86	7.29
49.01	6.89
49.01	6.89
48.89	6.17
48.89	6.17
48.77	5.88
48.77	5.88
48.60	5.50
48.60	5.50
48.58	4.96
48.58	4.96
48.58	4.44
48.58	4.44
49.15	4.93
49.15	4.93
49.72	5.22
49.72	5.22
50.23	5.59
50.23	5.59
50.49	4.34
50.49	4.34
50.56	4.01
50.56	4.01
50.65	3.59
50.65	3.59
50.89	5.46
50.89	5.46
50.90	5.11
50.90	5.11
50.53	5.94
50.53	5.94
50.75	5.80
50.75	5.80
50.43	4.43
50.43	4.43
49.76	3.54
49.76	3.54
49.11	3.29
49.11	3.29
48.74	3.28
48.74	3.28
49.10	3.37
49.10	3.37
49.64	3.20
49.64	3.20
50.11	3.05
50.11	3.05
50.31	2.46
50.31	2.46
50.67	2.63
50.67	2.63
50.89	2.45
50.89	2.45
51.03	2.27
51.03	2.27
51.49	2.35
51.49	2.35
52.07	1.88
52.07	1.88
52.20	1.51
52.20	1.51
51.90	1.24
51.90	1.24
51.11	1.47
51.11	1.47
50.25	1.35
50.25	1.35
49.71	1.50
49.71	1.50
49.39	1.94
49.39	1.94
48.93	2.92
48.93	2.92
48.16	4.79
48.16	4.79
47.87	6.18
47.87	6.18
47.47	6.87
47.47	6.87
47.32	7.06
47.32	7.06
47.32	6.99
47.32	6.99
47.44	6.98
47.44	6.98
47.58	6.98
47.58	6.98
47.84	6.81
47.84	6.81
48.09	6.57
48.09	6.57
48.46	6.28
48.46	6.28
48.90	5.95
48.90	5.95
49.49	5.69
49.49	5.69
49.87	5.32
49.87	5.32
50.01	4.96
50.01	4.96
49.92	4.55
49.92	4.55
49.59	4.59
49.59	4.59
49.68	4.53
49.68	4.53
49.89	4.40
49.89	4.40
50.03	4.35
50.03	4.35
50.03	4.19
50.03	4.19
50.00	4.16
50.00	4.16
50.07	4.10
50.07	4.10
49.47	3.95
49.47	3.95
46.52	3.94
46.52	3.94
38.30	4.34
38.30	4.34
29.14	4.38
29.14	4.38
21.03	3.56
21.03	3.56
15.77	3.07
15.77	3.07
13.09	2.86
13.09	2.86
12.12	2.45
12.12	2.45
11.56	2.10
11.56	2.10
10.44	1.85
10.44	1.85
9.45	1.53
9.45	1.53
8.52	1.44
8.52	1.44
7.91	1.49
7.91	1.49
7.37	1.75
7.37	1.75
7.17	2.10
7.17	2.10
7.07	2.28
7.07	2.28
7.08	2.52
7.08	2.52
7.34	2.62
7.34	2.62
7.35	2.69
7.35	2.69
7.28	2.83
7.28	2.83
7.19	2.66
7.19	2.66
7.14	2.90
7.14	2.90
6.73	3.07
6.73	3.07
6.42	4.11
6.42	4.11
6.32	6.47
6.32	6.47
6.18	8.37
6.18	8.37
5.74	9.28
5.74	9.28
5.31	9.29
5.31	9.29
5.11	8.51
5.11	8.51
4.96	7.96
4.96	7.96
4.80	8.05
4.80	8.05
4.57	8.37
4.57	8.37
4.70	8.54
4.70	8.54
4.65	8.63
4.65	8.63
4.48	8.67
4.48	8.67
4.46	8.86
4.46	8.86
4.47	8.96
4.47	8.96
4.39	9.18
4.39	9.18
4.44	9.14
4.44	9.14
4.41	9.37
4.41	9.37
4.39	9.87
4.39	9.87
4.26	10.56
4.26	10.56
4.17	11.09
4.17	11.09
4.08	11.50
4.08	11.50
4.07	11.70
4.07	11.70
4.22	11.66
4.22	11.66
4.32	11.51
4.32	11.51
4.42	11.57
4.42	11.57
4.96	11.38
4.96	11.38
5.78	11.30
5.78	11.30
6.86	11.08
6.86	11.08
7.94	10.86
7.94	10.86
8.98	10.60
8.98	10.60
10.38	10.18
10.38	10.18
11.86	9.84
11.86	9.84
13.58	9.66
13.58	9.66
15.97	8.96
15.97	8.96
21.16	8.09
21.16	8.09
33.80	5.77
33.80	5.77
48.39	3.92
48.39	3.92
61.06	2.13
61.06	2.13
70.70	1.14
70.70	1.14
78.79	-1.00
78.79	-1.00
84.96	-1.68
84.96	-1.68
91.04	-2.51
91.04	-2.51
96.73	-3.30
96.73	-3.30
102.53	-4.19
105.36	-4.50
105.68	-4.59
107.29	-4.69
108.80	-4.76
110.06	-4.74
111.57	-4.90
113.27	-4.91
114.62	-4.95
116.72	-4.96
117.49	-4.79
118.72	-4.86
118.72	-4.86
122.60	-4.90
122.60	-4.90
125.10	-5.10
125.10	-5.10
126.89	-4.81
126.89	-4.81
128.67	-4.45
128.67	-4.45
130.00	-4.18
130.00	-4.18
131.16	-4.14
131.16	-4.14
132.48	-3.77
132.48	-3.77
133.33	-3.37
133.33	-3.37
134.32	-3.05
134.32	-3.05
136.04	-2.79
136.63	-2.81
136.81	-2.84
137.07	-2.85
137.07	-2.85
138.39	-2.75
138.39	-2.75
139.85	-2.49
139.85	-2.49
141.17	-2.42
141.17	-2.42
142.93	-1.72
142.93	-1.72
144.85	-1.49
144.85	-1.49
147.07	-1.00
147.07	-1.00
149.29	-0.94
149.29	-0.94
150.81	-1.26
150.81	-1.26
152.07	-1.59
152.07	-1.59
153.31	-1.51
153.31	-1.51
154.70	-1.33
154.81	-1.34
154.81	-1.34
155.53	-1.90
155.53	-1.90
156.49	-2.17
156.49	-2.17
157.50	-2.34
157.50	-2.34
158.68	-2.11
158.68	-2.11
160.07	-1.89
160.07	-1.89
161.58	-1.49
161.58	-1.49
164.41	-0.85
164.41	-0.85
168.84	-0.36
168.84	-0.36
172.89	0.11
172.89	0.11
176.12	0.49
176.12	0.49
179.24	0.65
179.24	0.65
-177.99	0.49
-177.99	0.49
-175.34	0.60
-175.34	0.60
-172.73	0.69
-172.73	0.69
-170.64	0.80
-170.64	0.80
-168.73	0.65
-168.73	0.65
-166.95	0.46
-166.95	0.46
-165.56	0.43
-165.56	0.43
-164.63	0.41
-164.63	0.41
-164.02	0.48
-164.02	0.48
-163.49	0.15
-163.14	0.16
-163.09	0.22
-162.81	0.18
-162.81	0.18
-162.24	0.12
-162.24	0.12
-161.74	0.37
-161.74	0.37
-161.62	0.52
-161.62	0.52
-161.38	0.63
-161.38	0.63
-161.19	0.84
-161.19	0.84
-160.90	1.03
-160.90	1.03
-160.43	1.06
-160.43	1.06
-159.47	1.27
-159.47	1.27
-157.76	1.27
-157.76	1.27
-156.04	1.27
-156.04	1.27
-154.48	1.24
-154.48	1.24
-153.18	1.31
-153.18	1.31
-151.87	1.40
-151.87	1.40
-150.48	1.22
-150.48	1.22
-149.19	1.00
-149.19	1.00
-148.51	1.03
-148.51	1.03
-147.89	0.93
-147.89	0.93
-147.57	0.97
-147.57	0.97
-147.25	0.89
-147.06	0.97
-147.06	0.97
-146.70	0.96
-146.70	0.96
-146.52	0.96
-146.52	0.96
-146.20	0.94
-146.20	0.94
-146.08	0.82
-146.08	0.82
-146.03	0.85
-146.03	0.85
-145.89	0.65
-145.89	0.65
-145.88	0.70
-145.88	0.70
-145.78	0.75
-145.78	0.75
-145.68	0.81
-145.68	0.81
-145.66	0.66
-145.66	0.66
-145.72	0.62
-145.72	0.62
-145.63	0.58
-145.63	0.58
-145.50	0.71
-145.50	0.71
-145.46	0.87
-145.46	0.87
-145.50	0.74
-145.50	0.74
-145.56	0.80
-145.56	0.80
-145.70	0.88
-145.70	0.88
-145.77	0.81
-145.77	0.81
-145.80	0.74
-145.80	0.74
-145.55	0.65
-145.55	0.65
-144.99	0.62
-144.99	0.62
-144.54	0.57
-144.54	0.57
-144.03	0.49
-144.03	0.49
-143.66	0.44
-143.66	0.44
-143.35	0.34
-143.35	0.34
-142.83	0.10
-142.83	0.10
-142.03	-0.13
-142.03	-0.13
-140.96	-0.28
-140.96	-0.28
-139.87	-0.27
-139.87	-0.27
-138.68	-0.33
-138.68	-0.33
-137.43	-0.05
-137.43	-0.05
-136.21	-0.03
-136.21	-0.03
-134.75	0.12
-134.02	0.13
-133.77	0.17
-133.41	0.20
-133.25	0.17
-133.06	0.19
-132.88	0.21
-132.65	0.23
-132.87	0.22
-133.09	0.24
-133.39	0.28
-133.39	0.28
-135.20	0.46
-135.20	0.46
-138.06	0.74
-138.06	0.74
-139.56	1.20
-139.56	1.20
-139.73	1.27
-139.73	1.27
-139.22	1.10
-139.22	1.10
-138.05	0.97
-138.05	0.97
-136.64	0.73
-136.64	0.73
-135.77	0.73
-135.69	0.74
-135.69	0.74
-134.82	0.98
-134.82	0.98
-134.25	1.15
-134.25	1.15
-133.69	1.27
-133.69	1.27
-133.51	1.59
-133.51	1.59
-133.43	2.06
-133.43	2.06
-133.86	3.22
-133.86	3.22
-135.31	5.48
-135.31	5.48
-137.11	7.47
-137.11	7.47
-139.04	8.71
-139.04	8.71
-140.92	10.19
-140.92	10.19
-142.99	11.92
-142.99	11.92
-144.24	12.71
-144.24	12.71
-144.73	12.73
-144.73	12.73
-145.00	12.69
-145.00	12.69
-144.84	12.80
-144.84	12.80
-144.40	12.74
-144.40	12.74
-144.20	12.84
-144.20	12.84
-143.91	12.75
-143.91	12.75
-144.01	13.17
-144.01	13.17
-144.46	13.82
-144.46	13.82
-145.27	14.30
-145.27	14.30
-146.20	14.60
-146.20	14.60
-147.33	14.83
-147.33	14.83
-148.16	15.07
-148.16	15.07
-148.42	15.33
-148.42	15.33
-148.67	15.53
-148.67	15.53
-149.34	15.67
-149.34	15.67
-150.25	16.26
-150.25	16.26
-150.96	17.01
-150.96	17.01
-152.08	17.45
-152.08	17.45
-153.63	17.78
-153.63	17.78
-155.41	18.16
-155.41	18.16
-157.09	18.43
-157.09	18.43
-158.91	18.79
-158.91	18.79
-161.61	19.58
-161.61	19.58
-165.03	20.30
-165.03	20.30
-167.63	20.78
-167.63	20.78
-169.41	20.65
-169.41	20.65
-170.67	20.50
-170.67	20.50
-171.92	20.17
-171.92	20.17
-173.00	19.95
-173.00	19.95
-174.19	20.00
-174.19	20.00
-175.70	20.18
-175.70	20.18
-177.48	20.50
-177.48	20.50
-179.73	21.21
-179.73	21.21
178.37	21.23
178.37	21.23
176.72	20.93
176.72	20.93
174.87	20.78
174.87	20.78
173.28	20.88
173.28	20.88
172.04	20.72
172.04	20.72
171.42	20.62
171.42	20.62
171.33	20.31
171.33	20.31
171.03	20.07
171.03	20.07
170.76	20.14
170.76	20.14
170.41	20.27
170.41	20.27
169.93	20.35
169.93	20.35
169.73	20.29
169.73	20.29
169.55	20.33
169.55	20.33
169.11	20.49
169.11	20.49
168.85	20.44
168.85	20.44
168.60	20.40
168.60	20.40
168.49	20.53
168.49	20.53
168.47	20.51
168.47	20.51
168.30	20.48
168.30	20.48
168.10	20.45
168.10	20.45
168.05	20.19
168.05	20.19
167.98	19.94
167.98	19.94
168.02	19.95
168.02	19.95
168.31	19.98
168.31	19.98
168.58	19.93
168.58	19.93
168.66	19.89
168.66	19.89
168.92	19.69
168.92	19.69
169.04	19.60
169.04	19.60
169.23	19.28
169.23	19.28
169.51	19.21
169.51	19.21
169.67	19.29
169.67	19.29
169.82	19.07
169.82	19.07
169.96	18.89
169.96	18.89
169.95	18.53
169.95	18.53
169.78	18.39
169.78	18.39
169.85	18.36
169.85	18.36
169.93	18.39
169.93	18.39
170.10	18.30
170.10	18.30
170.34	17.96
170.34	17.96
170.70	17.49
170.70	17.49
170.92	16.94
170.92	16.94
171.18	16.26
171.18	16.26
171.32	15.71
171.32	15.71
171.32	15.59
171.32	15.59
171.36	15.50
171.42	15.37
171.46	15.34
171.44	15.29
171.57	15.35
171.44	15.33
171.49	15.32
171.51	15.35
171.48	15.36
171.55	15.41
171.61	15.39
171.61	15.52
171.61	15.52
171.77	15.66
171.77	15.66
171.89	15.65
171.89	15.65
172.16	15.63
172.16	15.63
172.46	15.63
172.46	15.63
172.65	15.68
172.65	15.68
172.74	15.72
172.74	15.72
172.77	15.73
172.77	15.73
172.74	15.77
172.74	15.77
172.66	15.94
172.66	15.94
172.20	17.44
172.20	17.44
171.52	17.91
171.52	17.91
171.66	17.72
171.66	17.72
172.00	16.97
172.00	16.97
173.17	16.47
173.17	16.47
174.85	15.91
174.85	15.91
176.50	14.35
176.50	14.35
177.35	13.41
177.35	13.41
177.95	12.86
177.95	12.86
177.80	12.87
177.80	12.87
177.58	12.57
177.58	12.57
177.76	12.53
177.76	12.53
178.22	12.88
178.22	12.88
178.63	12.58
178.63	12.58
179.29	12.50
179.29	12.50
179.61	12.04
179.61	12.04
180.00	12.24
180.00	12.24
180.01	12.21
180.01	12.21
-179.99	12.18
-179.99	12.18
-179.56	11.95
-179.56	11.95
-179.10	11.48
-179.10	11.48
-178.74	11.29
-178.74	11.29
-178.19	11.33
-178.19	11.33
-177.71	11.51
-177.71	11.51
-176.97	11.74
-176.97	11.74
-176.31	13.15
-176.31	13.15
-176.16	13.98
-176.16	13.98
-176.58	14.20
-176.58	14.20
-176.81	14.51
-176.81	14.51
-177.60	14.70
-177.60	14.70
-178.17	14.71
-178.17	14.71
-178.87	14.66
-178.87	14.66
-179.76	14.96
-179.76	14.96
-180.04	15.06
-180.04	15.06
179.84	15.45
179.84	15.45
178.55	15.54
178.55	15.54
176.88	15.44
176.88	15.44
175.29	14.69
175.29	14.69
173.55	14.22
173.55	14.22
171.70	13.93
171.70	13.93
169.54	13.99
169.54	13.99
167.35	13.87
167.35	13.87
165.45	13.99
165.45	13.99
163.83	14.21
163.83	14.21
162.17	14.69
162.17	14.69
160.94	14.95
160.94	14.95
159.72	15.29
159.72	15.29
158.74	15.49
158.74	15.49
157.84	15.48
157.84	15.48
157.28	15.27
157.28	15.27
156.70	15.14
156.70	15.14
155.56	15.26
155.56	15.26
154.78	15.09
154.78	15.09
154.16	14.71
154.16	14.71
153.54	14.39
153.54	14.39
153.05	14.47
153.05	14.47
152.56	14.20
152.56	14.20
151.93	13.71
151.93	13.71
151.25	13.19
151.25	13.19
150.49	12.81
150.49	12.81
150.06	12.23
149.88	12.19
149.93	12.03
149.93	12.03
149.41	11.71
149.41	11.71
148.67	11.17
148.67	11.17
147.14	10.52
147.14	10.52
145.17	9.67
145.17	9.67
143.16	8.78
143.16	8.78
140.83	7.94
140.83	7.94
138.89	6.74
138.89	6.74
136.72	5.49
136.72	5.49
134.64	5.88
134.64	5.88
131.80	6.27
131.80	6.27
128.83	6.81
128.83	6.81
126.02	7.11
126.02	7.11
123.23	7.30
123.23	7.30
120.70	8.12
120.70	8.12
117.79	7.42
117.79	7.42
115.30	6.56
115.30	6.56
113.12	6.45
113.12	6.45
111.23	6.54
111.23	6.54
109.42	6.44
109.42	6.44
108.07	6.22
108.07	6.22
106.53	5.95
106.53	5.95
104.98	6.21
104.98	6.21
103.27	6.12
103.27	6.12
101.71	6.17
101.71	6.17
99.92	6.15
99.92	6.15
98.13	5.93
98.13	5.93
96.68	5.87
96.68	5.87
94.99	5.17
94.74	5.04
94.05	4.99
93.90	4.96
93.40	4.78
92.47	4.48
92.35	4.46
92.35	4.46
90.70	4.18
89.93	4.11
89.85	4.13
89.41	3.94
88.82	3.83
88.44	3.72
87.93	3.70
87.59	3.59
87.59	3.59
86.53	2.81
85.96	2.38
85.97	2.42
85.47	2.13
85.47	2.13
84.00	2.03
83.50	2.23
82.80	2.29
82.80	2.29
80.98	1.96
80.61	1.86
79.88	1.71
79.77	1.69
79.31	1.59
79.17	1.54
78.91	1.34
78.91	1.34
78.08	0.95
78.12	0.70
77.82	0.64
77.81	0.65
77.56	0.58
77.36	0.57
77.32	0.52
77.30	0.65
77.30	0.65
76.83	1.30
76.88	1.38
76.91	1.10
76.84	1.08
77.00	0.78
77.03	0.70
77.03	0.70
77.09	0.31
77.09	0.31
77.46	0.30
77.46	0.30
77.86	0.10
77.86	0.10
78.11	0.02
78.11	0.02
78.56	-0.07
78.56	-0.07
79.08	-0.12
79.08	-0.12
79.84	-0.38
79.84	-0.38
80.54	-0.70
80.60	-0.60
80.70	-0.80
80.70	-0.80
80.72	-0.81
80.72	-0.81
80.06	-0.69
80.06	-0.69
78.66	-0.75
78.66	-0.75
75.69	-0.40
75.69	-0.40
69.15	0.29
69.15	0.29
61.24	1.60
61.24	1.60
53.68	2.57
53.68	2.57
47.62	3.44
47.62	3.44
42.55	3.67
42.55	3.67
37.95	3.74
37.95	3.74
33.88	4.12
33.88	4.12
30.42	4.24
30.42	4.24
28.05	4.43
28.05	4.43
26.12	4.92
26.12	4.92
24.22	5.63
24.22	5.63
21.54	7.08
21.54	7.08
17.91	9.57
17.91	9.57
15.70	12.47
15.70	12.47
14.08	15.56
14.08	15.56
12.49	18.77
12.49	18.77
11.52	21.16
11.52	21.16
11.53	22.37
11.53	22.37
12.19	23.00
12.19	23.00
13.05	24.38
13.05	24.38
13.56	26.30
13.56	26.30
13.67	28.45
13.67	28.45
13.51	30.32
13.51	30.32
13.29	31.92
13.29	31.92
12.68	32.54
12.68	32.54
12.41	32.78
12.41	32.78
11.90	32.65
11.90	32.65
11.83	32.66
11.83	32.66
11.60	32.61
11.60	32.61
11.52	32.54
11.52	32.54
11.53	32.51
11.53	32.51
11.41	32.34
11.41	32.34
11.44	32.18
11.44	32.18
11.66	31.97
11.66	31.97
11.73	31.62
11.73	31.62
11.47	31.41
11.47	31.41
11.31	31.12
11.31	31.12
11.39	30.80
11.39	30.80
11.54	30.57
11.54	30.57
11.60	30.15
11.60	30.15
11.47	29.85
11.47	29.85
11.70	29.50
11.70	29.50
12.13	29.30
12.13	29.30
12.55	28.98
12.55	28.98
12.54	28.58
12.54	28.58
12.50	28.29
12.50	28.29
12.50	27.88
12.50	27.88
12.71	27.58
12.71	27.58
12.53	27.51
12.53	27.51
12.96	26.82
12.96	26.82
13.04	26.52
13.04	26.52
12.83	26.22
12.83	26.22
13.04	25.84
13.04	25.84
13.26	25.21
13.26	25.21
13.43	24.07
13.43	24.07
13.76	21.82
13.76	21.82
14.14	19.39
14.14	19.39
14.97	18.34
14.97	18.34
16.10	17.07
16.10	17.07
17.54	15.86
17.54	15.86
18.83	15.44
18.83	15.44
21.74	14.15
21.74	14.15
27.61	12.01
27.61	12.01
37.87	7.43
37.87	7.43
50.58	2.92
50.58	2.92
61.79	0.13
61.79	0.13
71.88	-1.29
71.88	-1.29
79.71	-1.86
79.71	-1.86
86.91	-2.41
86.91	-2.41
93.70	-2.35
93.70	-2.35
100.94	-2.72
100.94	-2.72
107.81	-3.78
107.81	-3.78
113.40	-4.39
113.40	-4.39
117.38	-5.18
117.38	-5.18
119.90	-4.89
119.90	-4.89
121.30	-5.27
121.30	-5.27
121.67	-5.02
121.67	-5.02
122.86	-5.19
122.86	-5.19
124.80	-4.67
124.80	-4.67
128.73	-3.78
128.73	-3.78
133.64	-2.84
133.64	-2.84
139.32	-2.22
139.32	-2.22
145.06	-1.97
145.06	-1.97
150.45	-1.94
150.99	-1.95
152.18	-1.82
153.65	-1.89
154.81	-1.95
155.90	-2.02
157.14	-2.04
158.20	-1.85
159.18	-1.72
160.08	-1.47
160.08	-1.47
163.14	-0.87
163.14	-0.87
166.44	-0.39
166.44	-0.39
170.15	-0.04
170.15	-0.04
173.29	0.07
173.29	0.07
176.37	0.53
176.37	0.53
178.92	0.22
178.92	0.22
-179.42	-0.01
-179.42	-0.01
-177.84	0.28
-177.84	0.28
-176.38	0.60
-176.38	0.60
-174.38	1.23
-174.38	1.23
-172.21	1.28
-172.21	1.28
-169.66	1.54
-169.66	1.54
-166.11	0.97
-166.11	0.97
-162.89	0.91
-162.89	0.91
-160.19	0.83
-160.19	0.83
-157.77	0.75
-157.77	0.75
-155.93	0.93
-155.93	0.93
-154.61	0.30
-154.61	0.30
-153.86	-0.36
-153.86	-0.36
-153.47	-0.44
-153.47	-0.44
-153.35	-0.32
-153.35	-0.32
-152.86	-0.11
-152.86	-0.11
-152.47	0.14
-152.47	0.14
-151.92	0.11
-151.92	0.11
-151.47	0.28
-151.47	0.28
-150.71	0.40
-150.71	0.40
-149.78	0.28
-149.78	0.28
-148.71	0.09
-148.71	0.09
-148.38	-0.66
-148.38	-0.66
-147.07	-1.23
-147.07	-1.23
-145.29	-1.08
-145.29	-1.08
-143.66	-0.84
-143.66	-0.84
-142.02	-0.52
-141.70	-0.57
-141.70	-0.57
-139.49	-0.64
-139.49	-0.64
-135.95	-0.87
-135.95	-0.87
-131.06	-1.04
-131.06	-1.04
-125.16	-0.65
-125.16	-0.65
-120.34	-0.69
-120.34	-0.69
-117.78	-0.68
-117.78	-0.68
-115.80	-0.66
-115.80	-0.66
-114.51	-0.18
-114.51	-0.18
-113.69	0.01
-113.69	0.01
-112.40	0.08
-112.40	0.08
-111.22	0.05
-111.22	0.05
-110.12	-0.24
-110.12	-0.24
-109.21	-0.02
-109.21	-0.02
-108.46	0.19
-108.46	0.19
-107.43	0.26
-107.43	0.26
-106.33	0.46
-106.33	0.46
-105.49	0.66
-105.49	0.66
-104.90	0.80
-104.90	0.80
-104.15	0.91
-104.15	0.91
-103.13	1.23
-103.13	1.23
-102.15	2.01
-102.15	2.01
-100.88	3.37
-100.58	3.76
-100.58	3.76
-99.47	5.41
-99.47	5.41
-98.70	6.61
-98.70	6.61
-97.34	7.17
-97.34	7.17
-95.18	7.33
-95.18	7.33
-93.74	7.91
-93.74	7.91
-92.62	8.67
-92.62	8.67
-91.80	9.38
-91.80	9.38
-91.69	10.13
-91.69	10.13
-91.51	11.21
-91.51	11.21
-90.57	12.00
-90.57	12.00
-89.82	12.28
-89.82	12.28
-89.78	12.21
-89.78	12.21
-89.96	12.16
-89.96	12.16
-90.56	11.98
-90.56	11.98
-90.86	11.89
-90.86	11.89
-90.95	11.82
-90.95	11.82
-91.18	11.32
-91.18	11.32
-91.56	10.68
-91.56	10.68
-91.77	10.32
-91.77	10.32
-93.06	9.79
-93.06	9.79
-95.68	9.03
-95.68	9.03
-98.78	8.12
-98.78	8.12
-102.62	7.17
-102.62	7.17
-104.46	6.87
-104.46	6.87
-103.34	8.54
-103.34	8.54
-103.69	8.80
-103.69	8.80
-106.34	7.99
