-175.36	5.90
-175.81	9.02
-175.81	9.02
-176.10	9.49
-176.10	9.49
-176.20	8.77
-176.20	8.77
-176.20	7.28
-176.20	7.28
-176.34	7.30
-176.34	7.30
-176.30	7.67
-176.30	7.67
-176.38	7.67
-176.38	7.67
-176.65	7.45
-176.65	7.45
-176.99	7.30
-176.99	7.30
-177.40	7.17
-177.40	7.17
-178.02	6.65
-178.02	6.65
-179.13	6.59
-179.13	6.59
-179.92	6.92
-179.92	6.92
179.83	6.75
179.83	6.75
179.50	6.45
179.50	6.45
179.50	6.59
179.50	6.59
179.61	6.77
179.61	6.77
179.76	6.95
179.76	6.95
179.76	6.71
179.76	6.71
179.51	6.27
179.51	6.27
179.23	6.18
179.23	6.18
178.88	6.05
178.88	6.05
178.53	5.97
178.53	5.97
178.24	5.89
178.24	5.89
178.09	5.56
178.09	5.56
177.88	4.78
177.88	4.78
177.46	4.22
177.46	4.22
177.03	5.75
177.03	5.75
177.12	5.76
177.12	5.76
177.29	5.69
177.29	5.69
177.51	6.01
177.51	6.01
177.60	6.01
177.60	6.01
177.49	5.90
177.49	5.90
177.25	6.06
177.25	6.06
176.85	5.98
176.85	5.98
176.49	6.67
176.49	6.67
176.49	6.84
176.49	6.84
176.58	7.03
176.58	7.03
176.82	7.42
176.82	7.42
176.69	7.97
176.69	7.97
176.42	8.42
176.42	8.42
176.16	8.72
176.16	8.72
176.08	8.85
176.08	8.85
176.01	8.85
176.01	8.85
175.94	8.87
175.94	8.87
175.76	8.86
175.76	8.86
175.76	8.40
175.76	8.40
175.68	8.42
175.68	8.42
175.61	8.30
175.61	8.30
175.46	8.44
175.46	8.44
175.33	8.63
175.33	8.63
175.21	8.88
175.21	8.88
175.06	8.80
175.06	8.80
174.71	8.47
174.71	8.47
174.35	8.00
174.35	8.00
173.98	7.57
173.98	7.57
173.57	6.97
173.57	6.97
173.08	5.77
173.08	5.77
172.34	3.21
172.34	3.21
171.63	-0.57
171.63	-0.57
170.42	-4.29
170.42	-4.29
169.40	-4.23
169.40	-4.23
168.47	-4.02
168.47	-4.02
167.94	-3.73
167.94	-3.73
167.55	-3.70
167.55	-3.70
167.37	-3.60
167.37	-3.60
167.27	-3.14
167.27	-3.14
167.49	-2.83
167.49	-2.83
167.61	-2.69
167.61	-2.69
167.72	-2.66
167.72	-2.66
167.80	-2.68
167.80	-2.68
167.72	-2.31
167.72	-2.31
167.59	-2.13
167.59	-2.13
167.46	-2.13
167.46	-2.13
167.29	-2.00
167.29	-2.00
167.20	-1.83
167.20	-1.83
167.27	-1.87
167.27	-1.87
167.34	-1.73
167.34	-1.73
167.33	-1.75
167.33	-1.75
167.39	-1.78
167.39	-1.78
167.37	-1.64
167.37	-1.64
167.26	-1.59
167.26	-1.59
167.35	-1.76
167.35	-1.76
167.35	-1.80
167.35	-1.80
167.39	-1.84
167.39	-1.84
167.50	-1.82
167.50	-1.82
167.50	-1.69
167.50	-1.69
167.42	-1.90
167.42	-1.90
167.42	-2.01
167.42	-2.01
167.47	-1.91
167.47	-1.91
167.47	-1.78
167.47	-1.78
167.55	-1.85
167.55	-1.85
167.64	-1.80
167.64	-1.80
167.47	-1.73
167.47	-1.73
167.62	-1.75
167.62	-1.75
167.61	-1.74
167.61	-1.74
167.45	-1.75
167.45	-1.75
167.56	-1.71
167.56	-1.71
167.57	-1.77
167.57	-1.77
167.68	-1.71
167.68	-1.71
167.67	-1.64
167.67	-1.64
167.67	-1.55
167.67	-1.55
167.78	-1.38
167.78	-1.38
167.81	-1.02
167.81	-1.02
167.93	-0.59
167.93	-0.59
168.19	-0.29
168.19	-0.29
168.23	-0.20
168.23	-0.20
168.24	-0.41
168.24	-0.41
168.27	-0.31
168.27	-0.31
168.22	-0.07
168.22	-0.07
168.30	0.14
168.30	0.14
168.23	-0.18
168.23	-0.18
168.38	-0.38
168.38	-0.38
168.38	-0.43
168.38	-0.43
168.26	-0.63
168.26	-0.63
168.07	-0.95
168.07	-0.95
167.69	-1.47
167.69	-1.47
166.86	-2.38
166.86	-2.38
166.09	-3.48
166.09	-3.48
165.25	-4.25
165.25	-4.25
164.76	-5.10
164.76	-5.10
163.55	-7.45
163.55	-7.45
160.98	-11.71
160.98	-11.71
157.89	-15.64
157.89	-15.64
154.84	-16.43
154.84	-16.43
152.37	-18.32
152.37	-18.32
149.43	-20.33
149.43	-20.33
147.02	-20.89
147.02	-20.89
144.94	-21.91
144.94	-21.91
142.92	-22.75
142.92	-22.75
141.15	-22.73
141.15	-22.73
140.70	-22.18
140.70	-22.18
140.79	-21.76
140.79	-21.76
141.03	-21.29
141.03	-21.29
140.72	-19.70
140.72	-19.70
139.30	-18.59
139.30	-18.59
137.73	-18.77
137.73	-18.77
136.71	-18.73
136.71	-18.73
136.48	-18.47
136.48	-18.47
136.57	-18.28
136.57	-18.28
136.52	-18.22
136.52	-18.22
136.52	-18.12
136.52	-18.12
136.50	-18.07
136.50	-18.07
136.55	-17.99
136.55	-17.99
136.62	-17.93
136.62	-17.93
136.63	-17.69
136.63	-17.69
136.67	-17.36
136.67	-17.36
136.55	-17.23
136.55	-17.23
136.49	-17.13
136.49	-17.13
136.64	-16.96
136.64	-16.96
136.68	-16.97
136.68	-16.97
136.84	-16.97
136.84	-16.97
136.75	-16.95
136.75	-16.95
136.80	-16.76
136.80	-16.76
136.97	-16.72
136.97	-16.72
136.96	-16.60
136.96	-16.60
136.96	-16.56
136.96	-16.56
136.93	-16.48
136.93	-16.48
136.24	-16.01
136.24	-16.01
132.46	-14.67
132.46	-14.67
124.53	-12.33
124.53	-12.33
113.84	-10.22
113.84	-10.22
104.80	-8.89
104.80	-8.89
99.06	-7.98
99.06	-7.98
96.44	-7.35
96.44	-7.35
95.38	-6.67
95.38	-6.67
93.84	-6.59
93.84	-6.59
92.18	-6.13
92.18	-6.13
90.52	-5.42
90.52	-5.42
89.36	-5.44
89.36	-5.44
88.85	-5.39
88.85	-5.39
88.57	-5.26
88.57	-5.26
87.80	-4.88
87.80	-4.88
86.25	-4.78
86.25	-4.78
85.84	-5.15
85.84	-5.15
85.78	-5.08
85.78	-5.08
85.70	-5.13
85.70	-5.13
85.63	-5.12
85.63	-5.12
85.62	-5.24
85.62	-5.24
86.24	-4.69
86.24	-4.69
87.00	-4.39
87.00	-4.39
87.31	-4.66
87.31	-4.66
87.45	-4.79
87.45	-4.79
87.43	-4.75
87.43	-4.75
87.30	-4.64
87.30	-4.64
87.13	-4.46
87.13	-4.46
86.92	-4.24
86.92	-4.24
86.82	-3.55
86.82	-3.55
86.56	-2.70
86.56	-2.70
86.01	-2.13
86.01	-2.13
85.41	-1.49
85.41	-1.49
83.83	-0.25
83.83	-0.25
80.39	0.63
80.39	0.63
76.66	0.70
76.66	0.70
72.02	0.76
72.02	0.76
67.43	1.00
67.43	1.00
63.67	1.41
63.67	1.41
61.56	1.60
61.56	1.60
60.73	1.51
60.73	1.51
59.74	1.36
59.74	1.36
58.28	1.35
58.28	1.35
56.95	1.85
56.95	1.85
56.00	2.59
56.00	2.59
55.25	2.92
55.25	2.92
54.88	2.92
54.88	2.92
54.05	3.15
54.05	3.15
53.08	3.46
53.08	3.46
52.23	3.68
52.23	3.68
51.68	3.92
51.68	3.92
51.34	4.04
51.34	4.04
50.71	4.36
50.71	4.36
49.39	4.51
49.39	4.51
48.37	4.51
48.37	4.51
47.33	4.60
47.33	4.60
46.44	4.72
46.44	4.72
45.21	4.56
45.21	4.56
44.11	4.16
44.11	4.16
42.58	3.40
42.58	3.40
41.16	2.48
41.16	2.48
39.11	1.02
39.11	1.02
35.41	-0.61
35.41	-0.61
31.14	-2.16
31.14	-2.16
27.46	-2.88
27.46	-2.88
26.28	-2.94
26.28	-2.94
26.31	-2.71
26.31	-2.71
26.43	-2.80
26.43	-2.80
26.52	-2.90
26.52	-2.90
26.74	-2.74
26.74	-2.74
26.77	-2.76
26.77	-2.76
26.65	-2.77
26.65	-2.77
26.81	-2.93
26.81	-2.93
27.21	-3.18
27.21	-3.18
28.14	-3.19
28.14	-3.19
28.47	-3.29
28.47	-3.29
28.09	-3.73
28.09	-3.73
27.33	-4.12
27.33	-4.12
26.95	-4.17
26.95	-4.17
26.98	-4.18
26.98	-4.18
27.43	-3.96
27.43	-3.96
28.36	-3.72
28.36	-3.72
28.93	-4.00
28.93	-4.00
28.84	-4.60
28.84	-4.60
28.25	-5.32
28.25	-5.32
28.06	-5.31
28.06	-5.31
28.53	-5.30
28.53	-5.30
29.52	-5.24
29.52	-5.24
30.69	-4.76
30.69	-4.76
31.43	-4.84
31.43	-4.84
31.93	-4.80
31.93	-4.80
32.51	-4.88
32.51	-4.88
32.42	-4.92
32.42	-4.92
32.00	-5.22
32.00	-5.22
31.69	-5.55
31.69	-5.55
31.97	-5.27
31.97	-5.27
32.51	-5.67
32.51	-5.67
32.87	-6.01
32.87	-6.01
33.11	-6.53
33.11	-6.53
33.13	-7.21
33.13	-7.21
33.09	-7.87
33.09	-7.87
32.26	-8.30
32.26	-8.30
31.80	-7.53
31.80	-7.53
31.47	-7.41
31.47	-7.41
31.35	-7.00
31.35	-7.00
30.81	-7.09
30.81	-7.09
30.87	-6.57
30.87	-6.57
31.13	-6.46
31.13	-6.46
30.95	-6.40
30.95	-6.40
30.30	-6.25
30.30	-6.25
29.72	-6.08
29.72	-6.08
29.02	-5.97
29.02	-5.97
28.55	-5.65
28.55	-5.65
27.79	-5.54
27.79	-5.54
26.88	-5.03
26.88	-5.03
25.86	-4.26
25.86	-4.26
25.23	-4.13
25.23	-4.13
24.14	-4.99
24.14	-4.99
22.88	-4.83
22.88	-4.83
21.85	-4.18
21.85	-4.18
21.33	-4.21
21.33	-4.21
20.54	-4.53
20.54	-4.53
19.39	-4.38
19.39	-4.38
17.94	-4.39
17.94	-4.39
16.15	-4.53
16.15	-4.53
14.67	-4.86
14.67	-4.86
13.34	-4.84
13.34	-4.84
12.13	-4.49
12.13	-4.49
11.23	-4.53
11.23	-4.53
10.73	-4.66
10.73	-4.66
10.32	-4.48
10.32	-4.48
10.34	-4.35
10.34	-4.35
10.20	-4.28
10.20	-4.28
10.06	-3.77
10.06	-3.77
9.74	-3.50
9.74	-3.50
9.11	-3.53
9.11	-3.53
8.71	-3.37
8.71	-3.37
8.62	-2.93
8.62	-2.93
8.58	-3.03
8.58	-3.03
8.55	-3.07
8.55	-3.07
8.54	-2.96
8.54	-2.96
8.64	-2.46
8.64	-2.46
8.44	-2.33
8.44	-2.33
8.28	-2.65
8.28	-2.65
7.74	-3.28
7.74	-3.28
7.11	-3.76
7.11	-3.76
6.81	-3.54
6.81	-3.54
6.55	-3.33
6.55	-3.33
6.16	-3.28
6.16	-3.28
4.95	-2.77
4.95	-2.77
4.42	-2.35
4.42	-2.35
4.43	-2.57
4.43	-2.57
4.31	-1.83
4.31	-1.83
4.10	-1.92
4.10	-1.92
4.11	-1.95
4.11	-1.95
3.72	-1.86
3.72	-1.86
3.18	-1.84
3.18	-1.84
3.39	-1.76
3.39	-1.76
3.82	-1.91
3.82	-1.91
3.98	-2.10
3.98	-2.10
3.59	-2.63
3.59	-2.63
3.20	-2.66
3.20	-2.66
3.24	-2.59
3.24	-2.59
4.36	-2.66
4.36	-2.66
10.29	-2.60
10.29	-2.60
19.41	-2.42
19.41	-2.42
32.34	-2.66
32.34	-2.66
48.23	-2.48
48.23	-2.48
65.43	-1.23
65.43	-1.23
83.74	0.71
83.74	0.71
98.12	2.41
98.12	2.41
109.54	4.35
109.54	4.35
117.45	5.49
117.45	5.49
121.83	5.61
121.83	5.61
125.46	5.07
125.46	5.07
128.31	3.88
128.31	3.88
129.46	3.25
129.46	3.25
128.92	3.16
128.92	3.16
128.62	3.20
128.62	3.20
128.15	3.08
128.15	3.08
127.90	3.06
127.90	3.06
127.81	2.79
127.81	2.79
127.38	2.61
127.38	2.61
127.41	2.58
127.41	2.58
127.61	2.46
127.61	2.46
127.57	2.46
127.57	2.46
127.37	2.45
127.37	2.45
127.08	2.25
127.08	2.25
126.58	2.30
126.58	2.30
126.50	2.37
126.50	2.37
126.87	2.55
126.87	2.55
126.69	2.49
126.69	2.49
126.42	2.27
126.42	2.27
126.48	2.20
126.48	2.20
126.79	2.34
126.79	2.34
126.54	2.39
126.54	2.39
126.24	2.36
126.24	2.36
126.02	2.35
126.02	2.35
125.90	2.24
125.90	2.24
124.47	1.96
124.47	1.96
117.97	1.92
117.97	1.92
104.58	1.54
104.58	1.54
87.45	1.07
87.45	1.07
66.72	0.73
66.72	0.73
47.52	0.52
47.52	0.52
30.11	0.62
30.11	0.62
12.97	0.34
12.97	0.34
0.41	0.77
0.41	0.77
-9.42	0.44
-9.42	0.44
-14.26	-0.93
-14.26	-0.93
-14.73	-2.14
-14.73	-2.14
-12.70	-2.91
-12.70	-2.91
-9.99	-3.64
-9.99	-3.64
-6.43	-4.27
-6.43	-4.27
-3.18	-4.31
-3.18	-4.31
-2.15	-4.71
-2.15	-4.71
-2.55	-4.68
-2.55	-4.68
-3.49	-4.20
-3.49	-4.20
-4.15	-4.30
-4.15	-4.30
-3.93	-4.60
-3.93	-4.60
-1.95	-4.16
-1.95	-4.16
0.03	-4.16
0.03	-4.16
1.81	-3.88
1.81	-3.88
2.40	-4.48
2.40	-4.48
3.25	-4.12
3.25	-4.12
4.40	-4.60
4.40	-4.60
6.16	-5.16
6.16	-5.16
6.74	-5.81
6.74	-5.81
8.59	-6.48
8.59	-6.48
11.14	-6.44
11.14	-6.44
13.56	-6.34
13.56	-6.34
16.19	-6.63
16.19	-6.63
18.26	-6.76
18.26	-6.76
19.99	-8.53
19.99	-8.53
19.02	-10.14
19.02	-10.14
18.18	-9.39
18.18	-9.39
19.94	-9.77
19.94	-9.77
21.41	-10.34
21.41	-10.34
23.01	-10.34
23.01	-10.34
23.72	-10.52
23.72	-10.52
23.32	-10.51
23.32	-10.51
22.70	-10.84
22.70	-10.84
22.03	-10.51
22.03	-10.51
22.10	-10.15
22.10	-10.15
22.66	-10.13
22.66	-10.13
23.05	-10.23
23.05	-10.23
22.63	-10.15
22.63	-10.15
22.63	-10.23
22.63	-10.23
22.85	-10.24
22.85	-10.24
23.09	-10.18
23.09	-10.18
23.10	-10.19
23.10	-10.19
22.83	-10.07
22.83	-10.07
23.06	-9.91
23.06	-9.91
23.17	-10.01
23.17	-10.01
23.40	-10.10
23.40	-10.10
23.56	-10.16
23.56	-10.16
23.51	-10.17
23.51	-10.17
23.31	-10.28
23.31	-10.28
23.08	-10.14
23.08	-10.14
23.82	-10.45
23.82	-10.45
24.47	-10.10
24.47	-10.10
25.97	-10.41
25.97	-10.41
25.44	-10.52
25.44	-10.52
24.89	-10.75
24.89	-10.75
25.35	-10.77
25.35	-10.77
25.82	-10.59
25.82	-10.59
26.09	-10.67
26.09	-10.67
26.01	-10.81
26.01	-10.81
26.33	-10.82
26.33	-10.82
27.59	-10.83
27.59	-10.83
28.00	-10.40
28.00	-10.40
28.74	-10.49
28.74	-10.49
28.99	-9.68
28.99	-9.68
28.73	-9.39
28.73	-9.39
28.39	-9.14
28.39	-9.14
26.94	-9.59
26.94	-9.59
25.66	-10.68
25.66	-10.68
25.68	-12.55
25.68	-12.55
27.11	-12.69
27.11	-12.69
26.95	-12.37
26.95	-12.37
26.66	-11.51
26.66	-11.51
25.43	-10.82
25.43	-10.82
22.67	-10.23
22.67	-10.23
18.58	-8.93
18.58	-8.93
14.83	-7.75
14.83	-7.75
9.62	-6.77
9.62	-6.77
2.69	-6.08
2.69	-6.08
-4.22	-5.36
-4.22	-5.36
-12.55	-5.26
-12.55	-5.26
-19.88	-6.29
-19.88	-6.29
-25.22	-6.27
-25.22	-6.27
-29.69	-5.75
-29.69	-5.75
-31.59	-6.08
-31.59	-6.08
-32.99	-6.32
-32.99	-6.32
-33.17	-6.57
-33.17	-6.57
-32.93	-6.72
-32.93	-6.72
-35.55	-6.74
-35.55	-6.74
-37.02	-6.83
-37.02	-6.83
-35.33	-7.06
-35.33	-7.06
-34.37	-6.80
-34.37	-6.80
-35.71	-6.27
-35.71	-6.27
-36.83	-5.81
-36.83	-5.81
-36.91	-5.15
-36.91	-5.15
-35.98	-4.16
-35.98	-4.16
-35.54	-3.00
-35.54	-3.00
-35.87	-2.25
-36.27	-2.16
-36.56	-2.04
-37.07	-1.83
-37.60	-1.58
-38.43	-1.34
-38.43	-1.34
-41.20	-0.42
-41.20	-0.42
-45.05	-0.14
-45.05	-0.14
-48.70	0.11
-51.48	0.00
-52.63	-0.06
-55.04	0.08
-55.42	0.13
-56.74	0.19
-56.74	0.19
-60.41	0.17
-61.75	0.07
-62.34	-0.04
-62.62	-0.16
-62.62	-0.16
-63.28	-0.12
-63.22	-0.06
-62.98	0.09
-62.98	0.09
-62.29	0.19
-62.04	0.21
-62.00	0.29
-62.00	0.29
-62.07	0.63
-61.89	0.52
-61.37	0.36
-61.25	0.37
-60.94	0.39
-60.76	0.48
-60.76	0.48
-59.49	0.71
-59.22	0.81
-58.54	1.00
-58.41	1.01
-57.78	0.82
-57.54	0.78
-57.17	0.74
-56.45	0.52
-56.45	0.52
-54.28	0.21
-53.94	0.37
-53.94	0.37
-53.24	0.87
-53.26	0.80
-53.15	0.71
-53.08	0.63
-52.82	0.69
-52.61	0.76
-52.50	0.71
-52.50	0.71
-52.22	1.09
-52.22	1.09
-51.96	0.98
-51.96	0.98
-51.73	1.25
-51.73	1.25
-51.65	1.02
-51.65	1.02
-51.38	1.09
-51.38	1.09
-51.33	1.13
-51.33	1.13
-51.23	1.03
-51.23	1.03
-51.30	1.10
-51.30	1.10
-51.24	0.83
-51.24	0.83
-51.16	0.76
-51.16	0.76
-51.10	0.52
-51.10	0.52
-51.29	0.46
-51.29	0.46
-51.47	0.33
-51.47	0.33
-51.41	0.38
-51.41	0.38
-51.29	0.49
-51.29	0.49
-51.22	0.48
-51.22	0.48
-51.42	0.47
-51.42	0.47
-51.63	0.33
-51.63	0.33
-51.74	-0.00
-51.74	-0.00
-51.74	0.10
-51.74	0.10
-51.60	0.22
-51.60	0.22
-51.65	0.16
-51.65	0.16
-51.71	0.02
-51.71	0.02
-51.75	0.05
-51.75	0.05
-51.76	-0.05
-51.76	-0.05
-51.67	-0.04
-51.67	-0.04
-51.22	0.00
-51.22	0.00
-47.66	0.34
-47.66	0.34
-41.34	1.45
-41.34	1.45
-31.57	1.92
-31.57	1.92
-21.58	0.84
-21.58	0.84
-13.93	1.31
-13.93	1.31
-8.93	1.22
-8.93	1.22
-5.88	1.55
-5.88	1.55
-3.98	1.36
-3.98	1.36
-3.65	1.40
-3.65	1.40
-4.08	1.28
-4.08	1.28
-4.72	1.22
-4.72	1.22
-5.31	1.05
-5.31	1.05
-6.16	1.15
-6.16	1.15
-7.14	1.18
-7.14	1.18
-8.46	1.71
-8.46	1.71
-9.78	1.99
-9.78	1.99
-10.87	2.57
-10.87	2.57
-12.13	3.19
-12.13	3.19
-13.67	3.38
-13.67	3.38
-18.40	5.13
-18.40	5.13
-24.06	7.66
-24.06	7.66
-30.53	9.11
-30.53	9.11
-35.86	9.51
-35.86	9.51
-39.45	8.26
-39.45	8.26
-41.17	6.44
-41.17	6.44
-41.77	5.46
-41.77	5.46
-42.02	4.91
-42.02	4.91
-42.01	3.93
-42.01	3.93
-41.64	3.68
-41.64	3.68
-41.40	4.07
-41.40	4.07
-41.24	3.85
-41.24	3.85
-40.71	3.24
-40.71	3.24
-40.55	2.96
-40.55	2.96
-40.48	3.08
-40.48	3.08
-40.27	3.72
-40.27	3.72
-40.30	4.22
-40.30	4.22
-39.65	4.29
-39.65	4.29
-38.62	4.60
-38.62	4.60
-38.10	4.17
-38.10	4.17
-37.91	3.58
-37.91	3.58
-37.47	2.96
-37.47	2.96
-36.33	2.69
-36.33	2.69
-35.01	3.38
-35.01	3.38
-33.64	3.39
-33.64	3.39
-32.77	3.61
-32.77	3.61
-32.68	3.71
-32.68	3.71
-32.43	4.78
-32.43	4.78
-32.19	5.32
-32.19	5.32
-31.43	4.99
-31.43	4.99
-31.95	5.05
-31.95	5.05
-32.84	4.88
-32.84	4.88
-33.06	3.39
-33.06	3.39
-32.68	1.04
-32.68	1.04
-30.76	0.45
-30.76	0.45
-27.85	-0.35
-27.85	-0.35
-23.67	-1.72
-23.67	-1.72
-19.07	-2.48
-19.07	-2.48
-15.29	-3.62
-15.29	-3.62
-11.12	-3.19
-11.12	-3.19
-8.75	-2.52
-8.55	-2.42
-8.40	-2.15
-8.02	-2.21
-7.88	-2.27
-7.69	-2.26
-7.48	-1.89
-7.23	-1.38
-7.26	-0.96
-7.25	-0.74
-7.25	-0.74
-6.71	-1.38
-6.71	-1.38
-7.79	-2.58
-7.79	-2.58
-10.30	-3.07
-10.30	-3.07
-11.21	-3.24
-11.21	-3.24
-11.04	-3.79
-11.04	-3.79
-11.43	-3.92
-11.43	-3.92
-11.83	-2.88
-11.83	-2.88
-13.23	-1.97
-13.23	-1.97
-14.94	-0.58
-14.94	-0.58
-16.39	-1.42
-16.39	-1.42
-17.67	-1.26
-17.67	-1.26
-18.19	-0.34
-18.19	-0.34
-18.86	-1.30
-18.86	-1.30
-19.78	-2.86
-19.78	-2.86
-20.57	-2.40
-20.57	-2.40
-20.58	-0.72
-20.58	-0.72
-21.09	-0.52
-21.09	-0.52
-21.92	-1.69
-21.92	-1.69
-21.89	-0.90
-21.89	-0.90
-21.91	-0.95
-21.91	-0.95
-22.49	-0.66
-22.49	-0.66
-23.74	0.44
-23.85	0.42
-23.85	0.42
-25.18	0.37
-25.18	0.37
-25.81	-0.16
-25.81	-0.16
-25.77	0.14
-25.77	0.14
-25.88	-0.44
-25.88	-0.44
-25.79	-0.97
-25.79	-0.97
-25.49	-0.12
-25.49	-0.12
-25.65	-0.96
-25.65	-0.96
-25.56	-0.73
-25.56	-0.73
-25.45	-1.16
-25.45	-1.16
-24.32	-1.29
-24.32	-1.29
-23.73	-0.00
-23.73	-0.00
-23.28	1.73
-23.28	1.73
-23.59	1.15
-23.59	1.15
-23.42	0.01
-23.42	0.01
-22.95	-0.53
-22.95	-0.53
-21.51	-1.02
-21.51	-1.02
-21.71	-1.44
-21.71	-1.44
-22.68	-1.30
-22.68	-1.30
-23.55	-0.99
-23.55	-0.99
-23.12	-0.97
-23.12	-0.97
-22.72	-1.38
-22.46	-1.47
-22.47	-1.47
-22.63	-1.53
-22.63	-1.53
-22.98	-1.46
-22.98	-1.46
-23.95	-0.89
-23.95	-0.89
-24.93	-0.65
-24.93	-0.65
-25.31	-0.87
-25.31	-0.87
-25.37	-1.27
-25.37	-1.27
-25.20	-1.55
-25.20	-1.55
-25.10	-2.06
-25.10	-2.06
-24.63	-2.31
-24.63	-2.31
-24.05	-1.98
-24.05	-1.98
-23.94	-2.05
-23.94	-2.05
-24.09	-1.72
-24.09	-1.72
-23.95	-1.39
-23.95	-1.39
-24.38	-1.03
-24.38	-1.03
-24.56	-0.95
-24.56	-0.95
-24.52	-0.94
-24.52	-0.94
-24.45	-0.64
-24.45	-0.64
-24.48	-0.78
-24.48	-0.78
-25.19	-0.84
-25.19	-0.84
-26.02	-1.18
-26.17	-1.71
-26.13	-1.84
-26.13	-1.84
-25.74	-2.45
-25.74	-2.45
-25.95	-0.99
-25.95	-0.99
-25.99	-0.66
-25.99	-0.66
-25.71	-0.85
-25.71	-0.85
-24.61	-1.05
-24.61	-1.05
-23.04	-0.68
-23.04	-0.68
-22.44	-1.47
-22.44	-1.47
-23.19	-2.32
-23.19	-2.32
-23.02	-1.74
-23.02	-1.74
-21.66	-0.79
-21.66	-0.79
-21.18	-0.99
-21.18	-0.99
-21.42	-1.33
-21.42	-1.33
-22.33	-1.22
-22.33	-1.22
-22.43	-1.00
-22.43	-1.00
-22.24	-1.03
-22.24	-1.03
-22.63	-1.08
-22.63	-1.08
-22.75	-0.88
-22.75	-0.88
-22.93	-0.20
-22.93	-0.20
-23.32	0.61
-23.32	0.61
-23.54	0.21
-23.54	0.21
-24.12	-1.35
-24.12	-1.35
-24.48	-1.57
-24.48	-1.57
-23.53	-3.28
-23.53	-3.28
-22.22	-3.35
-22.22	-3.35
-21.16	-0.07
-21.16	-0.07
-20.26	3.98
-20.26	3.98
-20.04	2.05
-20.04	2.05
-20.17	-4.07
-20.17	-4.07
-20.29	-5.42
-20.29	-5.42
-19.88	-3.47
-19.88	-3.47
-19.12	-2.19
-19.12	-2.19
-16.82	-2.16
-16.03	-2.53
-15.72	-2.90
-15.53	-3.22
-15.31	-3.41
-15.48	-3.49
-15.58	-3.33
-15.49	-2.76
-15.41	-1.94
-15.38	-1.48
-15.54	-1.37
-15.58	-1.41
-15.58	-1.41
-15.22	-2.43
-15.22	-2.43
-14.62	-2.61
-14.62	-2.61
-14.90	-2.10
-14.90	-2.10
-14.73	-2.22
-14.73	-2.22
-14.13	-2.47
-14.13	-2.47
-12.98	-3.04
-12.98	-3.04
-9.88	-3.41
-9.88	-3.41
-8.99	-2.78
-8.99	-2.78
-9.02	-2.98
-9.02	-2.98
-9.93	-2.80
-9.93	-2.80
-10.14	-1.92
-10.14	-1.92
-9.27	-0.26
-9.27	-0.26
-8.42	1.42
-8.42	1.42
-7.28	4.32
-7.28	4.32
-6.55	6.72
-6.55	6.72
-6.18	8.34
-6.18	8.34
-6.16	9.76
-6.16	9.76
-6.17	10.46
-6.17	10.46
-6.49	10.68
-6.49	10.68
-6.29	10.65
-6.29	10.65
-6.25	11.35
-6.25	11.35
-6.05	11.58
-6.05	11.58
-5.46	10.94
-5.46	10.94
-4.61	10.70
-4.61	10.70
-4.37	9.69
-4.37	9.69
-4.14	8.87
-4.14	8.87
-3.83	10.49
-3.83	10.49
-3.26	11.00
-3.26	11.00
-3.02	9.90
-3.02	9.90
-3.37	9.60
-3.37	9.60
-3.40	9.86
-3.40	9.86
-2.91	9.50
-2.91	9.50
-2.15	8.74
-2.15	8.74
-2.37	8.31
-2.37	8.31
-2.49	8.10
-2.49	8.10
-2.43	7.79
-2.43	7.79
-2.40	7.72
-2.40	7.72
-2.55	7.55
-2.55	7.55
-2.60	7.62
-2.60	7.62
-2.50	7.83
-2.50	7.83
-2.47	7.80
-2.47	7.80
-2.63	7.78
-2.63	7.78
-2.56	7.59
-2.56	7.59
-2.54	7.80
-2.54	7.80
-2.46	7.76
-2.46	7.76
-2.33	7.76
-2.33	7.76
-2.23	7.92
-2.23	7.92
-2.11	8.30
-2.11	8.30
-2.13	8.94
-2.13	8.94
-1.79	10.26
-1.79	10.26
-0.95	13.28
-0.95	13.28
-0.27	16.34
-0.27	16.34
0.00	18.82
0.00	18.82
0.57	20.35
0.57	20.35
1.20	21.25
1.20	21.25
1.71	22.10
1.71	22.10
1.70	22.40
1.70	22.40
2.21	22.97
2.21	22.97
3.34	23.87
3.34	23.87
4.80	24.38
4.80	24.38
6.07	25.30
6.07	25.30
6.40	25.72
6.40	25.72
7.63	26.13
7.63	26.13
10.16	27.76
10.16	27.76
12.90	29.30
12.90	29.30
14.26	31.03
14.26	31.03
15.49	33.06
15.49	33.06
16.25	34.61
16.25	34.61
17.86	35.74
17.86	35.74
20.32	36.11
20.32	36.11
23.70	36.90
23.70	36.90
27.39	37.69
27.39	37.69
30.24	38.15
30.24	38.15
33.16	38.82
33.16	38.82
35.33	39.84
35.33	39.84
37.41	40.85
37.41	40.85
39.90	41.42
39.90	41.42
41.73	41.91
41.73	41.91
43.51	42.55
43.51	42.55
44.92	42.93
44.92	42.93
46.02	43.57
46.02	43.57
48.00	43.93
48.00	43.93
49.72	43.22
49.72	43.22
51.19	41.14
51.19	41.14
52.78	38.10
52.78	38.10
54.49	34.04
54.49	34.04
56.41	29.95
56.41	29.95
58.33	25.29
58.33	25.29
60.71	21.29
60.71	21.29
62.12	18.21
62.12	18.21
63.27	16.95
63.27	16.95
63.63	15.64
63.63	15.64
64.03	13.81
64.03	13.81
64.78	11.83
64.78	11.83
65.69	10.80
65.69	10.80
65.99	10.12
65.99	10.12
66.58	8.97
66.58	8.97
67.36	8.00
67.61	7.97
67.84	7.86
67.98	7.89
68.20	8.02
68.30	8.12
68.55	8.26
68.95	8.34
69.21	8.34
69.21	8.34
70.31	7.73
70.31	7.73
71.00	7.24
71.00	7.24
71.71	6.62
71.71	6.62
71.90	5.93
71.90	5.93
72.06	5.36
72.06	5.36
72.30	4.50
72.30	4.50
72.74	3.47
72.74	3.47
72.91	3.04
72.91	3.04
73.06	3.59
73.06	3.59
72.96	3.89
72.96	3.89
72.76	3.77
72.76	3.77
72.78	4.43
72.78	4.43
72.65	5.42
72.65	5.42
72.65	5.25
72.65	5.25
72.67	3.02
72.67	3.02
72.87	-0.88
72.87	-0.88
74.07	-7.54
74.07	-7.54
76.65	-17.19
76.65	-17.19
80.00	-23.31
80.00	-23.31
82.65	-26.69
82.65	-26.69
84.42	-26.09
84.42	-26.09
85.66	-28.94
85.66	-28.94
87.43	-32.64
87.43	-32.64
90.46	-36.15
90.46	-36.15
93.65	-38.79
93.65	-38.79
96.69	-41.02
96.69	-41.02
99.53	-43.11
99.53	-43.11
101.32	-44.61
101.32	-44.61
101.57	-44.76
101.57	-44.76
101.48	-44.85
101.48	-44.85
101.68	-45.66
101.68	-45.66
101.76	-45.55
101.76	-45.55
101.86	-45.97
101.86	-45.97
101.92	-47.11
101.92	-47.11
102.08	-49.68
102.08	-49.68
102.59	-53.26
102.59	-53.26
104.03	-55.88
104.03	-55.88
105.95	-57.64
105.95	-57.64
107.54	-59.70
107.54	-59.70
108.92	-60.36
108.92	-60.36
109.30	-60.83
109.30	-60.83
109.69	-61.38
109.69	-61.38
110.03	-61.67
110.03	-61.67
110.73	-62.35
110.73	-62.35
111.80	-62.99
111.80	-62.99
113.28	-63.96
113.28	-63.96
115.51	-65.04
115.51	-65.04
117.16	-65.67
117.16	-65.67
118.41	-66.40
118.41	-66.40
119.53	-67.57
119.53	-67.57
120.64	-68.67
120.64	-68.67
121.78	-69.17
121.78	-69.17
123.14	-69.95
123.14	-69.95
125.40	-71.13
125.40	-71.13
127.38	-72.04
127.38	-72.04
129.71	-72.62
129.71	-72.62
131.68	-73.03
131.68	-73.03
133.55	-73.64
133.55	-73.64
135.49	-74.23
135.49	-74.23
135.96	-74.58
135.96	-74.58
136.74	-74.92
136.74	-74.92
137.15	-75.05
137.15	-75.05
138.12	-75.12
138.12	-75.12
138.41	-75.07
138.41	-75.07
138.14	-74.92
138.14	-74.92
138.83	-75.08
138.83	-75.08
140.52	-75.37
140.52	-75.37
145.63	-75.86
145.63	-75.86
149.54	-75.97
149.54	-75.97
150.83	-75.64
150.83	-75.64
150.99	-75.11
150.99	-75.11
151.74	-74.90
151.74	-74.90
154.62	-75.56
154.62	-75.56
157.44	-75.99
157.44	-75.99
159.08	-75.66
159.08	-75.66
159.66	-75.29
159.66	-75.29
159.58	-74.81
159.58	-74.81
159.69	-74.55
159.69	-74.55
159.76	-74.45
159.76	-74.45
160.40	-74.24
160.40	-74.24
161.34	-74.18
161.34	-74.18
161.85	-74.24
161.85	-74.24
162.04	-74.47
162.04	-74.47
162.56	-74.76
162.56	-74.76
161.69	-74.83
161.69	-74.83
161.10	-75.03
161.10	-75.03
161.50	-75.26
161.50	-75.26
161.86	-75.26
161.86	-75.26
160.54	-74.83
160.54	-74.83
158.83	-74.41
158.83	-74.41
154.61	-74.85
154.61	-74.85
150.52	-75.80
150.52	-75.80
147.55	-77.53
147.55	-77.53
143.28	-79.05
143.28	-79.05
141.80	-79.65
141.80	-79.65
139.42	-80.12
139.42	-80.12
135.76	-79.90
135.76	-79.90
131.12	-79.39
131.12	-79.39
125.25	-78.92
124.44	-78.77
122.83	-78.57
119.57	-78.42
118.77	-78.40
117.96	-78.09
117.96	-78.09
113.30	-77.87
111.44	-78.05
110.46	-78.04
109.89	-78.13
108.81	-78.29
108.07	-78.29
107.50	-78.43
107.50	-78.43
104.51	-79.57
102.47	-80.01
102.43	-80.12
101.84	-80.26
101.84	-80.26
101.63	-80.94
102.73	-81.10
102.78	-81.18
102.78	-81.18
106.23	-81.34
107.26	-81.20
109.41	-81.01
110.00	-80.98
109.61	-80.86
108.58	-80.78
108.80	-80.59
108.80	-80.59
107.00	-80.44
106.22	-80.52
105.99	-80.78
106.22	-80.83
105.96	-80.88
106.39	-80.88
106.09	-80.94
106.09	-80.94
108.80	-80.65
109.36	-80.54
110.21	-80.35
110.11	-80.20
109.81	-80.14
109.50	-80.14
109.82	-80.22
109.82	-80.22
109.20	-80.42
109.20	-80.42
108.00	-80.45
108.00	-80.45
106.97	-80.46
106.97	-80.46
107.85	-80.29
107.85	-80.29
107.37	-80.32
107.37	-80.32
106.95	-80.47
106.95	-80.47
106.83	-80.43
106.83	-80.43
106.64	-80.59
106.81	-80.59
106.81	-80.59
107.07	-80.67
107.07	-80.67
106.80	-80.92
106.80	-80.92
105.25	-80.87
105.25	-80.87
105.62	-80.69
105.62	-80.69
107.30	-80.74
107.30	-80.74
109.11	-81.02
109.11	-81.02
109.68	-80.80
109.68	-80.80
109.26	-80.58
109.26	-80.58
110.25	-80.61
110.25	-80.61
110.14	-80.75
110.14	-80.75
110.58	-80.81
110.58	-80.81
109.22	-80.60
109.22	-80.60
104.69	-80.01
104.69	-80.01
98.17	-78.89
98.17	-78.89
97.39	-78.86
97.39	-78.86
100.23	-79.61
100.23	-79.61
105.49	-80.45
105.49	-80.45
110.17	-80.63
110.17	-80.63
109.42	-80.24
109.42	-80.24
104.47	-79.92
104.47	-79.92
99.95	-79.57
99.95	-79.57
99.17	-79.79
99.17	-79.79
102.19	-80.20
102.19	-80.20
103.36	-80.45
103.36	-80.45
103.66	-80.14
103.66	-80.14
102.27	-79.75
102.27	-79.75
101.05	-79.68
101.05	-79.68
100.30	-79.74
100.30	-79.74
101.48	-80.01
101.48	-80.01
101.60	-80.10
101.60	-80.10
101.13	-79.92
101.13	-79.92
96.06	-79.16
96.06	-79.16
86.86	-77.12
86.86	-77.12
75.28	-72.10
75.28	-72.10
68.16	-65.65
68.16	-65.65
64.88	-59.80
64.88	-59.80
63.54	-54.20
63.54	-54.20
63.84	-48.23
63.84	-48.23
65.05	-42.30
65.05	-42.30
66.56	-36.00
66.56	-36.00
68.00	-30.66
68.00	-30.66
68.70	-27.17
68.70	-27.17
70.27	-23.36
70.27	-23.36
71.93	-19.49
73.16	-17.94
73.16	-17.94
75.53	-15.28
75.53	-15.28
77.35	-12.78
77.35	-12.78
77.99	-10.51
77.99	-10.51
78.73	-8.73
78.73	-8.73
79.18	-6.78
79.18	-6.78
80.43	-5.07
80.43	-5.07
82.01	-3.55
82.01	-3.55
83.36	-2.57
83.36	-2.57
84.39	-1.50
84.39	-1.50
85.34	-0.86
85.34	-0.86
86.03	0.25
86.03	0.25
86.85	0.44
86.85	0.44
87.34	0.79
87.34	0.79
87.88	1.63
87.88	1.63
88.60	2.38
88.60	2.38
89.00	2.93
89.00	2.93
89.11	3.40
89.11	3.40
89.41	3.61
89.41	3.61
89.76	3.65
89.76	3.65
89.97	3.61
89.97	3.61
90.22	3.63
90.22	3.63
90.30	3.63
90.28	3.58
90.28	3.58
90.36	3.72
90.36	3.72
90.44	3.69
90.44	3.69
90.38	3.74
90.38	3.74
90.47	3.76
90.47	3.76
90.53	3.62
90.53	3.62
90.57	3.75
90.57	3.75
90.41	3.99
90.41	3.99
90.38	3.95
90.38	3.95
90.26	4.05
90.26	4.05
90.21	4.20
90.21	4.20
90.15	4.29
90.15	4.29
90.26	4.55
90.26	4.55
90.52	4.81
90.52	4.81
91.08	5.34
91.08	5.34
92.81	6.28
92.81	6.28
94.23	7.12
94.23	7.12
96.25	7.56
96.25	7.56
99.95	8.47
99.95	8.47
104.79	9.19
104.79	9.19
108.98	9.93
108.98	9.93
112.25	10.45
112.25	10.45
114.87	11.11
115.75	11.19
116.81	11.24
117.73	11.21
118.97	11.16
120.00	11.08
121.10	10.85
122.38	10.72
123.54	10.59
123.54	10.59
126.41	11.14
126.41	11.14
128.97	11.39
128.97	11.39
130.94	11.54
130.94	11.54
133.46	11.38
133.46	11.38
136.94	10.92
136.94	10.92
139.65	10.87
139.65	10.87
142.38	10.45
142.38	10.45
144.89	10.16
144.89	10.16
147.48	9.54
147.48	9.54
149.55	8.83
149.55	8.83
151.92	8.42
152.34	8.33
152.34	8.33
154.17	8.38
154.17	8.38
156.24	8.62
156.24	8.62
158.19	9.06
158.19	9.06
160.14	9.12
160.14	9.12
162.27	8.99
162.27	8.99
164.57	9.02
164.57	9.02
167.36	9.26
167.36	9.26
169.29	9.64
169.29	9.64
171.17	9.92
171.17	9.92
172.90	10.02
172.90	10.02
173.78	9.84
173.78	9.84
173.48	9.20
173.48	9.20
173.81	8.78
173.81	8.78
174.38	8.76
174.38	8.76
174.91	8.57
174.91	8.57
175.02	8.57
175.02	8.57
175.05	8.28
175.05	8.28
175.13	8.10
175.13	8.10
175.16	8.19
175.16	8.19
174.97	8.18
174.97	8.18
174.71	8.07
174.71	8.07
175.00	7.72
175.09	7.69
175.09	7.69
175.53	7.45
175.53	7.45
176.23	7.64
176.23	7.64
177.14	7.16
177.14	7.16
179.30	5.53
179.30	5.53
