-170.77	7.04
-171.52	7.45
-171.76	7.12
-171.71	6.57
-171.61	6.62
-171.58	6.38
-171.46	5.80
-171.33	5.11
-171.21	4.85
-171.21	4.46
-171.14	4.26
-171.36	3.71
-171.65	2.55
-172.09	0.62
-172.74	-3.00
-173.55	-5.94
-174.52	-7.68
-175.27	-8.89
-176.21	-9.79
-176.87	-10.41
-177.59	-10.73
-177.92	-11.52
-177.81	-11.82
-177.61	-11.97
-177.35	-12.33
-177.01	-13.03
-176.83	-13.66
-176.62	-14.22
-176.33	-14.77
-176.17	-15.14
-176.01	-15.48
-175.73	-15.82
-175.30	-16.06
-174.95	-16.41
-174.70	-16.90
-174.29	-17.44
-174.17	-17.70
-174.02	-18.06
-173.85	-18.61
-173.44	-18.75
-173.09	-18.46
-172.99	-18.29
-173.04	-18.99
-173.03	-19.44
-173.20	-19.57
-173.28	-19.69
-173.48	-19.71
-173.80	-20.12
-174.17	-20.66
-174.88	-20.97
-175.61	-20.88
-176.28	-20.48
-177.20	-20.44
-178.01	-20.85
-179.00	-21.82
-179.90	-23.68
179.30	-26.63
178.19	-31.36
176.84	-35.15
175.92	-36.83
175.05	-38.84
174.45	-39.22
173.96	-39.58
173.63	-40.27
173.11	-40.86
172.79	-41.92
172.39	-43.22
172.15	-44.19
171.75	-45.05
171.19	-45.82
170.42	-46.01
170.43	-45.76
170.08	-45.46
169.60	-45.98
169.33	-45.78
169.40	-44.88
169.34	-45.18
169.33	-45.19
168.96	-44.39
168.48	-44.84
168.62	-43.24
168.70	-41.79
169.06	-40.00
169.06	-40.00
169.89	-37.63
170.31	-36.28
170.88	-35.58
171.56	-34.05
171.56	-34.05
173.10	-32.29
173.10	-32.29
175.11	-30.86
175.77	-30.28
177.01	-29.01
177.91	-28.14
179.11	-26.53
179.11	-26.53
-179.43	-24.77
-179.43	-24.77
-177.69	-26.18
-177.69	-26.18
-175.92	-26.59
-175.92	-26.59
-174.98	-25.62
-174.98	-25.62
-174.05	-25.07
-174.05	-25.07
-171.95	-24.66
-171.95	-24.66
-170.82	-25.08
-170.82	-25.08
-169.81	-25.82
-169.81	-25.82
-168.77	-25.68
-168.77	-25.68
-168.00	-25.04
-168.00	-25.04
-167.69	-25.12
-167.69	-25.12
-167.62	-26.40
-167.62	-26.40
-167.43	-27.43
-167.43	-27.43
-167.69	-30.35
-167.69	-30.35
-168.10	-32.20
-168.10	-32.20
-167.68	-33.62
-167.68	-33.62
-167.14	-35.89
-167.14	-35.89
-166.41	-39.15
-166.41	-39.15
-165.25	-42.81
-165.25	-42.81
-164.32	-45.41
-164.32	-45.41
-163.60	-47.53
-163.60	-47.53
-161.07	-48.56
-161.07	-48.56
-157.11	-49.20
-157.11	-49.20
-152.79	-49.70
-152.79	-49.70
-148.31	-50.25
-148.31	-50.25
-144.96	-50.77
-144.96	-50.77
-141.21	-51.53
-141.21	-51.53
-136.78	-52.39
-136.78	-52.39
-132.13	-53.75
-132.13	-53.75
-128.24	-53.68
-128.24	-53.68
-124.90	-53.83
-124.90	-53.83
-121.78	-53.77
-121.78	-53.77
-120.96	-54.32
-120.96	-54.32
-120.77	-54.39
-121.08	-54.25
-121.93	-54.12
-123.00	-53.91
-124.80	-53.65
-126.19	-53.38
-127.55	-53.21
-129.16	-53.21
-130.60	-52.94
-131.90	-52.78
-133.71	-52.56
-136.23	-52.14
-138.12	-51.64
-141.19	-51.10
-143.26	-50.69
-145.55	-50.38
-147.62	-50.05
-150.52	-49.27
-153.55	-47.98
-156.01	-46.95
-158.48	-45.73
-160.45	-44.91
-162.08	-43.94
-163.19	-43.27
-163.88	-42.84
-164.38	-42.30
-164.38	-42.30
-165.34	-41.26
-165.34	-41.26
-166.91	-40.52
-166.91	-40.52
-169.22	-40.24
-169.77	-40.06
-170.23	-40.17
-170.23	-40.17
-170.76	-40.41
-170.76	-40.41
-170.96	-40.08
-170.96	-40.08
-172.53	-38.96
-172.53	-38.96
-174.07	-38.73
-174.07	-38.73
-175.02	-38.49
-175.02	-38.49
-174.94	-37.74
-174.94	-37.74
-173.28	-35.57
-173.28	-35.57
-170.56	-34.55
-170.56	-34.55
-166.72	-33.35
-166.72	-33.35
-162.44	-33.18
-162.44	-33.18
-158.63	-31.02
-158.63	-31.02
-155.67	-30.92
-155.67	-30.92
-154.25	-29.62
-154.25	-29.62
-153.97	-29.18
-153.97	-29.18
-155.06	-30.61
-155.06	-30.61
-156.59	-30.21
-156.59	-30.21
-158.76	-29.02
-158.76	-29.02
-161.69	-26.76
-161.69	-26.76
-163.69	-26.25
-163.69	-26.25
-165.68	-26.47
-165.68	-26.47
-167.91	-25.85
-167.91	-25.85
-171.11	-26.09
-171.11	-26.09
-174.64	-26.15
-174.64	-26.15
-177.40	-27.11
-177.40	-27.11
179.80	-28.18
179.80	-28.18
176.43	-28.63
176.43	-28.63
173.59	-28.70
173.59	-28.70
170.62	-29.28
170.62	-29.28
168.27	-30.00
168.27	-30.00
166.28	-30.96
166.28	-30.96
165.53	-31.94
165.53	-31.94
164.91	-32.96
164.91	-32.96
162.94	-33.82
162.94	-33.82
159.63	-35.60
159.63	-35.60
155.97	-36.85
155.97	-36.85
152.13	-37.54
150.41	-38.16
149.12	-38.07
148.57	-37.92
148.57	-37.92
148.78	-37.68
148.74	-37.54
148.69	-37.67
148.33	-38.11
148.28	-37.86
148.32	-37.71
148.84	-37.45
149.88	-37.48
150.61	-37.40
151.21	-37.39
151.34	-37.38
150.91	-37.40
150.13	-37.91
149.02	-37.92
147.43	-37.87
145.54	-39.13
142.29	-40.78
138.69	-42.19
134.69	-42.84
130.79	-43.43
126.91	-43.78
123.50	-44.29
120.71	-44.55
118.35	-44.98
116.40	-45.17
114.19	-45.50
112.21	-45.66
110.98	-45.81
110.98	-45.81
108.64	-46.20
108.64	-46.20
107.21	-45.79
107.21	-45.79
106.96	-44.97
106.96	-44.97
108.67	-44.91
108.67	-44.91
112.00	-44.41
112.00	-44.41
115.29	-43.56
118.02	-43.38
118.02	-43.38
123.53	-42.52
127.70	-42.01
127.70	-42.01
133.10	-41.36
136.48	-41.08
136.48	-41.08
142.20	-42.26
142.20	-42.26
147.06	-42.17
147.06	-42.17
151.13	-41.66
153.87	-41.75
153.87	-41.75
157.31	-42.56
158.87	-43.05
158.87	-43.05
160.31	-43.59
161.70	-43.06
161.70	-43.06
164.35	-41.85
164.35	-41.85
166.26	-41.92
167.71	-40.95
167.71	-40.95
170.15	-41.44
170.15	-41.44
172.28	-43.05
172.28	-43.05
174.02	-42.49
174.90	-42.79
174.90	-42.79
174.86	-43.72
174.86	-43.72
174.75	-45.90
175.49	-45.65
175.49	-45.65
174.88	-45.46
173.26	-45.46
173.26	-45.46
170.10	-45.64
168.46	-45.12
168.46	-45.12
166.31	-45.92
166.31	-45.92
164.96	-45.99
164.96	-45.99
163.29	-46.28
163.29	-46.28
160.74	-49.17
160.74	-49.17
157.02	-52.53
157.02	-52.53
152.55	-55.31
152.55	-55.31
147.40	-58.88
147.40	-58.88
141.97	-61.63
141.97	-61.63
136.84	-63.08
135.28	-63.64
132.95	-64.67
132.42	-64.35
131.91	-63.94
132.28	-63.35
131.83	-63.83
130.56	-65.64
131.22	-66.39
132.53	-66.58
132.29	-66.43
132.49	-64.53
133.44	-63.23
133.17	-63.35
133.17	-63.35
135.74	-64.44
137.73	-64.77
137.73	-64.77
140.17	-65.84
140.17	-65.84
139.09	-66.39
139.09	-66.39
136.18	-66.35
136.18	-66.35
136.29	-67.58
136.29	-67.58
130.99	-68.65
130.99	-68.65
126.58	-66.65
126.58	-66.65
128.65	-65.71
128.65	-65.71
131.29	-65.97
131.29	-65.97
133.92	-65.22
133.92	-65.22
135.46	-63.25
135.46	-63.25
133.68	-61.35
133.68	-61.35
133.38	-59.88
133.40	-58.43
133.40	-58.43
132.65	-58.19
132.65	-58.19
132.26	-59.34
132.26	-59.34
133.32	-58.09
133.32	-58.09
135.19	-57.32
135.19	-57.32
137.21	-55.65
137.21	-55.65
138.51	-53.74
138.51	-53.74
141.25	-52.54
141.25	-52.54
144.38	-51.97
144.38	-51.97
146.52	-51.34
146.52	-51.34
149.39	-49.81
151.22	-49.15
151.22	-49.15
153.82	-49.06
153.82	-49.06
155.04	-49.40
155.04	-49.40
155.35	-46.74
156.02	-44.54
156.82	-42.59
158.73	-39.46
158.73	-39.46
162.12	-35.29
163.17	-33.60
163.77	-32.37
164.90	-30.09
164.90	-30.09
168.10	-26.08
168.95	-24.99
169.79	-24.00
169.79	-24.00
172.09	-23.03
172.09	-23.03
173.93	-22.75
173.93	-22.75
176.55	-21.98
176.55	-21.98
178.48	-21.82
178.69	-21.83
178.45	-22.35
178.45	-22.35
178.28	-22.04
178.28	-22.04
177.08	-21.80
176.65	-21.28
176.65	-21.28
174.07	-21.15
174.07	-21.15
171.26	-20.90
169.37	-20.64
167.26	-20.25
167.26	-20.25
164.35	-18.75
163.49	-18.11
162.40	-17.65
162.22	-17.08
161.69	-16.91
160.80	-17.51
159.55	-17.65
158.92	-17.33
159.59	-17.10
160.45	-17.48
161.60	-18.33
163.30	-18.94
164.66	-19.63
166.00	-20.97
167.02	-22.68
167.80	-23.99
167.80	-23.99
169.45	-25.89
169.45	-25.89
172.75	-27.08
172.75	-27.08
177.32	-28.10
177.32	-28.10
-174.96	-27.22
-174.96	-27.22
-166.20	-25.03
-166.20	-25.03
-159.14	-24.53
-159.14	-24.53
-152.45	-23.51
-152.45	-23.51
-145.78	-23.85
-145.78	-23.85
-139.66	-25.22
-139.66	-25.22
-133.41	-25.90
-133.41	-25.90
-129.18	-25.20
-129.18	-25.20
-124.00	-24.77
-124.00	-24.77
-117.44	-23.76
-117.44	-23.76
-111.44	-25.23
-111.44	-25.23
-106.99	-25.53
-106.99	-25.53
-103.53	-24.85
-102.32	-25.84
-101.89	-25.83
-102.03	-25.70
-103.00	-25.71
-104.26	-25.86
-105.75	-25.89
-107.40	-25.69
-108.96	-25.80
-110.35	-25.72
-111.87	-25.65
-113.38	-25.45
-114.68	-25.66
-116.24	-25.93
-118.33	-26.01
-120.67	-26.78
-122.46	-26.67
-123.77	-26.46
-124.82	-25.89
-124.82	-25.89
-126.65	-25.12
-127.41	-24.87
-128.54	-25.58
-128.54	-25.58
-132.16	-27.50
-134.80	-29.29
-134.80	-29.29
-137.49	-30.77
-138.45	-31.07
-138.53	-31.41
-139.09	-31.22
-139.38	-31.10
-140.17	-31.47
-141.11	-32.16
-141.59	-32.56
-141.48	-32.71
-140.93	-33.01
-139.67	-33.78
-138.61	-34.65
-137.91	-34.85
-136.31	-35.46
-135.15	-35.73
-133.39	-35.83
-131.67	-35.21
-130.02	-34.16
-130.02	-34.16
-127.37	-32.08
-126.15	-31.08
-125.38	-30.53
-124.66	-30.26
-124.04	-29.98
-123.36	-28.97
-123.00	-28.22
-122.96	-27.61
-123.11	-26.94
-123.13	-26.28
-124.11	-25.82
-126.02	-25.62
-127.73	-25.63
-129.61	-25.80
-131.26	-25.97
-132.85	-26.28
-133.71	-26.72
-134.57	-26.97
-135.30	-27.31
-135.76	-27.57
-135.71	-27.63
-135.57	-27.30
-135.48	-27.75
-135.09	-27.86
-134.57	-27.66
-133.67	-27.81
-132.80	-27.94
-132.14	-28.11
-131.72	-28.34
-131.48	-28.36
-131.37	-28.20
-131.32	-27.85
-130.97	-27.21
-130.26	-26.73
-129.22	-25.72
-129.22	-25.72
-125.69	-24.06
-125.69	-24.06
-120.53	-22.33
-118.13	-21.73
-115.50	-20.76
-113.21	-20.92
-110.29	-19.96
-107.82	-18.84
-105.71	-18.66
-104.29	-18.43
-102.92	-18.10
-101.14	-18.30
-98.89	-18.58
-96.49	-18.91
-94.46	-19.36
-92.58	-19.63
-90.60	-19.43
-88.90	-19.41
-87.00	-19.51
-85.44	-19.32
-84.05	-19.54
-82.42	-20.31
-81.26	-20.81
-80.21	-20.74
-79.33	-20.47
-78.72	-19.99
-78.20	-19.75
-77.39	-19.64
-76.18	-19.48
-74.49	-19.39
-72.86	-19.76
-70.65	-20.27
-68.33	-20.36
-65.92	-20.41
-63.21	-20.25
-60.40	-19.86
-57.41	-19.64
-54.91	-19.75
-52.33	-19.79
-50.22	-19.95
-48.23	-19.99
-46.40	-20.00
-44.23	-20.21
-42.42	-20.68
-40.91	-21.31
-39.49	-21.72
-38.07	-22.48
-36.60	-22.94
-35.52	-23.06
-34.54	-23.55
-33.96	-24.02
-33.74	-24.26
-33.82	-24.60
-33.55	-24.74
-32.90	-25.04
-32.35	-25.46
-31.58	-26.18
-30.64	-26.33
-29.57	-26.33
-28.59	-26.35
-27.99	-26.35
-27.84	-26.38
-27.09	-26.25
-26.52	-26.12
-25.70	-25.96
-24.62	-25.48
-23.36	-25.15
-22.06	-24.90
-20.29	-24.88
-18.60	-25.70
-16.06	-27.06
-14.28	-26.07
-14.03	-25.76
-12.45	-25.52
-10.34	-25.27
-8.06	-24.93
-5.92	-25.31
-3.78	-25.73
-2.14	-26.12
-0.63	-26.27
0.80	-26.59
2.02	-27.15
2.77	-27.44
3.41	-27.93
3.89	-28.47
4.30	-29.25
4.54	-29.77
4.54	-30.07
4.58	-30.51
4.34	-30.66
4.03	-30.84
3.63	-30.91
3.14	-31.10
2.57	-31.45
2.56	-31.98
2.59	-32.53
2.67	-32.54
3.10	-31.97
3.52	-31.32
4.46	-31.05
5.44	-31.12
5.95	-31.18
5.70	-31.14
5.43	-31.26
4.98	-30.98
4.66	-30.48
4.26	-29.44
4.23	-28.91
3.97	-28.95
3.95	-29.44
3.78	-29.70
3.48	-30.26
2.71	-30.33
1.51	-30.13
0.13	-29.27
-0.76	-28.97
-0.97	-29.69
-0.78	-29.30
-0.66	-28.51
-0.70	-28.38
-0.54	-28.20
-0.60	-27.96
-0.92	-26.81
-0.60	-26.15
-0.46	-25.05
-1.27	-23.69
-1.41	-23.07
-1.65	-23.12
-1.98	-23.79
-1.98	-23.79
-1.95	-26.16
-1.50	-27.15
-0.79	-28.30
-0.44	-29.14
-0.24	-30.06
-0.78	-30.76
-1.01	-31.65
-1.36	-31.67
-1.37	-31.77
-1.44	-32.42
-1.92	-32.10
-2.00	-31.25
-2.11	-30.32
-2.11	-29.44
-1.97	-28.89
-1.71	-28.72
-1.64	-28.60
-1.74	-28.37
-1.99	-28.19
-2.21	-28.15
-2.34	-27.97
-1.87	-28.01
-1.45	-28.61
-0.35	-30.51
0.73	-32.31
0.92	-33.17
0.17	-34.01
-0.56	-33.79
-1.02	-33.93
-1.22	-33.44
-1.20	-32.84
-1.58	-33.04
-1.76	-32.01
-1.76	-31.11
-1.42	-30.53
-1.28	-29.75
-1.07	-29.78
-1.35	-30.15
-1.58	-31.01
-1.80	-31.76
-1.98	-32.48
-2.27	-33.09
-2.65	-33.72
-2.82	-34.36
-2.99	-35.20
-2.96	-35.94
-3.09	-36.59
-3.18	-37.28
-3.30	-38.06
-3.47	-38.37
-3.55	-38.34
-3.41	-37.93
-3.28	-37.26
-3.61	-36.89
-3.90	-36.74
-4.07	-36.47
-4.09	-36.21
-4.03	-36.17
-3.72	-36.28
-3.55	-36.27
-3.21	-36.41
-3.12	-36.41
-3.47	-36.18
-3.39	-35.97
-3.42	-35.73
-3.43	-35.53
-3.42	-35.41
-3.46	-35.24
-3.33	-34.95
-3.61	-34.95
-3.73	-34.89
-3.84	-35.02
-3.81	-35.09
-3.78	-35.13
-3.84	-35.28
-4.05	-35.31
-4.16	-35.35
-4.37	-35.32
-4.34	-35.40
-4.45	-35.36
-4.32	-35.29
-4.37	-35.08
-4.37	-34.76
-4.40	-34.35
-4.31	-33.88
-4.28	-33.07
-4.34	-32.18
-4.29	-31.12
-4.40	-29.96
-4.25	-28.89
-4.34	-27.97
-4.45	-27.48
-4.43	-27.03
-4.31	-26.85
-4.13	-27.37
-4.20	-27.63
-4.33	-27.81
-4.39	-28.02
-4.13	-28.29
-3.83	-28.63
-3.56	-29.17
-3.36	-29.35
-3.54	-29.98
-3.65	-30.78
-3.80	-31.21
-3.79	-31.44
-3.78	-32.25
-3.63	-32.85
-3.59	-33.10
-3.63	-33.60
-3.47	-34.34
-3.33	-35.02
-3.25	-35.49
-3.42	-35.77
-3.42	-35.77
-3.68	-36.02
-3.48	-36.41
-3.44	-36.47
-3.51	-36.66
-3.76	-36.50
-3.93	-35.79
-4.08	-34.96
-4.10	-34.36
-4.04	-33.46
-4.21	-31.71
-4.54	-29.06
-4.57	-25.83
-4.34	-22.60
-4.05	-19.48
-3.47	-16.65
-2.96	-13.36
-2.65	-10.91
-2.39	-8.31
-2.21	-6.10
-2.21	-6.10
-1.86	-2.07
-1.69	-0.91
-1.48	0.49
-1.31	0.98
-1.17	1.27
-1.03	1.36
-1.07	1.01
-1.17	1.05
-1.23	0.95
-1.13	0.93
-1.20	0.64
-1.23	-0.24
-1.31	-1.86
-1.26	-4.47
-0.98	-8.55
-0.86	-13.94
-0.62	-19.00
-0.17	-22.15
-0.19	-25.26
-0.57	-28.48
-1.25	-30.20
-1.48	-30.85
-1.68	-30.95
-1.83	-31.10
-1.95	-31.01
-2.07	-30.79
-2.21	-30.62
-2.15	-30.82
-2.21	-30.87
-2.11	-31.03
-2.05	-31.58
-2.09	-32.18
-1.96	-32.88
-1.85	-33.90
-1.84	-34.66
-1.81	-35.63
-1.86	-37.18
-1.94	-38.76
-2.17	-40.01
-2.48	-41.21
-2.38	-42.17
-2.42	-42.96
-2.59	-43.26
-3.01	-43.28
-3.36	-43.61
-3.92	-43.90
-4.34	-43.99
-4.63	-43.90
-4.69	-43.78
-4.73	-44.00
-4.50	-44.02
-4.30	-43.57
-4.14	-43.22
-4.03	-42.76
-4.32	-42.24
-4.68	-41.69
-5.02	-40.89
-5.45	-39.92
-5.65	-38.76
-6.17	-37.03
-6.78	-35.43
-7.37	-33.96
-8.07	-32.74
-8.24	-31.97
-8.39	-31.32
-8.40	-30.69
-8.36	-30.53
-8.12	-29.64
-8.22	-28.18
-8.17	-25.94
-8.47	-23.29
-8.42	-20.47
-7.90	-18.47
-7.33	-16.79
-6.95	-15.52
-6.99	-14.79
-7.07	-14.88
-7.15	-15.38
-7.30	-16.03
-7.21	-17.06
-7.19	-17.86
-7.30	-18.79
-7.54	-19.81
-7.66	-20.29
-7.87	-19.94
-7.94	-19.04
-7.92	-18.19
-7.76	-17.67
-7.64	-16.40
-7.41	-14.85
-7.36	-12.76
-7.21	-10.07
-7.13	-8.54
-6.86	-7.93
-6.63	-7.48
-6.14	-7.00
-5.91	-6.16
-5.45	-4.77
-4.60	-2.83
-3.55	-0.84
-2.61	1.46
-1.79	3.71
-1.17	5.54
-0.30	7.46
0.64	9.12
1.80	10.51
2.40	11.07
3.11	11.45
3.69	12.24
4.08	12.80
4.34	13.17
4.87	13.49
6.00	13.08
7.20	12.19
9.17	10.23
11.85	7.42
15.18	5.67
18.20	5.49
20.45	4.45
22.39	3.85
23.72	3.44
24.41	2.54
24.62	2.57
24.70	3.08
24.64	3.22
24.25	3.09
24.29	2.60
24.89	1.79
26.67	0.67
28.94	-1.42
31.41	-3.91
34.02	-6.84
36.79	-9.22
38.84	-9.87
40.26	-11.04
41.67	-12.47
42.12	-12.56
42.92	-12.79
44.46	-13.11
45.83	-13.77
47.36	-14.13
48.62	-14.31
48.85	-14.33
48.31	-14.15
46.98	-14.00
45.19	-13.76
43.06	-13.41
40.58	-13.10
37.68	-13.17
34.60	-13.36
30.89	-13.29
27.64	-13.48
24.31	-13.76
21.07	-13.97
18.38	-14.08
15.32	-14.34
12.89	-14.61
10.65	-14.92
8.72	-15.56
7.48	-16.48
6.47	-17.30
6.10	-18.00
5.74	-18.36
5.73	-18.74
5.90	-19.00
6.08	-19.50
6.35	-19.90
6.38	-20.32
6.25	-20.80
6.32	-21.12
6.40	-21.23
6.48	-21.26
6.47	-21.26
6.35	-21.14
6.23	-20.83
6.33	-20.53
6.80	-20.22
7.14	-20.12
7.19	-20.46
7.07	-20.34
7.09	-20.09
7.04	-19.97
7.16	-19.94
7.15	-19.86
7.25	-20.05
7.36	-20.09
7.35	-20.20
7.03	-20.02
6.60	-19.12
6.68	-18.47
6.79	-17.67
6.45	-16.80
6.06	-16.17
5.85	-15.49
5.24	-15.36
4.52	-14.84
4.40	-14.74
4.01	-14.75
3.76	-14.41
3.67	-14.94
3.69	-15.20
3.98	-14.36
4.20	-13.60
4.43	-13.44
4.62	-13.57
4.92	-13.53
5.03	-13.13
5.03	-12.42
4.90	-11.55
5.07	-10.78
4.87	-10.30
4.74	-9.73
4.79	-9.54
4.73	-9.37
4.26	-9.51
4.30	-9.72
4.47	-9.33
4.78	-9.00
4.74	-8.02
4.85	-7.45
4.57	-6.83
4.18	-7.12
3.80	-7.43
3.66	-7.79
3.75	-8.30
3.74	-8.40
3.53	-8.67
3.19	-8.57
2.89	-8.19
2.77	-7.99
2.32	-7.55
2.09	-6.81
1.90	-6.45
1.68	-6.47
1.51	-6.39
1.22	-6.10
1.18	-5.36
1.11	-4.40
1.07	-3.99
1.06	-3.43
0.87	-3.20
0.79	-2.39
0.86	-1.54
1.13	-0.82
1.36	-0.39
1.22	-0.03
1.04	0.89
1.04	1.51
1.21	2.09
1.50	2.73
1.74	3.22
1.88	3.41
1.85	3.55
1.79	3.15
1.78	2.59
2.14	2.22
2.79	1.04
3.88	-0.96
4.83	-2.29
5.65	-3.36
6.03	-3.84
6.06	-3.99
6.31	-3.86
6.21	-3.24
5.95	-2.87
5.93	-1.99
6.58	-1.84
8.11	-2.15
9.82	-3.31
11.37	-4.17
12.56	-3.83
13.35	-3.75
13.76	-4.79
14.46	-5.75
15.70	-5.75
15.70	-5.75
16.91	-5.86
16.91	-5.86
17.44	-5.89
17.28	-6.70
16.74	-6.27
16.27	-5.85
15.35	-5.21
13.98	-4.74
12.99	-4.63
11.28	-4.76
11.28	-4.76
9.93	-7.02
9.93	-7.02
10.20	-8.52
10.20	-8.52
9.47	-8.32
8.88	-8.23
7.42	-7.98
7.31	-8.42
8.81	-8.81
10.37	-8.87
10.37	-8.87
9.12	-9.13
8.66	-10.18
8.66	-10.18
8.54	-10.88
8.54	-10.88
7.98	-10.59
6.73	-10.40
6.73	-10.40
6.15	-10.18
6.15	-10.18
6.17	-9.64
6.17	-9.64
6.59	-9.44
6.59	-9.44
6.73	-9.57
6.73	-9.57
6.68	-9.37
6.68	-9.37
7.39	-8.98
7.39	-8.98
7.94	-7.85
7.94	-7.85
8.68	-6.93
9.07	-5.14
9.07	-5.14
9.54	-3.67
9.54	-3.67
10.33	-3.03
11.47	-2.38
11.47	-2.38
13.59	-1.82
13.59	-1.82
15.17	-2.98
15.17	-2.98
15.94	-5.15
15.94	-5.15
17.14	-6.50
17.14	-6.50
18.12	-5.84
18.49	-6.15
18.49	-6.15
19.18	-7.30
19.18	-7.30
20.14	-7.30
20.14	-7.30
20.39	-6.93
20.39	-6.93
19.88	-6.71
19.88	-6.71
19.91	-6.60
19.91	-6.60
19.73	-6.99
19.73	-6.99
19.94	-6.85
19.94	-6.85
20.09	-6.89
20.09	-6.89
20.02	-6.92
19.36	-7.45
19.36	-7.45
18.47	-7.20
18.36	-6.36
18.36	-6.36
18.14	-6.81
17.51	-6.99
17.51	-6.99
16.57	-6.18
16.57	-6.18
15.62	-6.91
15.62	-6.91
15.00	-6.53
15.00	-6.53
13.91	-5.85
13.25	-5.27
13.25	-5.27
12.14	-5.45
12.14	-5.45
10.72	-3.89
9.70	-4.26
9.70	-4.26
8.53	-5.81
8.53	-5.81
7.00	-8.60
7.00	-8.60
6.43	-9.25
6.43	-9.25
6.56	-9.50
6.56	-9.50
7.06	-9.94
7.06	-9.94
6.96	-11.17
6.96	-11.17
6.42	-10.83
6.42	-10.83
5.94	-10.13
5.94	-10.13
5.77	-10.94
5.77	-10.94
5.13	-10.63
3.99	-10.45
3.99	-10.45
3.09	-11.49
3.09	-11.49
2.02	-11.97
2.02	-11.97
0.52	-12.63
0.52	-12.63
-1.08	-13.36
-2.17	-14.67
-2.17	-14.67
-4.22	-15.56
-4.22	-15.56
-6.55	-15.78
-6.55	-15.78
-7.76	-15.66
-7.76	-15.66
-8.40	-14.95
-8.40	-14.95
-8.19	-14.90
-7.72	-15.08
-7.72	-15.08
-7.00	-15.81
-6.18	-16.01
-6.18	-16.01
-5.41	-16.03
-4.88	-15.92
-4.88	-15.92
-4.71	-16.18
-4.89	-16.53
-4.89	-16.53
-5.30	-16.51
-5.46	-16.06
-5.46	-16.06
-5.22	-15.68
-5.14	-15.64
-5.14	-15.64
-4.94	-16.03
-4.94	-16.17
-4.94	-16.17
-4.83	-16.41
-4.44	-16.53
-4.44	-16.53
-4.18	-16.54
-4.05	-16.51
-4.05	-16.51
-4.04	-16.39
-4.16	-16.09
-4.16	-16.09
-4.39	-15.89
-4.59	-15.48
-4.59	-15.48
-4.77	-15.19
-4.49	-14.13
-4.49	-14.13
-4.30	-12.35
-4.89	-11.19
-4.89	-11.19
-5.11	-11.22
-5.26	-11.26
-5.26	-11.26
-5.13	-11.32
-5.27	-10.77
-5.27	-10.77
-5.57	-10.21
-5.57	-10.21
-5.73	-9.76
-5.84	-9.98
-5.84	-9.98
-6.25	-10.61
-6.25	-10.61
-6.32	-10.99
-6.32	-10.99
-6.70	-10.25
-6.79	-9.77
-6.79	-9.77
-6.00	-9.95
-6.01	-9.90
-6.01	-9.90
-6.21	-10.40
-6.18	-10.74
-6.18	-10.74
-6.03	-11.25
-5.79	-11.58
-5.79	-11.58
-5.90	-11.35
-5.80	-11.50
-5.80	-11.50
-5.81	-11.38
-6.31	-10.87
-6.31	-10.87
-6.83	-10.16
-6.83	-10.16
-7.43	-7.85
-7.43	-7.85
-7.68	-6.16
-7.68	-6.16
-7.73	-5.65
-7.73	-5.65
-6.46	-5.66
-6.46	-5.66
-4.89	-4.76
-4.89	-4.76
-4.55	-5.01
-4.66	-4.90
-4.70	-5.34
-4.70	-5.34
-4.96	-5.80
-5.06	-6.10
-5.06	-6.10
-5.06	-6.50
-4.98	-6.73
-4.98	-6.73
-4.82	-7.12
-4.71	-7.38
-4.71	-7.38
-4.83	-7.35
-4.65	-7.16
-4.65	-7.16
-4.53	-6.73
-4.53	-6.73
-4.79	-6.26
-4.79	-6.26
-5.07	-5.80
-5.07	-5.80
-5.14	-5.35
-5.14	-5.35
-5.31	-3.61
-5.31	-3.61
-5.12	-2.02
-5.12	-2.02
-5.03	-0.55
-5.03	-0.55
-5.07	-1.31
-5.07	-1.31
-4.67	-1.53
-4.67	-1.53
-5.00	-1.35
-5.00	-1.35
-5.08	-1.18
-5.08	-1.18
-4.78	-1.93
-4.78	-1.93
-4.66	-2.16
-4.66	-2.16
-4.94	-2.90
-4.94	-2.90
-5.01	-3.00
-5.24	-3.28
-5.24	-3.28
-5.34	-3.41
-5.34	-3.41
-5.24	-3.34
-5.24	-3.34
-5.35	-3.40
-5.35	-3.40
-5.15	-3.99
-5.15	-3.99
-4.74	-3.92
-4.74	-3.92
-4.95	-3.10
-4.95	-3.10
-4.90	-3.31
-4.90	-3.31
-4.69	-3.88
-4.69	-3.88
-4.99	-4.89
-4.99	-4.89
-5.72	-5.00
-5.72	-5.00
-5.93	-5.01
-5.93	-5.01
-6.19	-5.01
-6.19	-5.01
-6.94	-5.06
-7.18	-5.30
-7.18	-5.30
-7.90	-5.42
-7.90	-5.42
-8.58	-5.40
-8.58	-5.40
-9.29	-5.62
-9.29	-5.62
-10.45	-5.89
-10.45	-5.89
-11.52	-5.86
-11.52	-5.86
-12.38	-6.10
-12.38	-6.10
-13.62	-5.78
-14.70	-5.80
-14.70	-5.80
-17.18	-6.08
-17.18	-6.08
-20.37	-6.60
-20.37	-6.60
-23.94	-6.25
-23.94	-6.25
-25.69	-5.50
-25.69	-5.50
-25.04	-4.77
-25.04	-4.77
-23.64	-4.82
-23.28	-4.63
-23.28	-4.63
-23.93	-3.23
-23.93	-3.23
-24.82	-1.29
-24.82	-1.29
-26.30	1.04
-27.53	2.37
-27.53	2.37
-28.71	3.23
-28.71	3.23
-29.93	3.78
-29.93	3.78
-30.88	3.40
-31.17	3.10
-31.17	3.10
-31.43	2.69
-31.43	2.69
-32.71	1.23
-32.71	1.23
-34.58	-2.35
-35.84	-5.05
-35.84	-5.05
-37.03	-5.57
-37.03	-5.57
-37.63	-7.21
-37.63	-7.21
-38.39	-9.95
-38.39	-9.95
-37.49	-9.45
-37.49	-9.45
-36.28	-9.96
-35.38	-10.40
-35.38	-10.40
-33.38	-11.22
-33.38	-11.22
-30.83	-12.12
-30.83	-12.12
-27.77	-12.82
-27.77	-12.82
-23.72	-13.33
-23.72	-13.33
-20.35	-13.26
-20.35	-13.26
-18.49	-13.01
-18.49	-13.01
-17.92	-12.41
-17.92	-12.41
-16.98	-12.10
-16.98	-12.10
-15.61	-11.81
-14.66	-11.14
-14.66	-11.14
-14.01	-10.06
-14.01	-10.06
-13.52	-8.57
-13.52	-8.57
-13.42	-5.32
-13.42	-5.32
-13.61	-3.07
-13.61	-3.07
-14.14	-2.68
-14.14	-2.68
-14.51	-2.20
-14.51	-2.20
-14.05	-1.99
-14.05	-1.99
-12.60	-1.75
-12.60	-1.75
-11.29	-1.60
-11.29	-1.60
-10.55	-2.04
-10.55	-2.04
-9.70	-3.00
-9.70	-3.00
-9.11	-3.32
-8.57	-3.86
-8.57	-3.86
-8.02	-4.52
-8.02	-4.52
-8.19	-4.35
-8.19	-4.35
-8.60	-4.34
-8.60	-4.34
-8.72	-4.35
-8.72	-4.35
-8.75	-3.75
-8.75	-3.75
-8.87	-2.40
-8.87	-2.40
-8.80	-1.13
-8.80	-1.13
-8.36	-0.02
-6.79	2.63
-6.79	2.63
-5.17	6.91
-5.17	6.91
-4.94	8.38
-4.94	8.38
-5.27	9.61
-5.27	9.61
-5.04	10.13
-4.89	10.02
-4.66	9.65
-4.66	9.65
-4.57	8.94
-4.57	8.94
-5.15	7.76
-5.15	7.76
-5.61	6.64
-5.61	6.64
-5.93	5.97
-5.93	5.97
-6.19	6.18
-6.40	6.18
-6.55	6.14
-6.55	6.14
-6.22	5.86
-6.22	5.86
-5.40	4.54
-5.40	4.54
-4.90	4.10
-4.90	4.10
-5.50	4.01
-5.98	4.29
-5.98	4.29
-6.35	4.96
-6.35	4.96
-6.72	4.90
-6.72	4.90
-7.08	4.66
-7.59	4.14
-7.59	4.14
-8.08	4.19
-8.08	4.19
-8.36	3.59
-8.36	3.59
-8.50	2.87
-8.50	2.87
-8.87	1.06
-8.87	1.06
-9.08	-0.73
-9.08	-0.73
-9.50	-2.04
-9.50	-2.04
-9.93	-4.91
-9.93	-4.91
-10.85	-8.47
-10.85	-8.47
-12.81	-14.87
-12.81	-14.87
-13.92	-19.17
-13.92	-19.17
-13.83	-20.73
-13.83	-20.73
-13.26	-21.41
-13.26	-21.41
-13.32	-21.51
-13.43	-21.27
-13.76	-20.89
-13.80	-20.86
-13.80	-20.86
-13.84	-20.94
-13.84	-20.94
-13.53	-20.99
-13.49	-21.03
-13.33	-21.14
-13.33	-21.14
-13.36	-21.22
-13.36	-21.22
-13.59	-21.10
-13.65	-21.02
-13.65	-21.02
-14.08	-20.92
-14.08	-20.92
-14.52	-20.97
-14.69	-20.75
-14.69	-20.75
-14.79	-20.60
-14.77	-20.56
-14.76	-20.48
-14.89	-20.24
-14.89	-20.24
-15.13	-19.89
-15.42	-19.51
-15.42	-19.51
-15.98	-18.70
-16.41	-18.45
-17.18	-17.71
-18.01	-17.22
-19.24	-16.48
-19.24	-16.48
-21.14	-15.67
-22.27	-15.12
-22.27	-15.12
-23.21	-14.90
-23.35	-14.98
-23.35	-14.98
-22.98	-14.98
-23.00	-15.08
-22.94	-15.07
-22.80	-15.01
-22.80	-15.01
-22.74	-14.98
-22.60	-15.07
-22.64	-14.87
-22.64	-14.87
-22.34	-14.37
-22.34	-14.37
-22.09	-13.57
-21.85	-12.61
-21.85	-12.61
-21.74	-10.94
-21.86	-9.84
-21.86	-9.84
-21.00	-7.88
-21.00	-7.88
-20.78	-6.58
-21.34	-5.04
-22.25	-3.51
-22.25	-3.51
-22.47	-2.45
-22.25	-1.90
-22.25	-1.90
-21.63	-1.21
-21.47	-0.80
-21.47	-0.80
-22.12	-0.20
-22.12	-0.20
-22.64	-0.50
-22.68	-0.71
-22.64	-0.58
-22.24	0.55
-22.24	0.55
-21.87	1.55
-22.08	1.44
-22.41	1.01
-22.85	0.32
-22.80	-0.04
-22.30	-0.16
-21.86	-0.12
-21.57	-0.24
-21.57	-0.24
-21.69	-0.82
-21.90	-1.11
-22.16	-1.28
-21.97	-1.47
-21.33	-1.68
-21.33	-1.68
-20.88	-1.78
-20.88	-1.78
-21.13	-2.25
-21.02	-2.45
-20.62	-2.89
-20.41	-3.05
-20.04	-2.94
-19.84	-2.78
-19.66	-2.55
-19.59	-2.39
-18.87	-1.92
-17.87	-1.53
-16.28	-1.48
-16.28	-1.48
-12.54	-0.84
-11.38	-0.64
-9.66	0.15
-8.44	0.70
-6.93	1.21
-5.31	1.66
-4.40	1.67
-3.26	1.85
-2.47	2.47
-1.83	4.01
-1.99	3.94
-2.53	3.37
-3.32	2.72
-3.57	2.69
-3.33	3.38
-3.33	3.38
-3.55	7.54
-3.55	7.54
-3.73	10.08
-3.87	10.91
-3.98	12.19
-4.11	13.00
-4.05	13.61
-4.11	14.63
-4.20	15.20
-4.37	16.34
-4.26	17.90
-4.68	19.46
-4.68	19.46
-6.21	20.71
-6.21	20.71
-7.64	20.57
-8.40	20.75
-8.86	20.78
-9.57	20.71
-9.57	20.71
-10.78	20.54
-11.74	20.54
-12.39	20.16
-13.42	19.63
-13.42	19.63
-14.77	18.25
-15.41	17.06
-15.41	17.06
-15.49	15.45
-16.16	13.96
-16.16	13.96
-17.17	11.55
-17.71	10.10
-17.71	10.10
-18.54	9.31
-19.09	9.06
-19.68	8.65
-19.68	8.65
-20.13	7.63
-20.17	6.54
-19.93	6.05
-19.62	5.95
-19.62	5.95
-20.05	5.99
-20.14	6.46
-20.50	7.55
-20.50	7.55
-21.53	7.15
-21.86	6.55
-21.86	6.55
-21.90	6.69
-21.76	6.73
-21.55	6.65
-21.55	6.65
-22.14	6.34
-22.68	6.26
-23.09	6.41
-23.33	6.16
-23.27	5.85
-23.27	5.85
-22.39	5.61
-22.39	5.61
-21.81	5.83
-22.08	5.36
-22.47	5.00
-22.83	4.84
-22.83	4.84
-22.81	4.62
-22.27	3.77
-21.26	2.79
-20.37	2.45
-19.58	2.76
-19.58	2.76
-19.61	4.12
-19.70	5.18
-19.70	5.18
-19.44	6.38
-19.44	6.38
-18.92	5.63
-19.09	5.92
-18.93	5.45
-19.18	6.06
-19.18	6.06
-19.15	6.40
-18.61	7.16
-18.61	7.16
-17.73	7.57
-17.35	6.84
-16.95	6.22
-16.18	6.34
-15.32	6.96
-15.35	7.35
-14.59	7.56
-13.32	6.97
-11.43	8.46
-11.21	9.41
-11.70	8.97
-12.09	8.80
-12.76	8.92
-12.76	8.92
-13.37	8.65
-13.27	8.28
-13.04	7.81
-12.02	7.79
-12.02	7.79
-12.88	8.03
-13.85	7.71
-14.17	7.86
-13.67	7.84
-13.17	7.53
-13.17	7.53
-11.47	6.49
-10.92	6.88
-11.24	6.26
-12.03	5.64
-12.03	5.64
-12.88	5.61
-12.67	6.27
-12.67	6.27
-12.33	6.06
-12.49	5.71
-12.28	5.74
-12.18	5.65
-11.87	5.50
-11.61	5.55
-11.61	5.55
-11.69	4.83
-11.76	4.76
-11.82	4.32
-11.38	4.58
-10.99	4.53
-10.11	4.64
-9.10	4.41
-8.59	4.44
-8.59	4.44
-8.71	3.92
-8.64	3.86
-8.72	3.26
-8.72	3.26
-9.13	3.36
-9.53	3.35
-9.53	3.35
-9.65	3.29
-9.78	3.40
-9.73	3.45
-10.00	3.24
-10.37	2.98
-10.44	2.50
-10.43	2.29
-10.62	2.30
-10.56	2.12
-10.55	2.09
-10.55	2.09
-10.66	1.60
-10.64	1.34
-10.81	1.06
-10.81	1.06
-11.31	0.85
-11.39	0.64
-11.39	0.64
-11.77	0.69
-12.04	0.89
-12.04	0.89
-12.15	1.25
-12.15	1.25
-12.27	1.65
-12.27	1.65
-12.62	1.79
-13.01	1.64
-13.21	2.58
-12.99	2.74
-12.68	2.68
-12.55	1.95
-12.55	1.95
-12.60	2.06
-12.26	2.82
-11.82	3.85
-11.82	3.85
-11.80	5.93
-11.80	5.93
-12.74	7.58
-12.74	7.58
-13.98	8.43
-13.98	8.43
-15.52	9.60
-16.38	9.88
-16.38	9.88
-17.59	10.39
-18.09	10.64
-18.94	11.32
-19.37	11.82
-20.18	12.68
-20.18	12.68
-21.49	14.45
-22.47	15.47
-22.47	15.47
-24.18	16.31
-24.91	16.10
-24.91	16.10
-24.25	15.66
-23.39	15.13
-23.39	15.13
-21.81	15.80
-20.22	16.86
-20.22	16.86
-18.63	18.14
-17.64	18.61
-16.44	18.64
-16.44	18.64
-15.24	15.46
-15.24	15.46
-15.15	12.85
-15.29	11.96
-15.43	11.65
-15.37	11.21
-15.55	10.62
-16.43	9.20
-16.43	9.20
-17.53	7.75
-17.22	6.20
-17.19	5.30
-17.20	4.16
-17.01	3.03
-17.17	2.27
-17.30	1.71
-17.30	1.71
-17.23	1.78
-17.03	1.18
-17.03	1.18
-17.96	0.68
-17.96	0.68
-18.46	0.82
-18.30	0.63
-18.13	0.80
-18.24	1.18
-18.24	1.18
-18.32	0.73
-18.59	0.65
-18.85	0.62
-19.37	-0.22
-20.09	-0.84
-21.25	-0.86
-21.98	-0.63
-23.19	-0.04
-24.05	0.49
-25.00	1.04
-27.39	2.41
-29.18	3.39
-32.33	5.65
-35.05	7.84
-35.05	7.84
-37.56	10.16
-38.59	11.14
-38.59	11.14
-38.10	11.32
-36.82	11.09
-36.82	11.09
-34.31	10.76
-34.31	10.76
-32.49	10.75
-31.61	10.61
-29.39	10.58
-29.39	10.58
-28.69	11.37
-29.10	10.91
-29.10	10.91
-30.16	11.19
-30.91	11.03
-31.56	11.59
-32.28	12.32
-33.00	13.00
-33.43	13.83
-32.77	14.35
-32.19	14.59
-31.00	14.62
-31.00	14.62
-30.12	14.68
-29.81	14.39
-29.81	14.39
-29.46	14.20
-30.64	14.02
-30.64	14.02
-30.15	14.77
-29.59	15.07
-28.79	14.73
-28.81	13.65
-28.45	12.59
-28.45	12.59
-28.38	11.76
-28.07	11.75
-28.07	11.75
-28.25	11.19
-28.43	10.28
-28.71	9.97
-28.71	9.97
-28.98	9.59
-28.98	9.59
-27.90	9.02
-27.90	9.02
-28.02	8.28
-28.52	8.37
-28.52	8.37
-28.49	8.71
-28.21	8.92
-28.21	8.92
-27.20	8.56
-26.68	8.16
-26.68	8.16
-26.00	7.59
-25.74	7.19
-25.74	7.19
-25.86	6.64
-25.86	6.64
-25.73	6.20
-25.66	6.08
-25.29	5.84
-25.29	5.84
-25.08	5.65
-25.23	5.56
-25.45	5.56
-25.45	5.56
-25.50	5.65
-25.44	5.61
-25.46	5.67
-25.45	5.61
-25.18	5.57
-25.18	5.57
-25.41	5.66
-25.41	5.66
-25.05	5.18
-25.05	5.18
-25.19	5.21
-25.07	5.27
-25.13	5.26
-25.16	5.13
-25.25	5.03
-25.20	5.17
-25.21	5.14
-25.25	5.17
-25.06	5.08
-25.06	5.08
-24.93	4.75
-24.93	4.75
-24.89	4.48
-24.77	4.47
-24.67	4.23
-24.57	4.02
-24.57	4.02
-24.26	3.99
-24.10	4.02
