-90.81	6.94
-90.89	6.92
-90.89	6.92
-90.97	6.94
-90.95	6.94
-90.86	6.90
-90.73	6.99
-90.44	6.94
-90.35	6.79
-90.23	6.85
-90.32	6.63
-89.98	6.37
-89.77	6.48
-89.78	6.27
-89.72	6.25
-89.92	6.25
-89.95	6.01
-89.78	5.76
-89.74	5.72
-89.65	5.50
-89.59	5.13
-89.59	4.96
-89.54	4.61
-89.36	4.22
-89.56	4.10
-89.65	4.03
-89.76	2.85
-90.01	1.42
-90.19	1.37
-90.36	1.65
-90.54	1.46
-90.75	1.44
-91.13	1.33
-91.51	1.36
-91.72	1.00
-91.75	0.17
-91.66	-0.54
-91.55	-1.02
-91.41	-1.19
-91.55	-1.91
-92.10	-2.56
-92.62	-3.59
-93.26	-4.10
-93.78	-3.30
-94.17	-3.22
-94.35	-2.94
-94.62	-2.66
-94.66	-1.75
-94.45	-1.32
-94.43	-1.63
-94.11	-1.73
-94.06	-1.54
-94.18	-1.73
-94.03	-1.73
-94.14	-1.50
-94.34	-1.69
-94.29	-1.80
-94.26	-1.73
-94.28	-1.86
-94.08	-1.76
-94.08	-1.51
-94.04	-1.29
-93.97	-1.23
-94.01	-1.19
-94.10	-1.20
-93.99	-1.27
-93.92	-1.41
-93.97	-1.35
-93.63	-1.35
-93.78	-1.47
-93.74	-1.35
-93.75	-1.23
-93.65	-1.23
-93.45	-1.32
-93.39	-1.21
-93.35	-1.12
-93.25	-1.16
-93.16	-1.14
-93.22	-1.11
-93.22	-1.16
-93.13	-1.06
-93.09	-0.90
-93.17	-0.79
-93.16	-0.69
-93.02	-0.66
-92.98	-0.61
-93.09	-0.45
-93.11	-0.63
-93.14	-0.72
-93.35	-0.54
-93.47	-0.60
-93.79	-0.58
-93.83	-0.76
-93.69	-0.71
-93.00	-0.54
-92.72	-0.44
-92.68	-0.36
-92.84	-0.10
-92.79	-0.14
-92.60	-0.27
-92.44	-0.39
-92.09	-0.34
-92.03	-0.51
-91.81	-0.57
-91.69	-0.48
-91.60	-0.60
-91.60	-0.53
-91.49	-0.41
-91.52	-0.44
-91.54	-0.40
-91.53	-0.37
-91.56	-0.38
-91.54	-0.50
-91.44	-0.57
-91.62	-0.65
-91.61	-0.69
-91.66	-0.66
-91.72	-0.71
-91.35	-0.82
-91.47	-0.82
-91.39	-0.87
-91.17	-0.55
-91.14	-0.43
-91.17	-0.52
-91.16	-0.51
-91.28	-0.34
-91.36	-0.28
-91.41	-0.35
-91.27	-0.27
-91.26	-0.18
-91.34	-0.02
-91.30	-0.05
-91.26	-0.00
-91.25	-0.04
-91.27	0.00
-91.29	-0.09
-91.32	-0.08
-91.41	-0.08
-91.43	-0.04
-91.47	-0.09
-91.73	-0.14
-91.85	-0.21
-92.04	-0.22
-92.00	-0.03
-91.98	0.05
-92.00	0.04
-92.19	0.18
-92.09	0.11
-92.14	0.13
-91.99	0.08
-91.92	0.07
-91.89	-0.00
-92.08	-0.13
-92.02	-0.15
-91.67	-0.20
-91.56	-0.30
-91.72	-0.33
-91.85	-0.21
-92.06	-0.08
-91.88	0.07
-91.51	0.09
-91.39	0.01
-91.38	0.19
-91.40	0.14
-91.52	0.14
-91.45	0.13
-91.54	0.18
-91.56	0.27
-91.63	0.37
-91.56	0.23
-91.63	0.40
-91.64	0.39
-91.70	0.50
-91.75	0.48
-91.69	0.56
-91.70	0.67
-91.77	0.69
-91.77	0.81
-91.77	0.69
-91.78	0.67
-91.80	0.77
-91.92	0.74
-91.83	0.72
-91.92	0.77
-91.79	0.76
-91.96	0.76
-92.07	0.74
-92.13	0.71
-92.05	0.74
-92.11	0.88
-92.24	0.88
-92.32	0.87
-92.39	0.76
-92.44	0.75
-92.46	1.08
-92.61	0.96
-92.55	0.83
-92.67	0.93
-92.64	0.83
-92.45	0.85
-92.54	0.90
-92.56	0.93
-92.68	0.85
-92.69	1.09
-92.87	1.07
-93.39	1.29
-94.49	1.69
-95.69	2.19
-97.62	2.40
-100.19	3.17
-102.39	3.84
-104.66	4.37
-107.11	5.23
-109.63	5.89
-111.79	6.17
-115.17	6.40
-118.16	6.20
-120.56	6.12
-123.42	5.66
-126.00	5.28
-128.43	5.36
-130.73	5.29
-134.28	5.55
-137.70	6.02
-140.52	6.40
-142.74	6.57
-144.58	6.95
-145.03	6.97
-145.51	7.38
-146.03	7.98
-147.13	7.88
-149.16	7.49
-151.56	7.86
-153.95	7.21
-155.46	6.07
-156.52	5.63
-157.07	5.21
-156.91	4.98
-156.99	4.70
-158.21	4.51
-159.22	4.22
-160.25	3.97
-160.71	4.23
-160.54	4.29
-160.81	4.63
-161.37	4.84
-162.22	4.89
-163.36	4.81
-164.28	4.61
-165.17	4.62
-165.74	4.59
-166.53	4.33
-167.81	3.95
-169.51	3.80
-171.35	3.70
-173.30	3.47
-174.63	3.25
-175.77	2.98
-176.70	2.65
-177.89	2.57
-179.33	2.54
179.54	2.58
177.95	2.47
176.55	2.19
175.05	2.07
173.78	2.03
172.50	1.88
171.43	1.98
170.22	1.72
169.37	1.37
168.22	1.32
167.20	1.17
165.85	1.08
164.59	0.89
164.10	0.63
164.41	0.51
165.19	0.48
166.08	0.64
167.04	0.86
168.53	1.13
170.32	1.34
173.29	1.50
178.50	1.71
-175.76	1.61
-166.98	1.46
-160.03	1.92
-152.49	1.97
-144.50	2.00
-137.53	1.31
-130.75	1.41
-124.16	1.48
-117.63	1.10
-110.40	0.71
-103.69	0.94
-97.86	1.27
-92.45	1.46
-88.47	1.65
-84.59	2.06
-81.14	2.48
-77.87	2.31
-74.20	2.53
-69.87	2.74
-65.75	2.72
-61.69	2.90
-58.21	2.72
-55.14	2.51
-52.52	2.37
-50.39	2.75
-47.13	3.10
-43.19	3.47
-39.91	3.68
-37.05	3.38
-35.33	3.14
-34.76	3.10
-33.84	3.20
-32.71	3.57
-32.01	3.66
-31.51	3.77
-31.51	3.77
-29.32	4.90
-28.74	5.26
-28.95	5.31
-27.84	6.02
-25.63	7.03
-22.98	7.54
-20.51	7.63
-19.22	7.74
-17.66	8.27
-16.87	8.58
-16.07	8.99
-15.41	9.36
-14.51	9.99
-13.25	10.69
-12.12	10.99
-12.12	10.99
-9.76	11.83
-8.81	11.96
-7.77	12.30
-7.03	12.46
-5.60	13.74
-4.86	14.13
-4.08	14.98
-3.84	15.87
-3.21	16.95
-3.21	16.95
-2.47	18.62
-2.52	19.18
-2.44	20.16
-2.44	20.16
-2.08	21.35
-2.01	21.83
-2.26	21.95
-2.26	21.95
-2.04	22.52
-2.26	22.59
-2.26	22.59
-2.44	22.86
-2.80	23.07
-3.16	23.38
-3.79	23.86
-4.20	23.73
-4.45	23.64
-4.95	23.48
-5.51	23.46
-5.75	23.55
-6.42	23.51
-7.13	23.51
-7.13	23.51
-7.84	23.56
-7.83	23.73
-8.11	23.91
-8.35	23.93
-8.46	23.99
-8.61	23.46
-8.79	23.13
-9.20	22.89
-9.39	22.54
-9.97	22.53
-9.97	22.53
-10.49	22.57
-10.46	22.35
-11.00	22.61
-10.78	22.44
-10.36	22.09
-10.36	22.09
-9.31	22.18
-9.25	21.75
-8.99	22.57
-8.83	22.93
-8.60	22.91
-8.35	23.31
-8.35	23.31
-8.03	23.53
-7.59	23.84
-7.49	23.86
-7.12	24.39
-6.89	24.50
-6.89	24.50
-7.22	24.83
-7.53	24.97
-7.58	24.90
-7.22	24.97
-7.18	25.03
-7.18	25.03
-7.68	24.23
-8.28	23.83
-8.54	23.80
-9.27	24.26
-10.21	24.21
-10.21	24.21
-10.88	24.18
-10.50	23.91
-10.13	23.73
-9.58	23.58
-9.30	23.65
-9.30	23.65
-8.69	24.26
-8.87	24.19
-8.87	24.19
-8.98	23.76
-9.51	23.77
-9.51	23.77
-9.12	23.25
-9.12	23.25
-8.48	23.74
-8.48	23.74
-8.84	23.97
-8.84	23.97
-10.18	23.10
-9.54	22.80
-9.54	22.80
-9.42	23.22
-9.42	23.22
-10.90	24.43
-10.90	24.43
-14.26	24.06
-14.26	24.06
-14.81	23.47
-14.81	23.47
-14.17	24.54
-14.17	24.54
-15.60	25.06
-15.60	25.06
-16.28	23.63
-16.28	23.63
-14.81	24.50
-14.81	24.50
-14.75	26.03
-14.75	26.03
-16.09	25.53
-16.09	25.53
-15.87	24.33
-15.87	24.33
-14.77	22.75
-14.77	22.75
-13.70	20.54
-13.70	20.54
-13.33	16.27
-13.33	16.27
-12.29	13.72
-12.29	13.72
-11.75	12.49
-11.75	12.49
-11.78	13.16
-11.78	13.16
-12.70	14.91
-12.70	14.91
-13.55	16.75
-13.55	16.75
-13.11	15.32
-13.11	15.32
-12.30	15.16
-12.30	15.16
-12.45	16.23
-12.45	16.23
-11.67	20.03
-11.67	20.03
-13.37	15.37
-13.37	15.37
-13.59	16.35
-13.59	16.35
-12.44	16.24
-12.44	16.24
-11.76	16.37
-11.76	16.37
-11.00	16.45
-11.00	16.45
-11.34	16.74
-11.34	16.74
-12.12	17.08
-12.12	17.08
-12.87	17.61
-12.87	17.61
-13.24	17.51
-13.24	17.51
-13.06	17.69
-13.06	17.69
-13.06	17.97
-13.06	17.97
-13.80	18.02
-13.80	18.02
-13.69	18.00
-13.69	18.00
-12.54	18.26
-12.54	18.26
-12.61	18.01
-12.61	18.01
-12.56	18.38
-12.56	18.38
-12.35	18.67
-12.35	18.67
-11.57	18.47
-11.57	18.47
-10.92	18.51
-10.92	18.51
-10.66	18.42
-10.66	18.42
-10.43	18.31
-10.43	18.31
-9.30	18.22
-9.30	18.22
-8.72	18.31
-8.72	18.31
-9.33	17.94
-9.33	17.94
-10.20	17.81
-10.20	17.81
-10.25	17.52
-10.25	17.52
-10.05	17.59
-10.05	17.59
-9.81	17.68
-9.81	17.68
-9.84	17.86
-9.84	17.86
-9.67	18.21
-9.67	18.21
-9.87	18.16
-9.87	18.16
-10.10	18.16
-10.10	18.16
-10.16	18.01
-10.16	18.01
-10.17	18.15
-10.17	18.15
-10.08	18.07
-10.08	18.07
-9.83	18.20
-9.83	18.20
-9.33	18.24
-9.33	18.24
-8.58	18.22
-8.58	18.22
-7.87	17.81
-7.87	17.81
-7.16	17.87
-7.16	17.87
-6.67	17.40
-6.67	17.40
-6.21	17.11
-6.21	17.11
-5.46	16.75
-5.46	16.75
-5.51	16.88
-5.51	16.88
-5.65	16.60
-5.65	16.60
-5.98	16.37
-5.87	15.59
-5.87	15.59
-6.01	14.44
-6.01	14.44
-6.01	12.90
-6.01	12.90
-5.89	10.96
-5.89	10.96
-5.30	9.06
-5.30	9.06
-4.59	7.31
-4.59	7.31
-3.70	5.92
-3.70	5.92
-3.12	5.70
-2.89	5.69
-2.89	5.69
-2.65	5.91
-2.65	5.91
-2.79	5.83
-2.79	5.83
-2.79	5.54
-2.79	5.54
-2.74	4.27
-2.74	4.27
-2.97	0.82
-2.97	0.82
-3.35	-3.77
-3.35	-3.77
-3.25	-7.62
-3.25	-7.62
-3.86	-7.42
-3.86	-7.42
-3.37	-6.97
-3.37	-6.97
-2.75	-6.02
-2.75	-6.02
-2.53	-5.24
-2.53	-5.24
-2.42	-4.82
-2.42	-4.82
-2.14	-3.76
-2.14	-3.76
-0.78	-0.88
-0.78	-0.88
0.90	4.21
0.90	4.21
4.23	13.77
4.23	13.77
5.85	17.00
5.85	17.00
7.14	19.64
7.14	19.64
8.87	22.08
10.87	24.12
10.87	24.12
12.27	24.59
12.27	24.59
15.35	25.44
15.35	25.44
18.45	25.71
18.45	25.71
21.05	25.76
24.01	25.93
24.01	25.93
27.44	26.15
30.74	25.64
30.74	25.64
33.52	24.43
36.44	23.25
36.44	23.25
38.57	22.38
39.72	21.54
41.09	20.18
41.09	20.18
42.81	18.86
45.02	17.55
45.02	17.55
46.67	16.12
47.62	15.85
48.15	15.29
48.70	14.91
48.95	14.80
49.05	14.69
48.70	14.53
48.18	14.35
47.91	14.27
47.55	14.15
47.34	14.06
46.90	13.95
46.71	13.67
46.49	13.63
46.21	13.19
46.07	12.95
45.30	12.68
44.61	12.51
44.00	12.02
43.61	11.43
43.30	11.08
43.26	10.74
43.44	10.70
43.42	10.66
43.88	10.83
44.65	11.03
46.03	10.92
46.99	10.57
47.93	10.34
49.48	10.00
50.85	9.61
52.39	9.48
53.89	9.39
55.85	9.42
57.61	9.27
59.55	9.03
60.82	8.63
62.31	8.57
64.28	10.11
65.94	9.50
66.40	8.25
67.05	8.48
67.67	8.28
68.62	8.35
69.56	8.22
70.01	8.11
70.57	8.28
71.02	8.70
71.44	9.06
71.63	9.42
72.02	9.82
72.51	9.89
72.87	10.01
73.44	9.92
74.02	9.69
74.71	9.71
75.58	9.65
76.42	9.49
77.38	9.24
77.87	9.18
78.47	9.27
78.84	8.97
79.38	8.91
80.05	8.71
80.69	8.60
81.67	8.37
82.18	8.09
82.64	8.11
82.91	8.17
82.92	8.79
82.97	9.20
83.12	9.52
83.62	9.80
84.19	10.10
84.95	10.31
85.81	10.69
86.50	10.56
87.27	10.60
87.72	10.65
88.65	10.52
89.74	10.38
91.46	10.03
92.97	9.63
94.21	9.24
94.99	8.90
95.68	8.72
96.09	8.58
96.80	8.31
97.23	8.02
97.42	7.83
97.67	7.77
97.01	7.68
95.32	7.78
92.58	7.96
88.78	8.27
86.64	8.74
84.29	8.85
82.46	9.46
81.24	9.73
79.16	9.95
78.57	10.62
77.14	10.76
77.01	11.03
76.57	11.16
75.39	11.29
74.49	11.73
72.95	12.08
71.33	12.34
70.09	12.40
69.08	12.50
67.80	12.59
66.59	12.65
65.98	12.69
65.03	12.75
64.75	12.69
64.13	12.54
63.80	12.77
63.76	12.84
63.21	12.68
62.51	12.83
61.81	12.91
60.07	12.76
56.20	13.02
50.55	13.76
45.04	14.25
39.25	14.73
34.24	15.61
29.40	16.23
25.88	16.37
22.94	16.61
20.94	16.88
19.04	16.92
17.49	16.84
16.05	17.00
14.71	16.97
13.63	17.22
12.31	17.57
11.28	17.67
10.52	18.06
9.42	18.40
8.91	18.45
8.47	18.58
8.07	18.58
7.79	18.63
7.41	18.85
6.88	18.72
6.33	18.89
5.74	19.05
5.39	19.13
5.19	19.36
5.05	19.63
5.03	20.08
5.31	20.41
5.51	20.73
5.69	20.89
5.82	20.97
5.83	20.86
5.84	21.53
5.71	22.01
5.62	22.47
5.87	22.62
5.87	22.61
5.94	22.97
6.05	23.12
6.07	23.17
6.08	22.95
6.02	23.03
5.92	23.06
5.91	22.88
5.73	22.55
5.44	21.82
5.09	20.67
4.66	18.50
3.98	15.35
3.55	12.07
2.97	8.91
2.47	5.89
2.23	3.67
2.01	1.90
1.65	1.38
1.32	1.03
1.01	-0.10
1.05	-0.93
1.27	-1.32
1.40	-1.72
1.40	-1.72
1.60	-1.41
1.50	-0.87
1.29	-0.50
1.29	-0.50
0.64	0.07
0.66	0.61
0.47	1.74
0.23	2.65
-0.02	4.95
-0.30	7.33
-0.07	10.14
0.02	13.06
0.25	15.39
0.33	16.55
0.51	17.72
0.59	18.65
0.65	19.62
0.74	20.36
1.09	20.36
1.09	20.74
1.53	21.16
1.65	20.76
1.88	21.33
1.92	21.08
1.93	21.31
2.12	21.34
2.24	21.21
2.39	21.46
2.49	21.36
2.52	21.49
2.59	21.62
2.45	22.11
2.24	22.40
2.16	22.54
1.96	22.91
1.88	23.21
1.69	23.41
1.60	23.74
1.37	23.32
1.43	23.52
1.44	23.65
1.68	24.03
1.92	23.91
2.47	23.39
3.66	22.98
4.38	22.84
4.76	22.55
3.91	22.42
0.94	22.48
-1.88	22.74
-3.97	23.32
-5.12	23.92
-5.15	24.19
-4.35	24.69
-3.09	25.44
-2.70	25.79
-2.27	25.85
-2.39	25.31
-2.75	24.81
-2.54	24.89
-2.35	24.86
-2.10	24.48
-1.19	24.30
-0.11	24.30
0.36	24.11
0.46	23.97
0.46	24.11
-0.25	24.21
-1.42	24.07
-2.69	24.08
-3.75	24.13
-4.98	24.12
-6.54	24.06
-7.70	24.25
-9.26	23.73
-11.94	23.04
-16.57	22.43
-22.59	21.58
-30.59	20.53
-38.40	19.18
-45.91	18.18
-52.63	17.05
-57.79	16.55
-62.68	15.60
-66.10	15.51
-69.05	15.10
-71.20	14.62
-73.25	14.16
-74.70	13.87
-76.59	13.85
-79.07	13.78
-82.06	13.06
-84.26	12.32
-85.62	11.94
-86.12	12.21
-86.54	12.06
-86.72	12.00
-87.24	11.96
-87.39	11.99
-88.29	12.09
-89.03	12.36
-90.00	12.47
-90.62	12.88
-91.62	12.94
-92.78	12.55
-93.99	12.43
-95.17	12.17
-96.34	11.84
-98.02	11.43
-99.01	11.29
-100.14	11.35
-100.97	11.52
-101.37	11.79
-101.29	12.64
-100.51	13.91
-99.23	15.04
-97.33	16.36
-95.46	17.53
-93.90	18.47
-91.67	19.87
-90.00	20.74
-88.51	21.31
-87.26	22.08
-86.06	22.37
-85.46	22.16
-84.68	22.14
-83.91	22.39
-82.78	22.33
-81.93	22.16
-81.14	22.48
-79.79	22.48
-78.88	22.47
-77.42	22.53
-76.16	22.76
-75.10	22.88
-73.87	22.78
-72.51	22.92
-70.98	22.85
-69.62	22.79
-68.51	22.59
-66.56	21.71
-64.24	20.77
-61.06	19.72
-58.02	18.39
-54.46	16.48
-49.99	15.66
-46.85	17.40
-42.54	16.54
-37.58	14.61
-32.40	13.74
-27.87	13.93
-23.39	14.94
-20.60	13.55
-17.22	13.11
-13.58	13.58
-10.99	14.15
-8.97	14.27
-7.70	14.18
-6.63	14.37
-6.37	14.49
-5.92	15.13
-5.59	15.08
-5.06	15.11
-4.37	15.33
-3.76	15.73
-2.90	16.05
-1.95	16.21
-1.09	16.18
-0.73	16.17
-0.01	16.51
0.33	16.23
0.75	16.44
1.35	17.20
1.41	16.82
1.58	16.98
1.70	17.23
1.88	17.07
2.25	17.03
2.33	17.27
2.43	17.41
2.58	17.49
2.79	17.53
2.62	17.43
2.48	17.48
2.23	17.45
2.07	17.39
1.73	17.18
1.60	17.35
1.53	17.76
1.50	17.76
1.36	17.81
1.50	18.17
1.67	18.16
2.20	17.78
4.05	18.18
8.09	18.41
13.31	17.70
17.97	17.40
21.75	17.10
23.85	17.08
25.17	17.23
25.68	16.93
25.88	16.95
25.86	16.92
25.68	16.57
25.63	16.68
25.92	16.99
26.33	16.70
26.98	16.47
27.75	16.23
28.50	16.55
29.24	16.62
29.86	16.36
30.05	16.41
30.24	16.59
30.56	16.62
30.84	16.65
31.28	16.86
31.24	17.01
31.30	17.07
31.27	16.98
31.14	17.18
31.37	17.18
31.46	17.25
31.85	17.37
32.36	17.75
32.89	17.28
33.20	17.21
33.77	17.08
34.48	16.94
35.05	17.03
35.52	17.18
35.96	16.67
36.54	16.51
37.13	16.55
37.83	16.68
38.50	16.17
39.13	16.45
39.92	16.34
40.90	16.54
41.57	16.38
42.32	16.74
43.17	17.02
45.07	17.00
47.15	16.77
50.94	16.60
53.18	16.47
54.95	16.44
57.04	16.24
58.54	16.02
59.28	15.71
59.12	15.36
58.81	15.15
58.42	15.15
58.39	15.07
58.49	15.09
58.60	15.27
58.47	15.52
58.47	15.52
57.70	15.82
57.40	15.72
57.05	15.92
57.02	15.59
57.17	15.38
56.96	15.04
56.71	14.88
56.25	14.68
55.58	14.44
54.80	14.35
53.95	14.47
53.35	14.55
52.99	14.82
52.60	14.91
52.34	15.10
52.11	15.25
51.75	15.24
51.42	15.32
50.96	15.47
50.39	15.48
49.46	15.33
48.03	15.35
46.16	15.36
43.94	15.14
42.14	15.09
40.57	15.10
38.86	15.18
37.32	15.22
35.33	15.00
33.96	15.48
32.61	15.98
31.52	15.87
28.76	16.00
23.83	16.44
16.36	16.59
12.38	16.74
6.48	17.49
5.13	17.78
3.62	17.95
3.18	17.72
3.38	17.05
3.38	17.05
4.30	16.53
4.68	16.42
4.68	16.42
4.79	16.48
4.98	16.18
4.98	16.18
4.63	16.41
4.64	16.49
4.64	16.49
4.22	17.04
4.12	17.34
3.92	18.48
3.79	19.05
3.70	20.44
3.70	20.44
3.51	21.33
3.51	21.33
3.58	21.88
3.58	21.88
3.87	21.99
3.87	21.99
3.96	22.47
3.96	22.47
4.03	23.08
4.03	23.08
3.80	24.42
3.80	24.42
3.34	27.77
3.34	27.77
2.22	30.63
2.22	30.63
0.98	34.03
0.98	34.03
0.14	36.64
0.14	36.64
-0.65	37.97
-0.58	38.65
-0.66	38.87
-0.66	38.87
-0.54	39.04
-0.54	39.04
-0.99	39.27
-0.99	39.27
-1.93	40.28
-1.93	40.28
-1.79	41.88
-1.79	41.88
-1.64	41.89
-1.64	41.89
-1.67	41.94
-1.67	41.94
-1.35	41.48
-1.35	41.48
-0.94	40.41
-0.94	40.41
0.20	39.71
0.20	39.71
0.95	39.15
0.95	39.15
2.43	38.33
2.43	38.33
3.36	37.33
3.36	37.33
4.33	35.45
4.33	35.45
5.58	32.14
5.58	32.14
6.72	27.37
6.72	27.37
8.18	21.26
8.18	21.26
9.86	18.75
9.86	18.75
11.11	14.83
11.11	14.83
12.16	14.76
12.16	14.76
12.35	14.51
12.35	14.51
12.13	14.38
12.13	14.38
11.52	14.38
11.52	14.38
11.16	14.45
11.16	14.45
10.80	14.15
10.80	14.15
10.19	13.74
10.19	13.74
9.47	13.77
9.47	13.77
8.94	13.49
8.94	13.49
8.69	13.11
8.69	13.11
8.74	12.92
8.74	12.92
8.57	12.80
8.57	12.80
7.49	12.75
7.49	12.75
5.99	13.14
5.99	13.14
3.79	13.16
3.79	13.16
1.22	13.26
1.22	13.26
-2.07	14.21
-2.07	14.21
-4.94	15.21
-4.94	15.21
-6.70	16.11
-6.70	16.11
-7.15	16.54
-7.15	16.54
-7.09	16.74
-7.09	16.74
-6.91	17.08
-6.91	17.08
-6.69	16.74
-6.69	16.74
-5.99	16.75
-5.99	16.75
-4.78	16.28
-4.78	16.28
-3.10	16.54
-3.10	16.54
-1.29	16.03
-1.29	16.03
0.64	16.28
0.64	16.28
2.64	15.89
2.64	15.89
4.65	16.10
4.65	16.10
7.09	16.63
7.09	16.63
8.97	17.27
8.97	17.27
10.30	18.50
10.30	18.50
11.85	21.91
11.85	21.91
13.38	26.23
13.38	26.23
13.83	28.28
13.83	28.28
13.58	28.36
13.27	28.92
13.27	28.92
13.25	29.09
13.10	29.07
13.10	29.07
13.21	28.78
13.59	28.52
13.59	28.52
14.03	28.71
14.50	28.54
14.50	28.54
15.10	29.28
15.72	29.20
15.72	29.20
16.47	29.39
16.96	29.49
17.59	29.46
18.00	29.46
18.60	29.51
19.18	29.47
19.40	29.41
19.81	29.44
20.08	29.35
20.28	29.51
20.51	29.53
20.48	29.41
20.51	29.29
20.32	29.37
19.73	29.51
19.49	29.44
18.99	29.52
18.45	29.74
17.96	29.82
17.25	29.87
16.36	30.21
15.52	30.57
14.53	31.08
13.41	31.79
12.57	32.21
11.32	33.20
9.97	33.98
8.79	34.28
7.46	35.18
6.16	35.92
5.40	36.77
5.02	37.09
4.62	37.34
4.45	37.87
4.39	38.19
4.07	38.27
3.85	38.58
3.73	38.67
3.24	38.68
2.87	38.90
2.37	39.15
2.01	39.11
1.68	39.20
1.62	39.22
1.33	39.09
1.28	39.06
1.10	39.15
1.03	39.19
1.09	39.06
1.19	39.04
1.32	39.11
1.48	39.00
1.67	38.99
1.69	39.05
1.74	39.19
1.71	39.22
1.49	39.45
0.84	39.57
0.01	39.64
-0.92	39.80
-1.64	39.81
-2.35	39.72
-2.82	39.47
-3.44	39.32
-3.97	38.97
-4.30	38.54
-4.97	38.04
-6.11	37.69
-7.68	37.46
-9.80	37.08
-13.16	36.85
-16.59	36.73
-20.01	36.38
-24.32	36.14
-27.83	36.06
-30.52	35.94
-32.26	35.69
-33.17	36.06
-33.98	36.19
-35.30	36.08
-36.20	35.92
-36.49	35.68
-37.26	35.74
-37.94	35.88
-38.46	36.09
-38.70	36.31
-39.02	37.00
-39.82	37.67
-40.14	38.07
-40.52	38.31
-41.17	38.69
-42.05	38.89
-42.84	38.91
-43.27	38.97
-44.07	38.99
-45.13	38.86
-45.90	38.88
-46.70	38.85
-47.80	38.78
-48.83	38.63
-49.82	38.56
-50.88	38.32
-52.04	38.02
-52.71	37.82
-53.75	37.29
-54.79	36.79
-56.10	36.42
-57.79	35.79
-59.24	35.24
-61.00	34.71
-62.72	34.27
-64.38	33.90
-66.05	33.32
-67.90	32.78
-69.64	32.18
-71.02	31.81
-71.90	31.28
-72.82	30.86
-73.89	30.53
-75.01	30.04
-76.25	29.47
-77.86	28.84
-79.91	27.87
-81.87	26.97
-83.69	26.02
-85.57	24.80
-87.87	23.48
-90.30	22.42
-91.83	21.56
-93.16	20.99
-94.41	20.39
-95.31	20.03
-96.45	19.70
-97.61	19.34
-99.06	18.41
-100.69	17.43
-102.00	16.33
-103.29	15.32
-104.16	14.24
-105.01	13.04
-105.93	11.24
-106.74	9.52
-106.55	7.38
-105.01	5.76
-103.48	3.91
-102.55	2.14
-101.29	1.61
-99.50	0.63
-97.00	0.22
-94.53	-0.18
-91.88	0.23
-89.53	1.04
-86.83	1.18
-83.81	1.89
-80.98	2.12
-77.43	2.65
-73.57	3.26
-68.92	3.57
-64.93	4.44
-60.49	4.88
-55.61	4.84
-51.59	4.72
-47.54	5.51
-44.20	5.55
-40.52	5.66
-36.93	5.85
-33.30	6.43
-28.31	7.92
-24.40	8.25
-21.26	8.77
-18.81	8.90
-17.08	9.04
-15.72	9.32
-14.48	9.67
-13.36	9.81
-12.40	10.00
-11.34	10.06
-10.25	10.60
-8.60	11.34
-7.26	11.76
-5.64	12.70
-4.25	13.10
-2.96	13.39
-2.18	13.86
-1.84	14.04
-1.86	14.18
-1.92	14.61
-1.97	14.52
-2.02	14.06
-1.73	12.82
-1.39	12.33
-0.87	12.42
-0.17	12.31
0.24	12.04
0.62	12.12
0.92	12.08
1.44	12.11
1.73	12.18
2.08	12.30
2.27	12.39
2.42	12.56
2.52	12.87
2.44	13.48
2.33	14.88
1.57	18.93
1.04	21.89
0.65	25.44
0.37	27.52
0.79	28.73
1.33	30.45
2.29	32.80
3.49	34.35
4.87	35.61
6.54	37.70
8.90	40.28
10.47	41.53
11.45	42.98
11.65	43.73
11.03	44.07
9.89	44.01
9.13	43.59
8.46	43.18
8.15	42.85
8.55	42.27
9.34	41.58
10.11	41.10
11.04	40.71
11.30	40.27
11.18	39.66
10.85	39.66
11.00	39.43
10.87	39.24
10.53	38.84
10.03	38.44
10.02	37.77
10.17	37.43
10.48	37.30
10.59	37.08
10.41	36.47
10.46	36.09
10.92	35.55
10.98	34.57
10.91	33.59
10.99	33.12
11.55	33.36
11.93	32.83
12.02	32.92
12.42	33.04
12.89	32.67
13.48	32.34
14.19	32.44
14.19	32.44
15.63	32.21
16.39	32.38
17.33	31.90
18.19	31.57
18.92	31.46
19.69	31.43
20.22	31.12
20.91	30.80
21.47	30.64
22.06	30.68
22.90	30.64
24.15	30.63
26.12	30.39
28.76	29.89
34.43	28.96
41.68	27.36
47.30	25.39
52.36	23.34
55.21	21.84
57.07	21.01
57.04	20.65
55.39	20.95
52.97	21.59
49.81	22.63
46.07	23.63
42.07	24.65
38.51	26.60
36.12	27.06
35.99	27.13
36.22	27.96
35.46	28.97
35.71	29.20
35.79	28.83
34.48	28.30
33.19	28.84
31.86	30.90
30.37	31.75
28.57	31.66
27.07	31.69
26.49	32.54
26.09	33.40
25.72	33.50
25.48	33.15
25.11	33.59
25.22	34.34
25.50	34.83
25.68	35.30
26.01	35.07
26.67	34.20
27.10	34.29
27.32	34.79
27.76	35.88
27.90	35.55
28.36	35.03
28.87	35.83
29.23	36.45
29.44	36.27
29.81	35.28
30.32	35.07
30.25	35.62
30.22	36.19
29.91	36.32
30.27	35.90
30.45	35.40
30.17	35.44
30.10	35.93
30.25	36.08
30.44	36.12
30.73	35.80
30.97	35.60
31.47	35.84
31.44	36.05
31.24	36.04
31.18	36.07
31.58	36.03
33.03	35.79
34.96	35.22
37.77	34.34
41.71	32.10
45.69	29.75
48.53	28.20
50.92	27.13
52.92	25.95
53.86	24.85
54.55	23.54
54.99	22.29
55.37	21.49
55.37	21.43
55.43	21.21
55.23	21.36
54.84	21.72
53.65	22.60
50.80	23.68
46.74	24.85
43.30	25.68
41.95	26.50
41.44	26.96
40.78	27.45
39.71	28.40
39.13	29.29
38.52	29.98
37.86	30.51
36.89	31.70
36.00	32.93
35.24	34.16
34.21	34.99
33.52	35.91
33.26	37.54
33.18	38.14
33.53	38.55
34.47	39.28
35.84	40.43
37.53	41.18
38.94	41.66
40.29	41.86
41.90	41.04
43.07	39.97
44.44	39.16
45.59	38.01
47.02	37.11
48.73	36.03
50.78	33.87
53.39	31.33
55.95	29.54
57.78	27.95
60.00	27.02
61.69	26.39
63.04	25.83
64.31	25.08
65.29	24.35
66.56	23.50
67.53	22.99
68.18	22.61
68.54	21.95
68.57	21.34
68.89	20.71
69.07	20.14
69.32	19.55
69.72	18.68
70.22	17.96
70.50	17.37
70.61	16.91
70.31	16.66
70.14	16.32
69.95	15.96
69.91	15.74
70.03	15.39
70.09	15.14
70.27	14.97
70.31	14.82
70.61	14.62
70.68	14.18
70.51	13.89
70.38	13.64
69.82	13.16
69.37	12.87
69.07	12.67
68.68	12.44
67.83	12.16
66.93	11.89
65.42	11.88
63.68	12.24
62.08	12.41
60.81	12.72
60.36	12.87
59.21	12.77
57.59	12.81
55.60	13.21
52.65	13.27
50.09	13.54
45.98	13.59
41.34	13.33
36.47	13.38
31.52	13.34
27.71	13.60
24.16	13.37
22.44	13.51
21.23	13.99
20.20	13.68
19.88	13.85
19.48	14.11
19.32	14.05
19.15	14.23
18.68	14.38
18.19	14.28
17.80	14.36
17.40	14.70
17.16	14.90
17.13	14.93
17.29	14.92
17.41	15.06
17.86	15.11
18.31	15.08
18.91	14.91
19.45	14.69
20.15	14.37
20.47	14.18
21.03	14.17
21.52	14.21
22.02	14.07
22.02	14.07
23.15	13.84
23.64	13.50
24.04	13.49
24.83	13.37
25.38	13.39
25.38	13.39
26.44	13.61
27.34	13.63
27.34	13.63
30.59	13.73
30.59	13.73
34.10	13.42
34.10	13.42
36.90	13.40
36.90	13.40
38.48	13.31
38.77	13.40
39.23	13.33
39.23	13.33
39.99	13.30
40.41	13.32
41.13	13.43
41.63	13.62
42.37	13.48
42.37	13.48
43.21	13.35
43.21	13.35
44.23	13.00
44.23	13.00
46.31	12.57
46.31	12.57
48.95	12.45
48.95	12.45
52.00	12.00
52.62	11.98
54.20	12.04
54.20	12.04
55.47	11.79
55.47	11.79
55.87	11.77
55.87	11.77
55.88	11.53
55.88	11.53
55.54	11.30
55.54	11.30
54.93	11.14
54.93	11.14
54.34	11.26
54.34	11.26
53.85	11.16
53.85	11.16
52.90	11.08
52.90	11.08
52.43	11.25
52.43	11.25
51.63	11.33
51.20	11.40
50.47	11.39
49.42	11.36
49.42	11.36
46.22	11.45
43.15	11.22
40.93	11.24
35.39	11.39
30.99	11.54
30.99	11.54
23.76	11.88
22.47	11.91
19.51	11.98
19.51	11.98
16.73	11.86
16.73	11.86
15.28	11.93
14.89	11.84
14.05	11.84
14.05	11.84
13.23	12.06
12.62	12.16
12.62	12.16
11.63	12.39
11.17	12.48
11.17	12.48
10.12	12.71
9.84	12.68
9.42	12.69
9.42	12.69
8.69	12.79
8.69	12.79
8.24	12.82
8.24	12.82
7.83	12.66
7.62	12.49
7.62	12.49
7.30	12.69
7.16	12.83
7.11	12.62
7.11	12.62
7.10	13.02
7.10	13.02
6.97	12.97
6.97	12.97
6.81	13.27
6.81	13.27
6.97	12.97
6.97	12.97
7.11	13.04
7.06	13.08
6.89	12.82
6.89	12.82
6.67	12.48
6.67	12.48
6.52	12.52
6.52	12.52
6.21	12.38
6.21	12.38
5.86	12.52
5.86	12.52
5.64	12.51
5.64	12.51
5.99	12.47
5.99	12.47
6.79	12.10
6.79	12.10
7.61	12.14
7.61	12.14
8.45	12.01
8.45	12.01
9.16	11.93
9.16	11.93
10.45	12.72
10.45	12.72
11.44	12.59
11.44	12.59
12.64	13.06
12.64	13.06
13.80	13.27
13.80	13.27
14.41	13.64
14.41	13.64
14.05	14.49
14.05	14.49
13.40	14.18
13.40	14.18
12.60	14.50
12.60	14.50
12.09	15.20
12.09	15.20
12.15	14.19
12.15	14.19
12.47	13.72
12.47	13.72
12.62	13.89
12.62	13.89
13.02	14.84
13.02	14.84
12.81	14.42
12.81	14.42
13.32	12.49
13.32	12.49
14.41	11.42
14.41	11.42
16.06	10.96
16.06	10.96
17.31	11.01
17.31	11.01
18.38	10.87
18.38	10.87
22.25	12.41
22.25	12.41
33.51	11.76
33.51	11.76
44.18	12.76
44.18	12.76
51.86	12.60
51.86	12.60
55.18	13.21
55.18	13.21
55.35	13.55
55.35	13.55
56.19	13.49
56.19	13.49
57.79	13.38
57.79	13.38
59.31	13.00
59.31	13.00
61.80	12.98
61.80	12.98
64.65	12.54
64.65	12.54
68.02	12.25
68.02	12.25
69.98	11.59
69.98	11.59
71.53	11.23
71.53	11.23
73.47	11.38
73.47	11.38
76.25	10.88
76.25	10.88
78.65	10.06
78.65	10.06
78.92	9.74
78.92	9.74
79.37	9.88
79.37	9.88
79.93	9.87
79.93	9.87
80.20	10.04
80.20	10.04
80.12	10.08
80.12	10.08
79.85	10.17
79.62	10.14
79.62	10.14
79.55	10.16
79.55	10.16
79.17	10.13
79.17	10.13
78.90	9.91
78.90	9.91
78.68	9.55
78.68	9.55
78.34	9.40
78.34	9.40
78.05	9.50
78.05	9.50
77.69	9.40
77.42	9.45
77.42	9.45
77.19	9.59
77.19	9.61
77.19	9.61
77.21	9.78
77.34	9.66
77.34	9.66
77.76	9.62
79.87	9.43
79.87	9.43
82.69	9.05
84.46	8.79
86.25	8.35
88.18	7.95
91.00	7.23
91.00	7.23
93.56	7.14
94.46	6.95
94.95	7.03
94.98	7.06
94.72	7.17
94.50	7.27
94.24	7.26
94.01	7.40
93.89	7.61
94.04	7.63
94.12	7.71
94.32	7.57
94.53	7.64
94.77	7.63
94.96	7.60
95.28	7.75
95.34	7.73
95.45	7.60
95.33	7.28
95.68	7.11
96.09	7.11
96.37	7.36
96.18	7.48
96.03	7.43
95.79	7.32
95.66	7.26
95.47	7.28
95.44	7.31
95.02	7.35
94.53	7.51
93.01	7.76
89.83	8.02
86.51	8.04
83.02	8.07
80.92	8.47
79.07	8.84
77.34	8.94
75.89	9.40
74.32	9.58
73.26	9.89
72.11	9.93
70.83	10.12
69.83	10.34
68.54	10.54
67.26	10.71
65.78	10.97
63.78	11.07
62.08	11.31
60.41	11.40
58.39	11.39
56.47	11.64
54.09	11.74
51.36	11.99
48.48	12.26
45.09	12.80
41.71	13.10
38.33	13.51
35.19	14.10
33.20	14.66
31.86	14.91
30.80	15.14
30.07	15.74
29.24	16.35
28.14	16.50
27.14	16.52
25.40	16.91
23.63	16.84
22.04	16.59
20.56	16.52
19.13	16.38
17.89	16.21
16.72	15.97
15.79	15.84
14.82	15.73
13.78	15.80
12.92	15.77
12.01	15.80
11.16	15.74
10.48	15.90
9.69	15.99
8.96	16.08
8.20	16.03
7.60	16.10
7.06	16.03
6.64	15.82
5.98	15.81
5.41	15.81
4.86	15.70
4.39	15.55
3.90	15.52
3.44	15.45
3.03	15.43
2.80	15.40
2.68	15.53
2.51	15.58
2.45	15.65
2.31	15.89
2.18	16.08
1.95	16.25
1.98	16.38
1.75	16.43
1.47	16.49
1.29	16.43
1.17	16.27
1.06	16.17
1.04	16.26
1.14	16.19
