90.05	0.00
10.11	6.70
10.11	6.70
10.28	6.44
10.28	6.44
10.42	6.15
10.42	6.15
10.50	5.75
10.50	5.75
10.67	5.23
10.67	5.23
10.73	4.97
10.73	4.97
10.75	4.58
10.75	4.58
10.45	4.54
10.45	4.54
10.33	4.46
10.33	4.46
10.23	4.53
10.23	4.53
10.21	4.63
10.21	4.63
10.16	4.67
10.16	4.67
10.31	4.56
10.31	4.56
10.43	4.53
10.43	4.53
10.47	4.43
10.47	4.43
10.36	4.46
10.36	4.46
10.31	4.12
10.31	4.12
10.29	3.89
10.29	3.89
10.28	3.89
10.28	3.89
10.06	3.65
10.06	3.65
9.96	3.14
9.96	3.14
9.90	2.19
9.90	2.19
9.86	1.05
9.86	1.05
10.15	-0.61
10.15	-0.61
10.26	-2.45
10.26	-2.45
10.28	-3.62
10.28	-3.62
10.28	-3.62
10.28	-3.62
10.22	-4.15
10.22	-4.15
10.06	-4.34
10.06	-4.34
9.87	-4.42
9.87	-4.42
9.76	-4.31
9.76	-4.31
9.76	-4.40
9.76	-4.40
9.67	-4.38
9.67	-4.38
9.61	-4.51
9.61	-4.51
9.47	-4.70
9.47	-4.70
9.39	-4.81
9.39	-4.81
9.25	-5.06
9.25	-5.06
9.25	-5.18
9.25	-5.18
9.20	-5.31
9.20	-5.31
9.05	-5.42
9.05	-5.42
9.05	-5.45
9.05	-5.45
9.01	-5.53
9.01	-5.53
8.94	-5.48
8.94	-5.48
9.00	-5.46
9.00	-5.46
8.83	-5.40
8.83	-5.40
8.72	-5.45
8.72	-5.45
8.34	-5.28
8.34	-5.28
8.09	-5.15
8.09	-5.15
7.83	-5.10
7.83	-5.10
7.24	-5.03
7.24	-5.03
6.25	-4.91
6.25	-4.91
5.31	-5.00
5.31	-5.00
4.16	-5.29
4.16	-5.29
3.20	-5.50
3.20	-5.50
2.11	-5.71
2.11	-5.71
1.32	-5.90
1.32	-5.90
0.90	-6.04
0.90	-6.04
1.03	-6.47
1.03	-6.47
1.87	-6.99
1.87	-6.99
3.95	-7.73
3.95	-7.73
6.08	-9.17
6.08	-9.17
6.61	-9.79
6.61	-9.79
6.65	-9.88
6.65	-9.88
6.34	-9.45
6.34	-9.45
6.09	-9.20
6.09	-9.20
6.10	-9.13
6.10	-9.13
6.22	-9.15
6.22	-9.15
6.45	-9.08
6.45	-9.08
6.45	-8.65
6.45	-8.65
8.14	-5.12
8.14	-5.12
12.76	-1.30
12.76	-1.30
15.05	0.12
15.05	0.12
14.57	-0.10
14.57	-0.10
13.57	-1.02
13.57	-1.02
12.84	-2.04
12.84	-2.04
12.23	-2.62
12.23	-2.62
12.04	-3.16
12.04	-3.16
11.77	-3.42
11.77	-3.42
11.47	-3.20
11.47	-3.20
11.25	-3.31
11.25	-3.31
10.96	-3.58
10.96	-3.58
10.26	-3.95
10.26	-3.95
6.39	-4.01
6.39	-4.01
3.35	-4.47
3.35	-4.47
1.99	-4.98
1.99	-4.98
1.92	-5.42
1.92	-5.42
2.64	-5.72
2.64	-5.72
3.26	-5.93
3.26	-5.93
3.61	-6.18
3.61	-6.18
3.83	-6.47
3.83	-6.47
3.94	-6.79
3.94	-6.79
3.98	-6.97
3.98	-6.97
4.12	-7.05
4.12	-7.05
4.13	-7.05
4.13	-7.05
4.08	-7.15
4.08	-7.15
4.27	-7.16
4.27	-7.16
4.28	-7.23
4.28	-7.23
4.52	-7.37
4.52	-7.37
4.70	-7.56
4.70	-7.56
4.69	-7.65
4.69	-7.65
4.62	-7.69
4.62	-7.69
4.74	-7.92
4.74	-7.92
4.89	-8.08
4.89	-8.08
4.95	-8.04
4.95	-8.04
5.13	-8.10
5.13	-8.10
5.26	-8.33
5.26	-8.33
5.42	-8.60
5.42	-8.60
5.72	-9.27
5.72	-9.27
6.23	-9.97
6.23	-9.97
6.64	-10.81
6.64	-10.81
6.99	-11.45
6.99	-11.45
7.01	-11.96
7.01	-11.96
7.05	-12.37
7.05	-12.37
7.11	-12.59
7.11	-12.59
7.38	-13.00
7.38	-13.00
7.56	-13.56
7.56	-13.56
7.77	-14.02
7.77	-14.02
7.80	-14.33
7.80	-14.33
8.07	-14.55
8.07	-14.55
8.18	-14.76
8.18	-14.76
8.47	-15.02
8.47	-15.02
8.84	-15.44
8.84	-15.44
9.16	-15.93
9.16	-15.93
9.48	-16.05
9.48	-16.05
9.66	-15.21
9.66	-15.21
9.83	-14.77
9.83	-14.77
10.04	-14.47
10.04	-14.47
9.90	-14.68
9.90	-14.68
9.91	-14.73
9.91	-14.73
9.96	-14.62
9.96	-14.62
10.04	-14.30
10.04	-14.30
10.01	-14.15
10.01	-14.15
9.79	-14.11
9.79	-14.11
9.60	-14.19
9.60	-14.19
9.55	-14.26
9.55	-14.26
9.59	-14.35
9.59	-14.35
9.51	-14.25
9.51	-14.25
9.49	-14.34
9.49	-14.34
9.57	-14.39
9.57	-14.39
9.58	-14.57
9.58	-14.57
9.70	-14.77
9.70	-14.77
9.57	-14.82
9.57	-14.82
9.59	-14.71
9.59	-14.71
9.48	-14.72
9.48	-14.72
9.33	-14.64
9.33	-14.64
9.26	-14.76
9.26	-14.76
9.49	-15.02
9.49	-15.02
9.38	-15.06
9.38	-15.06
9.38	-15.15
9.38	-15.15
9.41	-15.12
9.41	-15.12
9.44	-15.17
9.44	-15.17
9.39	-15.14
9.39	-15.14
9.27	-15.13
9.27	-15.13
9.34	-15.15
9.34	-15.15
9.53	-15.28
9.53	-15.28
9.73	-15.30
9.73	-15.30
10.03	-15.27
10.03	-15.27
10.46	-15.19
10.46	-15.19
11.61	-14.51
11.61	-14.51
14.13	-13.67
14.13	-13.67
17.50	-13.02
17.50	-13.02
22.45	-12.08
22.45	-12.08
28.60	-10.81
28.60	-10.81
33.68	-10.16
33.68	-10.16
36.15	-10.23
36.15	-10.23
34.19	-11.50
34.19	-11.50
32.05	-12.62
32.05	-12.62
29.64	-13.48
29.64	-13.48
26.89	-13.87
26.89	-13.87
22.70	-14.30
22.70	-14.30
18.52	-14.98
18.52	-14.98
14.34	-15.80
14.34	-15.80
10.82	-16.94
10.82	-16.94
8.02	-18.10
8.02	-18.10
5.78	-19.93
5.78	-19.93
4.56	-21.97
4.56	-21.97
3.60	-22.82
3.60	-22.82
2.92	-22.23
2.92	-22.23
2.57	-22.05
2.57	-22.05
2.54	-22.04
2.54	-22.04
2.57	-22.54
2.57	-22.54
2.46	-22.53
2.46	-22.53
2.60	-22.64
2.60	-22.64
2.48	-22.75
2.48	-22.75
2.57	-23.00
2.57	-23.00
2.23	-22.78
2.23	-22.78
1.78	-22.51
1.78	-22.51
1.68	-22.45
1.68	-22.45
1.81	-22.49
1.81	-22.49
2.00	-22.55
2.00	-22.55
1.89	-22.61
1.89	-22.61
2.01	-22.56
2.01	-22.56
1.47	-22.05
1.47	-22.05
0.76	-21.72
0.76	-21.72
0.80	-21.92
0.80	-21.92
1.36	-22.25
1.36	-22.25
1.85	-22.37
1.85	-22.37
2.28	-22.01
2.28	-22.01
2.18	-21.52
2.18	-21.52
2.14	-21.36
2.14	-21.36
2.03	-21.26
2.03	-21.26
2.00	-21.30
2.00	-21.30
2.13	-21.28
2.13	-21.28
2.25	-21.35
2.25	-21.35
2.26	-21.60
2.26	-21.60
2.39	-21.63
2.39	-21.63
2.34	-21.71
2.34	-21.71
2.19	-21.75
2.19	-21.75
2.14	-21.76
2.14	-21.76
2.15	-21.92
2.15	-21.92
2.38	-21.81
2.38	-21.81
2.51	-21.86
2.51	-21.86
2.85	-22.04
2.85	-22.04
3.06	-22.03
3.06	-22.03
3.03	-22.16
3.03	-22.16
2.84	-22.15
2.84	-22.15
2.77	-22.07
2.77	-22.07
2.99	-21.72
2.99	-21.72
3.36	-21.42
3.36	-21.42
3.63	-21.62
3.63	-21.62
3.75	-21.89
3.75	-21.89
3.71	-22.05
3.71	-22.05
3.71	-21.95
3.71	-21.95
3.71	-21.84
3.71	-21.84
3.79	-21.88
3.79	-21.88
3.89	-21.99
3.89	-21.99
3.88	-21.89
3.88	-21.89
3.83	-21.88
3.83	-21.88
3.77	-21.75
3.77	-21.75
3.71	-21.73
3.71	-21.73
3.66	-21.80
3.66	-21.80
3.70	-21.87
3.70	-21.87
3.53	-22.07
3.53	-22.07
3.40	-22.15
3.40	-22.15
3.52	-22.01
3.52	-22.01
3.78	-21.87
3.78	-21.87
3.98	-21.82
3.98	-21.82
4.14	-21.76
4.14	-21.76
3.97	-21.19
3.97	-21.19
3.77	-20.40
3.77	-20.40
3.37	-20.01
3.37	-20.01
2.89	-20.27
2.89	-20.27
2.43	-20.68
2.43	-20.68
1.83	-20.97
1.83	-20.97
1.29	-21.00
1.29	-21.00
0.63	-20.88
0.63	-20.88
0.01	-20.70
0.01	-20.70
-0.39	-20.57
-0.39	-20.57
-0.57	-20.60
-0.57	-20.60
-0.29	-20.72
-0.29	-20.72
0.52	-20.89
0.52	-20.89
1.81	-20.92
1.81	-20.92
2.77	-20.95
2.77	-20.95
3.62	-20.67
3.62	-20.67
4.54	-20.32
4.54	-20.32
4.44	-20.52
4.44	-20.52
5.11	-20.68
5.11	-20.68
6.03	-20.57
6.03	-20.57
7.22	-20.07
7.22	-20.07
8.28	-19.71
8.28	-19.71
8.94	-19.11
8.94	-19.11
9.68	-19.17
9.68	-19.17
10.27	-20.01
10.27	-20.01
10.24	-20.18
10.24	-20.18
9.59	-19.64
9.59	-19.64
8.66	-18.86
8.66	-18.86
8.09	-18.45
8.09	-18.45
7.49	-18.61
7.49	-18.61
7.32	-18.53
7.32	-18.53
7.07	-18.54
7.07	-18.54
6.92	-18.95
6.92	-18.95
6.67	-19.49
6.67	-19.49
6.58	-19.59
6.58	-19.59
6.53	-19.82
6.53	-19.82
6.55	-20.13
6.55	-20.13
6.72	-20.24
6.72	-20.24
6.95	-20.53
6.95	-20.53
7.24	-20.79
7.24	-20.79
7.31	-20.85
7.31	-20.85
7.22	-20.93
7.22	-20.93
7.23	-21.14
7.23	-21.14
7.48	-21.44
7.48	-21.44
7.93	-21.30
7.93	-21.30
7.67	-20.98
7.67	-20.98
7.25	-21.00
7.25	-21.00
6.88	-21.06
6.88	-21.06
6.82	-21.07
6.82	-21.07
6.86	-21.18
6.86	-21.18
6.86	-21.15
6.86	-21.15
7.00	-20.87
7.00	-20.87
6.89	-20.61
6.89	-20.61
6.96	-20.67
6.96	-20.67
7.07	-20.77
7.07	-20.77
7.33	-20.84
7.33	-20.84
7.62	-20.79
7.62	-20.79
8.37	-20.76
8.37	-20.76
9.27	-20.56
9.27	-20.56
9.95	-20.39
9.95	-20.39
10.15	-20.44
10.15	-20.44
10.19	-20.38
10.19	-20.38
11.61	-20.02
11.61	-20.02
11.33	-19.29
11.33	-19.29
11.34	-18.30
11.34	-18.30
12.99	-17.26
12.99	-17.26
16.25	-16.31
16.25	-16.31
20.62	-14.52
20.62	-14.52
26.73	-11.75
26.73	-11.75
33.08	-9.22
33.08	-9.22
39.39	-7.02
39.39	-7.02
44.51	-5.64
44.51	-5.64
48.37	-4.49
48.37	-4.49
50.58	-3.96
50.58	-3.96
50.79	-3.87
50.79	-3.87
49.38	-4.09
49.38	-4.09
47.17	-4.20
47.17	-4.20
44.94	-4.58
44.94	-4.58
42.97	-4.85
42.97	-4.85
41.43	-5.38
41.43	-5.38
40.68	-5.29
40.68	-5.29
40.39	-4.89
40.39	-4.89
39.99	-3.06
39.99	-3.06
39.92	-1.43
39.92	-1.43
40.07	0.23
40.07	0.23
40.30	1.04
40.30	1.04
40.37	1.56
40.37	1.56
40.72	2.09
40.72	2.09
41.27	3.84
41.27	3.84
41.14	4.10
41.14	4.10
40.82	4.29
40.82	4.29
40.56	4.19
40.56	4.19
40.33	4.08
40.33	4.08
40.22	4.20
40.22	4.20
40.22	4.06
40.22	4.06
40.19	4.03
40.19	4.03
40.15	4.14
40.15	4.14
40.09	4.16
40.09	4.16
39.99	4.23
39.99	4.23
39.73	3.70
39.73	3.70
39.55	3.73
39.55	3.73
39.58	3.57
39.58	3.57
39.70	3.08
39.70	3.08
39.54	2.73
39.54	2.73
39.46	2.81
39.46	2.81
39.21	2.92
39.21	2.92
39.26	2.89
39.26	2.89
39.29	2.83
39.29	2.83
39.26	2.71
39.26	2.71
39.21	2.68
39.21	2.68
39.02	2.57
39.02	2.57
39.05	2.57
39.05	2.57
38.97	2.56
38.97	2.56
38.82	2.54
38.82	2.54
38.71	2.56
38.71	2.56
38.67	2.47
38.67	2.47
38.75	2.43
38.75	2.43
38.59	2.19
38.59	2.19
38.08	1.88
38.08	1.88
36.74	1.17
36.74	1.17
34.16	0.09
34.16	0.09
23.01	-4.98
23.01	-4.98
15.31	-8.45
15.31	-8.45
6.23	-11.40
6.23	-11.40
-4.07	-12.45
-4.07	-12.45
-11.63	-13.57
-11.63	-13.57
-16.59	-14.93
-16.59	-14.93
-20.03	-16.32
-20.03	-16.32
-22.57	-17.39
-22.57	-17.39
-24.38	-17.95
-24.38	-17.95
-25.60	-18.05
-25.60	-18.05
-26.44	-18.08
-26.44	-18.08
-27.15	-18.15
-27.15	-18.15
-28.01	-18.27
-28.01	-18.27
-29.80	-18.37
-29.80	-18.37
-32.51	-18.35
-32.51	-18.35
-36.09	-18.41
-36.09	-18.41
-40.07	-18.26
-40.07	-18.26
-47.98	-17.98
-47.98	-17.98
-51.85	-17.49
-51.85	-17.49
-55.43	-17.18
-55.43	-17.18
-58.51	-17.06
-58.51	-17.06
-61.47	-17.23
-61.47	-17.23
-64.07	-17.23
-64.07	-17.23
-66.31	-17.35
-66.31	-17.35
-67.96	-17.27
-67.96	-17.27
-69.51	-16.85
-69.51	-16.85
-70.98	-16.61
-70.98	-16.61
-71.77	-16.59
-71.77	-16.59
-72.53	-16.50
-72.53	-16.50
-73.27	-16.42
-73.27	-16.42
-73.86	-16.38
-73.86	-16.38
-74.44	-16.51
-74.44	-16.51
-75.00	-16.41
-75.00	-16.41
-75.36	-16.41
-75.36	-16.41
-75.73	-16.08
-75.73	-16.08
-76.10	-15.43
-76.10	-15.43
-76.25	-15.13
-76.25	-15.13
-76.14	-15.22
-76.14	-15.22
-76.03	-15.33
-76.03	-15.33
-75.68	-15.35
-75.68	-15.35
-75.22	-15.33
-75.22	-15.33
-74.59	-15.47
-74.59	-15.47
-73.66	-15.52
-73.66	-15.52
-73.20	-15.50
-73.20	-15.50
-73.01	-15.64
-73.01	-15.64
-72.99	-14.97
-72.99	-14.97
-73.02	-13.38
-73.02	-13.38
-72.91	-11.70
-72.91	-11.70
-72.64	-9.70
-72.64	-9.70
-72.35	-8.51
-72.35	-8.51
-71.66	-8.15
-71.66	-8.15
-70.44	-8.40
-70.44	-8.40
-68.67	-8.81
-68.67	-8.81
-65.86	-8.72
-65.86	-8.72
-61.72	-8.84
-61.72	-8.84
-56.65	-9.22
-56.65	-9.22
-51.48	-9.53
-51.48	-9.53
-46.87	-9.66
-46.87	-9.66
-42.27	-9.50
-42.27	-9.50
-37.16	-9.38
-37.16	-9.38
-32.49	-9.64
-32.49	-9.64
-27.39	-9.94
-27.39	-9.94
-21.62	-10.46
-21.62	-10.46
-14.89	-10.77
-14.89	-10.77
-7.76	-11.00
-7.76	-11.00
0.72	-11.16
0.72	-11.16
8.80	-11.36
8.80	-11.36
17.30	-11.93
17.30	-11.93
26.68	-12.08
26.68	-12.08
36.11	-11.76
36.11	-11.76
51.03	-11.69
51.03	-11.69
57.51	-11.78
57.51	-11.78
63.11	-11.50
63.11	-11.50
68.12	-11.33
68.12	-11.33
72.60	-11.15
72.60	-11.15
76.58	-11.20
76.58	-11.20
80.39	-11.18
80.39	-11.18
83.83	-11.35
83.83	-11.35
87.07	-11.35
87.07	-11.35
90.22	-11.37
90.22	-11.37
93.41	-11.83
93.41	-11.83
96.79	-12.11
96.79	-12.11
100.37	-12.39
100.37	-12.39
104.43	-13.27
104.43	-13.27
107.75	-13.77
107.75	-13.77
110.83	-13.03
110.83	-13.03
110.41	-12.93
110.41	-12.93
110.00	-13.18
110.00	-13.18
109.91	-13.77
109.91	-13.77
110.10	-13.58
110.10	-13.58
110.85	-13.57
110.85	-13.57
111.69	-13.85
111.69	-13.85
112.94	-14.05
112.94	-14.05
112.02	-14.25
112.02	-14.25
105.22	-14.34
105.22	-14.34
96.69	-15.35
96.69	-15.35
90.56	-16.44
90.56	-16.44
89.67	-16.99
89.67	-16.99
88.27	-17.20
88.27	-17.20
85.44	-17.42
85.44	-17.42
81.56	-17.46
81.56	-17.46
77.63	-17.25
77.63	-17.25
75.19	-16.98
75.19	-16.98
73.90	-16.63
73.90	-16.63
72.72	-16.43
72.72	-16.43
71.99	-16.31
71.99	-16.31
72.15	-16.09
72.15	-16.09
74.72	-16.00
74.72	-16.00
76.10	-15.47
76.10	-15.47
75.32	-15.45
75.32	-15.45
74.81	-15.39
74.81	-15.39
74.98	-15.35
74.98	-15.35
76.07	-15.38
76.07	-15.38
76.60	-15.57
76.60	-15.57
76.53	-15.68
76.53	-15.68
76.07	-15.76
76.07	-15.76
76.28	-15.80
76.28	-15.80
76.44	-15.89
76.44	-15.89
76.31	-15.98
76.31	-15.98
76.02	-16.12
76.02	-16.12
75.81	-16.17
75.81	-16.17
75.84	-16.17
75.84	-16.17
75.89	-16.11
75.89	-16.11
75.73	-16.10
75.73	-16.10
74.11	-16.06
74.11	-16.06
69.09	-16.29
69.09	-16.29
59.75	-17.19
59.75	-17.19
52.02	-17.49
52.02	-17.49
45.82	-17.95
45.82	-17.95
39.03	-16.66
39.03	-16.66
30.14	-14.71
30.14	-14.71
16.58	-11.76
16.58	-11.76
13.15	-10.75
13.15	-10.75
10.76	-9.35
10.76	-9.35
7.59	-7.94
7.59	-7.94
4.73	-6.52
4.73	-6.52
2.75	-5.63
2.75	-5.63
2.02	-5.28
2.02	-5.28
1.99	-4.78
1.99	-4.78
2.81	-4.49
2.81	-4.49
3.74	-5.18
3.74	-5.18
4.10	-5.76
4.10	-5.76
3.92	-6.17
3.92	-6.17
3.58	-5.90
3.58	-5.90
3.60	-5.51
3.60	-5.51
3.70	-5.09
3.70	-5.09
3.78	-4.88
3.78	-4.88
3.77	-4.56
3.77	-4.56
3.67	-4.16
3.67	-4.16
3.57	-3.02
3.57	-3.02
3.34	-1.40
3.34	-1.40
3.16	0.73
3.16	0.73
3.01	2.92
3.01	2.92
2.73	5.18
2.73	5.18
2.66	7.18
2.66	7.18
2.48	9.11
2.48	9.11
2.30	11.17
2.30	11.17
1.87	14.60
1.87	14.60
2.01	15.53
2.01	15.53
2.22	16.16
2.22	16.16
2.29	16.34
2.29	16.34
2.11	16.59
2.11	16.59
1.50	16.55
1.50	16.55
1.30	16.40
1.30	16.40
1.53	16.28
1.53	16.28
1.88	16.23
1.88	16.23
2.00	16.22
2.00	16.22
2.05	16.25
2.05	16.25
2.11	16.07
2.11	16.07
2.20	16.11
2.20	16.11
2.53	16.04
2.53	16.04
2.68	15.90
2.68	15.90
2.75	16.04
2.75	16.04
2.43	16.11
2.43	16.11
1.34	16.47
1.34	16.47
1.16	16.60
1.16	16.60
1.41	16.61
1.41	16.61
1.60	16.75
1.60	16.75
1.47	16.69
1.47	16.69
1.10	16.86
1.10	16.86
0.89	16.84
0.89	16.84
1.01	16.60
1.01	16.60
1.40	16.38
1.40	16.38
1.54	16.20
1.54	16.20
1.57	16.01
1.57	16.01
1.57	15.90
1.57	15.90
1.64	15.71
1.64	15.71
1.80	15.41
1.80	15.41
1.92	15.02
1.92	15.02
2.06	14.83
2.06	14.83
2.10	14.39
2.10	14.39
2.04	14.34
2.04	14.34
2.18	14.11
2.18	14.11
2.32	13.72
2.32	13.72
2.25	12.85
2.25	12.85
2.12	11.78
2.12	11.78
2.13	10.79
2.13	10.79
2.01	9.77
2.01	9.77
1.91	9.05
1.91	9.05
2.02	8.74
2.02	8.74
1.97	8.58
1.97	8.58
2.10	8.39
2.10	8.39
2.22	7.29
2.22	7.29
2.19	6.83
2.19	6.83
2.22	6.76
2.22	6.76
2.21	7.07
2.21	7.07
2.12	7.07
2.12	7.07
2.04	7.08
2.04	7.08
1.98	7.05
1.98	7.05
1.94	6.80
1.94	6.80
1.96	6.09
1.96	6.09
2.05	3.67
2.05	3.67
2.28	-0.77
2.28	-0.77
2.60	-4.52
2.60	-4.52
2.43	-8.72
2.43	-8.72
2.26	-9.41
2.26	-9.41
2.42	-9.87
2.42	-9.87
3.17	-10.80
3.17	-10.80
3.77	-12.35
3.77	-12.35
4.00	-13.10
4.00	-13.10
3.99	-13.61
3.99	-13.61
4.03	-13.49
4.03	-13.49
3.96	-13.24
3.96	-13.24
3.79	-13.11
3.79	-13.11
3.71	-13.37
3.71	-13.37
3.61	-13.52
3.61	-13.52
3.73	-13.78
3.73	-13.78
3.68	-13.78
3.68	-13.78
3.62	-13.72
3.62	-13.72
3.47	-13.59
3.47	-13.59
3.13	-13.40
3.13	-13.40
1.36	-12.64
1.36	-12.64
-0.69	-12.12
-0.69	-12.12
-3.10	-12.23
-3.10	-12.23
-5.40	-12.63
-5.40	-12.63
-8.13	-12.99
-8.13	-12.99
-11.45	-12.94
-11.45	-12.94
-15.23	-12.84
-15.23	-12.84
-18.93	-13.05
-21.79	-13.21
-24.70	-13.34
-24.70	-13.34
-24.70	-13.34
-30.66	-13.95
-30.66	-13.95
-33.84	-14.17
-33.84	-14.17
-36.74	-14.05
-36.74	-14.05
-39.30	-14.02
-39.30	-14.02
-41.04	-13.55
-41.04	-13.55
-42.54	-13.22
-42.54	-13.22
-44.56	-12.87
-44.56	-12.87
-46.63	-12.14
-46.63	-12.14
-49.25	-11.37
-49.25	-11.37
-51.91	-10.87
-51.91	-10.87
-53.60	-10.53
-53.60	-10.53
-54.99	-10.58
-54.99	-10.58
-56.50	-10.76
-56.50	-10.76
-58.54	-10.91
-58.54	-10.91
-61.15	-11.70
-61.15	-11.70
-63.72	-11.68
-63.72	-11.68
-67.20	-11.91
-67.20	-11.91
-70.96	-12.56
-70.96	-12.56
-74.48	-12.67
-74.48	-12.67
-77.46	-12.24
-77.46	-12.24
-80.85	-12.23
-80.85	-12.23
-87.92	-12.73
-87.92	-12.73
-91.67	-12.56
-91.67	-12.56
-94.79	-12.19
-94.79	-12.19
-97.53	-11.72
-97.53	-11.72
-99.72	-11.85
-99.72	-11.85
-101.90	-11.75
-101.90	-11.75
-104.01	-11.50
-104.01	-11.50
-106.35	-11.64
-108.53	-11.71
-108.53	-11.71
-110.67	-11.94
-110.67	-11.94
-112.45	-12.29
-112.45	-12.29
-114.43	-12.75
-114.43	-12.75
-116.45	-13.19
-116.45	-13.19
-118.70	-13.54
-118.70	-13.54
-121.23	-13.82
-121.23	-13.82
-126.45	-13.32
-126.45	-13.32
-129.08	-12.69
-129.08	-12.69
-130.98	-11.99
-130.98	-11.99
-131.19	-11.46
-131.19	-11.46
-130.65	-11.00
-130.65	-11.00
-130.22	-10.24
-130.22	-10.24
-129.69	-7.92
-129.69	-7.92
-129.37	-6.05
-129.37	-6.05
-129.29	-4.93
-129.29	-4.93
-130.31	-4.35
-130.31	-4.35
-131.70	-2.94
-131.70	-2.94
-132.91	-1.10
-132.91	-1.10
-133.96	0.51
-133.96	0.51
-135.73	1.27
-135.73	1.27
-138.39	1.28
-138.39	1.28
-141.36	1.56
-141.36	1.56
-142.46	1.53
-142.46	1.53
-140.81	1.72
-140.81	1.72
-141.01	1.78
-141.01	1.78
-141.55	1.65
-141.55	1.65
-141.28	1.41
-141.28	1.41
-140.51	1.33
-140.51	1.33
-140.06	1.46
-140.06	1.46
-139.73	1.47
-139.73	1.47
-139.40	1.30
-139.40	1.30
-139.28	1.24
-139.28	1.24
-138.96	1.36
-138.96	1.36
-138.62	1.35
-138.62	1.35
-138.48	1.32
-138.48	1.32
-138.33	1.18
-138.33	1.18
-138.27	1.30
-138.27	1.30
-138.10	1.28
-138.10	1.28
-138.03	1.21
-138.03	1.21
-137.69	1.13
-137.69	1.13
-137.15	0.97
-137.15	0.97
-136.25	0.82
-136.25	0.82
-134.39	0.45
-134.39	0.45
-125.13	-1.50
-125.13	-1.50
-116.29	-3.34
-116.29	-3.34
-108.23	-4.69
-108.23	-4.69
-99.25	-5.84
-99.25	-5.84
-90.28	-7.38
-90.28	-7.38
-82.53	-8.72
-82.53	-8.72
-75.76	-9.94
-75.76	-9.94
-70.16	-10.61
-70.16	-10.61
-64.39	-11.22
-64.39	-11.22
-58.74	-11.39
-58.74	-11.39
-52.87	-11.14
-52.87	-11.14
-47.24	-11.07
-47.24	-11.07
-40.93	-11.24
-40.93	-11.24
-34.70	-11.39
-34.70	-11.39
-28.51	-11.97
-28.51	-11.97
-21.97	-12.26
-21.97	-12.26
-15.13	-11.85
-15.13	-11.85
-8.36	-11.31
-8.36	-11.31
-2.67	-11.79
-2.67	-11.79
2.39	-12.71
7.12	-13.00
11.01	-12.64
14.14	-12.30
14.14	-12.30
16.26	-12.24
16.26	-12.24
17.67	-12.61
17.67	-12.61
18.14	-12.69
18.14	-12.69
17.40	-12.29
17.40	-12.29
15.86	-11.63
15.86	-11.63
13.96	-11.24
13.96	-11.24
11.88	-10.42
11.88	-10.42
9.47	-9.32
9.47	-9.32
7.17	-7.99
7.17	-7.99
3.81	-5.15
3.81	-5.15
3.47	-4.33
3.47	-4.33
5.27	-4.42
5.27	-4.42
8.86	-5.11
8.86	-5.11
13.07	-5.86
13.07	-5.86
15.88	-5.54
15.88	-5.54
16.90	-4.54
16.90	-4.54
16.62	-3.81
16.62	-3.81
15.80	-3.53
15.80	-3.53
15.21	-3.81
15.21	-3.81
14.89	-4.21
14.89	-4.21
14.59	-4.02
14.59	-4.02
14.05	-3.46
14.05	-3.46
13.28	-2.89
13.28	-2.89
12.49	-2.49
12.49	-2.49
11.63	-2.28
11.63	-2.28
10.86	-2.10
10.86	-2.10
10.21	-1.89
10.21	-1.89
9.73	-1.24
9.73	-1.24
9.51	-0.58
9.51	-0.58
8.91	0.42
8.91	0.42
8.69	0.83
8.69	0.83
8.47	1.26
8.47	1.26
8.34	1.65
8.34	1.65
8.25	2.42
8.25	2.42
8.05	3.37
8.05	3.37
7.65	4.28
7.65	4.28
7.36	5.18
7.36	5.18
6.66	6.49
6.66	6.49
6.26	6.74
6.26	6.74
6.17	6.83
6.17	6.83
6.03	6.92
6.03	6.92
5.96	6.73
5.96	6.73
5.92	6.82
5.92	6.82
5.87	6.96
5.87	6.96
5.94	7.10
5.94	7.10
6.25	6.81
6.25	6.81
6.51	6.63
6.51	6.63
6.66	6.39
6.66	6.39
6.85	6.05
6.85	6.05
7.20	5.60
7.20	5.60
7.51	5.25
7.51	5.25
7.86	5.04
7.86	5.04
8.01	4.94
8.01	4.94
7.98	5.07
7.98	5.07
7.67	5.12
7.67	5.12
7.53	5.08
7.53	5.08
7.37	4.88
7.37	4.88
7.41	4.79
7.41	4.79
7.39	4.75
7.39	4.75
7.34	4.82
7.34	4.82
7.37	4.95
7.37	4.95
7.42	4.87
7.42	4.87
7.57	4.71
7.57	4.71
7.74	4.55
7.74	4.55
7.85	4.59
7.85	4.59
8.02	4.47
8.02	4.47
8.50	4.24
8.50	4.24
8.84	3.98
8.84	3.98
9.20	3.60
9.20	3.60
9.60	3.40
9.60	3.40
9.85	3.27
9.85	3.27
10.43	2.75
10.43	2.75
10.89	2.47
10.89	2.47
11.32	2.13
11.32	2.13
11.70	1.80
11.70	1.80
11.79	1.66
11.79	1.66
11.90	1.29
11.90	1.29
12.00	1.02
12.00	1.02
11.75	0.68
11.75	0.68
11.47	0.61
11.47	0.61
11.48	0.46
11.48	0.46
11.20	0.10
11.20	0.10
11.05	-0.17
11.05	-0.17
11.20	-0.44
11.20	-0.44
11.22	-0.82
11.22	-0.82
11.35	-0.81
11.35	-0.81
11.33	-0.91
11.33	-0.91
11.52	-1.01
11.52	-1.01
11.77	-1.11
11.77	-1.11
12.08	-0.99
12.08	-0.99
12.58	-0.88
12.58	-0.88
13.12	-0.91
13.12	-0.91
13.12	-0.91
13.61	-0.89
13.61	-0.89
13.61	-0.89
14.72	-0.61
15.47	-0.52
15.47	-0.52
16.35	-0.54
16.35	-0.54
17.34	-0.59
17.34	-0.59
17.34	-0.59
18.19	-0.64
18.68	-0.69
18.68	-0.69
19.24	-0.85
19.24	-0.85
19.24	-0.85
19.66	-1.03
19.77	-1.09
19.77	-1.09
19.77	-1.09
19.42	-0.96
19.06	-0.84
19.06	-0.84
18.52	-0.97
18.52	-0.97
18.52	-0.97
18.21	-1.10
18.21	-1.10
17.66	-1.25
16.94	-1.07
16.94	-1.07
15.74	-0.78
15.74	-0.78
14.08	-0.41
14.08	-0.41
12.45	0.10
12.45	0.10
10.94	0.85
10.94	0.85
10.94	0.85
7.88	3.07
7.88	3.07
6.92	4.70
6.92	4.70
6.26	6.56
6.26	6.56
5.86	8.12
5.86	8.12
5.54	9.81
5.54	9.81
4.88	12.95
4.88	12.95
4.61	14.44
4.61	14.44
4.51	15.68
4.51	15.68
4.47	16.73
4.47	16.73
4.27	18.14
4.27	18.14
3.49	19.43
3.49	19.43
2.99	20.74
2.99	20.74
2.79	21.80
2.79	21.80
2.72	22.49
2.72	22.49
2.88	23.37
2.88	23.37
2.82	23.52
2.82	23.52
2.77	23.90
2.77	23.90
2.77	24.34
2.77	24.34
2.23	24.69
2.23	24.69
2.43	24.71
2.43	24.71
2.47	24.46
2.47	24.46
2.46	24.38
2.46	24.38
2.22	24.28
2.22	24.28
2.05	24.29
2.05	24.29
2.26	24.13
2.26	24.13
2.26	24.13
2.67	23.87
2.67	23.87
2.49	23.63
2.49	23.63
2.37	23.40
2.37	23.40
2.26	23.12
2.26	23.12
2.56	22.80
2.56	22.80
3.37	22.78
3.37	22.78
3.46	22.42
3.46	22.42
3.17	22.21
3.17	22.21
2.71	22.15
2.71	22.15
2.58	22.32
2.58	22.32
2.61	22.31
2.61	22.31
2.47	22.26
2.47	22.26
2.35	22.31
2.35	22.31
2.24	22.26
2.24	22.26
2.37	22.21
2.37	22.21
2.40	22.17
2.40	22.17
2.52	22.15
2.52	22.15
2.51	22.16
2.51	22.16
2.43	22.36
2.43	22.36
2.48	22.50
2.48	22.50
2.57	22.55
2.57	22.55
2.36	22.70
2.36	22.70
2.42	22.73
2.42	22.73
2.48	22.71
2.48	22.71
2.38	22.81
2.38	22.81
2.27	22.76
2.27	22.76
2.51	22.62
2.51	22.62
3.37	22.35
3.37	22.35
4.01	22.02
4.01	22.02
4.40	21.70
4.40	21.70
4.43	21.22
4.43	21.22
4.55	20.53
4.55	20.53
5.00	19.80
5.00	19.80
5.58	19.04
5.58	19.04
6.29	17.45
6.29	17.45
6.21	15.96
6.21	15.96
5.19	14.81
5.19	14.81
4.85	13.67
4.85	13.67
4.62	13.45
4.62	13.45
4.20	13.07
4.20	13.07
3.99	12.83
3.99	12.83
3.90	12.20
3.90	12.20
4.00	11.78
4.00	11.78
4.16	11.69
4.16	11.69
4.12	11.75
4.12	11.75
4.04	11.85
4.04	11.85
4.05	12.14
4.05	12.14
3.80	12.24
3.80	12.24
3.65	12.29
3.65	12.29
3.58	12.34
3.58	12.34
3.45	12.38
3.45	12.38
3.57	12.33
3.57	12.33
5.87	11.86
5.87	11.86
11.77	10.35
11.77	10.35
20.76	8.43
20.76	8.43
30.41	6.46
30.41	6.46
40.04	3.79
40.04	3.79
49.87	0.68
49.87	0.68
57.98	-1.33
57.98	-1.33
64.07	-3.76
64.07	-3.76
70.51	-7.85
70.51	-7.85
72.37	-8.65
72.37	-8.65
73.44	-9.08
74.75	-9.69
75.94	-10.12
75.94	-10.12
75.94	-10.12
76.73	-10.69
76.73	-10.69
77.46	-11.06
77.46	-11.06
78.23	-11.20
78.23	-11.20
79.07	-11.56
79.07	-11.56
80.59	-11.77
80.59	-11.77
82.73	-11.59
82.73	-11.59
84.43	-11.50
84.43	-11.50
85.95	-11.87
85.95	-11.87
86.60	-11.95
86.60	-11.95
86.73	-12.08
86.93	-12.23
86.93	-12.23
86.93	-12.23
87.56	-12.46
87.56	-12.46
88.37	-12.74
88.37	-12.74
88.79	-13.12
88.79	-13.12
88.98	-13.32
88.98	-13.32
89.04	-13.48
89.04	-13.48
89.33	-13.67
89.33	-13.67
89.41	-13.82
89.41	-13.82
89.29	-13.81
89.29	-13.81
89.17	-13.89
89.17	-13.89
89.27	-13.89
89.27	-13.89
89.50	-14.21
89.50	-14.21
89.61	-14.19
89.61	-14.19
89.48	-14.28
89.48	-14.28
89.25	-14.27
89.25	-14.27
89.30	-14.25
89.30	-14.25
89.42	-14.32
89.42	-14.32
89.16	-14.31
89.16	-14.31
88.91	-14.37
88.91	-14.37
88.89	-14.57
88.89	-14.57
89.00	-14.45
89.00	-14.45
88.93	-14.34
88.93	-14.34
88.84	-14.46
88.84	-14.46
88.90	-14.47
88.90	-14.47
88.92	-14.62
88.92	-14.62
89.09	-14.70
89.09	-14.70
89.17	-14.77
89.17	-14.77
89.33	-14.79
89.33	-14.79
89.53	-14.68
89.53	-14.68
89.59	-14.57
89.59	-14.57
89.59	-14.57
89.59	-14.57
89.49	-14.53
89.49	-14.53
89.45	-14.56
89.45	-14.56
89.45	-14.75
89.45	-14.75
88.88	-14.76
88.88	-14.76
87.63	-14.64
87.63	-14.64
84.20	-13.97
84.20	-13.97
75.79	-14.11
75.79	-14.11
66.24	-14.30
66.24	-14.30
59.05	-13.90
59.05	-13.90
53.39	-13.62
53.39	-13.62
48.05	-13.30
48.05	-13.30
41.74	-13.05
41.74	-13.05
35.96	-12.35
35.96	-12.35
30.91	-11.78
30.91	-11.78
26.86	-11.25
26.86	-11.25
23.02	-10.78
23.02	-10.78
19.72	-10.41
19.72	-10.41
13.84	-9.56
13.84	-9.56
10.41	-8.95
10.41	-8.95
7.19	-8.01
7.19	-8.01
5.06	-7.36
5.06	-7.36
3.58	-7.16
3.58	-7.16
2.65	-6.95
2.65	-6.95
1.99	-6.72
1.99	-6.72
1.76	-6.57
1.76	-6.57
1.97	-6.50
1.97	-6.50
2.30	-6.82
2.30	-6.82
2.37	-7.25
2.37	-7.25
2.42	-7.42
2.42	-7.42
2.59	-7.49
2.59	-7.49
2.73	-7.34
2.73	-7.34
2.97	-7.41
2.97	-7.41
3.18	-7.44
3.18	-7.44
3.27	-7.38
3.27	-7.38
3.41	-7.26
3.41	-7.26
3.59	-7.36
3.59	-7.36
3.84	-7.31
3.84	-7.31
3.89	-7.28
3.89	-7.28
3.96	-7.46
3.96	-7.46
3.93	-7.43
3.93	-7.43
3.84	-7.28
3.84	-7.28
3.79	-7.30
3.79	-7.30
3.77	-7.36
3.77	-7.36
3.63	-7.54
3.63	-7.54
3.38	-7.90
3.38	-7.90
3.25	-8.46
3.06	-8.74
3.06	-8.74
2.29	-8.77
2.29	-8.77
0.65	-8.96
0.65	-8.96
-1.86	-8.78
-1.86	-8.78
-4.10	-7.90
-4.10	-7.90
-4.75	-6.19
-4.75	-6.19
-4.15	-4.06
-4.15	-4.06
-3.12	-2.56
-3.12	-2.56
-2.13	-1.40
-2.13	-1.40
-1.37	0.22
-1.37	0.22
-0.13	2.58
-0.13	2.58
0.86	4.74
1.73	6.34
1.73	6.34
1.73	6.34
2.53	7.67
2.53	7.67
3.10	8.62
3.10	8.62
3.41	9.61
3.77	10.49
3.84	11.16
3.87	11.57
3.87	11.57
4.00	11.77
4.00	11.77
3.84	11.99
3.84	11.99
3.54	12.17
3.54	12.17
3.37	12.29
3.37	12.29
3.26	12.25
3.26	12.25
3.09	12.21
3.09	12.21
3.00	12.06
3.00	12.06
3.00	11.97
3.00	11.97
3.00	11.97
3.00	11.97
2.86	11.97
2.86	11.97
3.00	11.98
3.00	11.98
2.90	12.05
2.90	12.05
2.88	12.37
2.88	12.37
2.76	12.35
2.76	12.35
2.79	12.25
2.79	12.25
2.88	12.11
2.88	12.11
2.95	11.98
2.95	11.98
2.95	12.06
2.95	12.06
2.97	11.78
2.97	11.78
2.84	11.53
2.84	11.53
2.85	11.27
2.85	11.27
2.93	10.95
2.93	10.95
2.89	10.73
2.89	10.73
2.74	10.60
2.74	10.60
2.73	10.52
2.73	10.52
2.59	10.43
2.59	10.43
2.47	10.45
2.47	10.45
2.38	10.36
2.38	10.36
2.22	10.26
2.22	10.26
1.65	10.01
1.65	10.01
0.80	9.66
0.80	9.66
-0.58	9.04
-0.58	9.04
-2.19	8.68
-2.19	8.68
-3.68	8.22
-3.68	8.22
-5.39	8.08
-5.39	8.08
-7.15	7.70
-7.15	7.70
-9.23	7.41
-9.23	7.41
-11.80	7.28
-11.80	7.28
-14.44	7.01
-14.44	7.01
-17.06	6.79
-17.06	6.79
-20.02	6.49
-20.02	6.49
-26.30	4.66
-26.30	4.66
-29.96	3.78
-29.96	3.78
-29.96	3.78
-34.44	2.79
-34.44	2.79
-39.44	1.25
-39.44	1.25
-45.74	-0.03
-45.74	-0.03
-58.56	-2.47
-58.56	-2.47
-64.65	-4.26
-64.65	-4.26
-70.45	-5.80
