20.28	-2.23
20.92	-1.27
20.92	-1.27
21.38	-0.27
21.38	-0.27
22.15	0.58
22.15	0.58
22.98	1.18
23.64	1.46
23.64	1.46
24.00	1.40
24.00	1.40
23.85	1.31
23.85	1.31
23.54	1.51
23.64	1.80
23.64	1.80
23.89	1.96
23.89	1.96
24.03	2.22
23.91	2.53
23.91	2.53
23.82	3.03
23.82	3.03
24.06	2.87
24.06	2.87
24.55	3.15
25.44	3.16
25.44	3.16
26.26	3.16
26.26	3.16
26.98	2.61
27.56	1.10
27.56	1.10
28.31	-1.37
28.31	-1.37
29.40	-2.47
29.40	-2.47
30.29	-3.18
31.51	-4.00
31.51	-4.00
32.45	-4.75
32.45	-4.75
33.01	-5.32
33.15	-5.75
33.15	-5.75
32.99	-5.63
32.99	-5.63
32.71	-5.59
32.71	-5.59
32.61	-5.47
32.43	-5.29
32.43	-5.29
32.37	-5.26
32.37	-5.26
32.19	-4.89
32.02	-4.64
31.78	-4.37
31.49	-4.01
31.49	-4.01
31.42	-3.63
31.42	-3.63
31.31	-3.67
31.21	-3.56
31.21	-3.56
31.03	-3.07
31.03	-3.07
30.54	-2.34
30.54	-2.34
30.05	-1.89
29.36	-1.10
29.36	-1.10
28.93	-1.02
28.93	-1.02
28.67	-1.08
28.50	-1.09
28.50	-1.09
28.09	-1.20
28.09	-1.20
27.68	-1.31
27.68	-1.31
27.43	-1.02
27.62	-1.11
27.62	-1.11
27.37	-1.09
27.37	-1.09
27.27	-1.28
27.19	-1.12
27.19	-1.12
27.06	-0.99
27.06	-0.99
27.09	-0.96
27.09	-0.96
26.89	-0.73
26.87	-0.65
26.87	-0.65
26.64	-0.55
26.64	-0.55
26.48	-0.38
26.33	-0.10
26.33	-0.10
26.49	0.50
26.49	0.50
26.68	0.62
26.68	0.62
26.63	0.26
26.54	0.14
26.54	0.14
26.55	-0.00
26.55	-0.00
26.45	0.09
26.45	0.09
26.40	0.17
26.27	0.17
26.27	0.17
26.18	0.22
26.18	0.22
26.33	0.17
26.38	0.01
26.38	0.01
26.45	-0.23
26.45	-0.23
26.48	-0.43
26.48	-0.43
26.36	-0.40
26.11	-0.52
26.11	-0.52
25.96	-0.61
25.96	-0.61
25.74	-0.69
25.76	-0.77
25.76	-0.77
25.89	-0.93
25.89	-0.93
25.91	-1.09
25.91	-1.09
26.02	-1.22
25.85	-1.23
25.85	-1.23
25.83	-1.31
25.83	-1.31
25.74	-1.42
25.67	-1.52
25.67	-1.52
25.53	-1.39
25.53	-1.39
25.38	-1.48
25.38	-1.48
25.17	-1.20
24.98	-1.27
24.98	-1.27
24.87	-1.37
24.87	-1.37
24.74	-1.31
24.60	-1.26
24.60	-1.26
24.57	-1.01
24.57	-1.01
24.30	-0.79
24.30	-0.79
24.08	-0.46
23.61	0.21
23.61	0.21
22.88	1.15
22.88	1.15
22.07	1.84
21.43	2.05
21.43	2.05
21.18	1.75
21.18	1.75
21.17	1.64
21.17	1.64
21.36	1.94
21.61	2.37
21.61	2.37
21.52	2.79
21.52	2.79
21.17	3.33
21.13	3.74
21.13	3.74
21.27	4.23
21.27	4.23
21.47	4.46
21.47	4.46
21.82	4.73
21.64	4.66
21.64	4.66
21.20	5.07
21.20	5.07
20.69	6.05
20.44	6.91
20.44	6.91
20.46	7.62
20.46	7.62
20.22	8.74
20.22	8.74
20.10	9.42
20.05	9.78
20.05	9.78
20.29	10.03
20.29	10.03
20.49	9.83
20.88	9.26
20.88	9.26
21.10	8.32
21.10	8.32
21.23	7.63
21.23	7.63
20.88	7.28
20.26	7.64
20.26	7.64
19.36	8.02
19.36	8.02
18.41	7.61
18.41	7.61
17.19	6.31
17.19	6.31
15.95	5.08
14.48	4.93
14.48	4.93
12.81	4.47
12.81	4.47
10.98	4.05
9.47	3.27
9.47	3.27
8.80	1.75
8.80	1.75
7.70	1.44
7.70	1.44
6.81	1.07
5.97	1.09
5.97	1.09
4.93	0.95
4.93	0.95
3.96	0.61
2.58	0.63
2.58	0.63
1.82	0.22
1.82	0.22
1.04	0.03
1.04	0.03
0.31	0.04
0.12	-0.20
0.12	-0.20
0.21	-0.30
0.21	-0.30
0.54	-0.30
0.60	-0.45
0.60	-0.45
0.59	-0.35
0.59	-0.35
0.45	-0.26
0.45	-0.26
-0.00	-0.22
-0.55	-0.31
-0.55	-0.31
-1.55	-0.12
-1.55	-0.12
-2.48	-0.02
-3.33	0.23
-3.33	0.23
-4.16	0.60
-4.16	0.60
-5.01	1.04
-5.01	1.04
-5.91	1.13
-6.58	0.76
-6.58	0.76
-7.25	-0.04
-7.25	-0.04
-7.96	-1.04
-8.51	-2.09
-8.51	-2.09
-9.19	-3.11
-9.19	-3.11
-10.10	-3.48
-10.10	-3.48
-11.03	-4.02
-11.85	-4.71
-11.85	-4.71
-12.48	-5.18
-12.48	-5.18
-12.93	-5.55
-12.92	-5.81
-12.92	-5.81
-12.95	-6.14
-12.95	-6.14
-12.94	-6.60
-12.94	-6.60
-13.14	-7.01
-13.62	-7.60
-13.62	-7.60
-14.10	-8.07
-14.10	-8.07
-14.65	-8.56
-15.12	-9.23
-15.12	-9.23
-15.48	-9.75
-15.48	-9.75
-15.84	-10.13
-15.84	-10.13
-16.17	-10.52
-16.45	-10.55
-16.45	-10.55
-16.37	-10.56
-16.03	-10.58
-16.03	-10.58
-15.82	-10.67
-15.82	-10.67
-15.73	-10.59
-15.73	-10.59
-15.58	-10.56
-15.58	-10.56
-15.61	-10.66
-15.61	-10.66
-15.55	-10.57
-15.28	-10.70
-15.28	-10.70
-14.86	-10.76
-14.86	-10.76
-14.43	-11.04
-14.07	-10.80
-13.90	-11.07
-13.90	-11.07
-13.55	-11.14
-13.55	-11.14
-13.14	-11.23
-13.14	-11.23
-12.43	-11.27
-12.43	-11.27
-11.38	-11.35
-11.38	-11.35
-10.09	-11.12
-10.09	-11.12
-7.59	-11.03
-7.59	-11.03
-6.42	-10.94
-6.42	-10.94
-5.45	-10.84
-5.45	-10.84
-4.17	-10.70
-4.17	-10.70
-2.84	-10.35
-2.84	-10.35
-1.57	-10.44
-1.57	-10.44
-0.41	-10.55
-0.41	-10.55
1.61	-10.25
1.61	-10.25
2.58	-10.03
2.58	-10.03
3.53	-9.78
3.53	-9.78
4.49	-9.54
4.49	-9.54
5.25	-9.29
5.25	-9.29
5.86	-9.16
5.86	-9.16
7.06	-8.86
7.06	-8.86
7.56	-8.47
7.56	-8.47
7.95	-8.28
7.95	-8.28
8.19	-8.15
8.19	-8.15
8.56	-7.76
8.56	-7.76
9.09	-7.49
9.09	-7.49
10.14	-7.13
10.14	-7.13
10.77	-6.99
10.77	-6.99
11.06	-6.78
11.06	-6.78
11.50	-6.64
11.50	-6.64
11.91	-6.46
11.91	-6.46
12.31	-6.33
12.84	-6.25
12.84	-6.25
13.15	-5.81
13.15	-5.81
13.65	-5.70
13.65	-5.70
14.08	-5.63
14.08	-5.63
14.60	-5.58
14.99	-5.60
15.22	-5.64
15.22	-5.64
15.38	-5.56
15.38	-5.56
15.37	-5.70
15.37	-5.70
15.39	-5.69
15.39	-5.69
15.80	-5.73
15.80	-5.73
16.17	-5.78
16.17	-5.78
16.47	-5.80
16.47	-5.80
16.84	-5.31
17.91	-5.24
17.91	-5.24
18.86	-5.14
18.86	-5.14
20.27	-5.22
20.27	-5.22
22.09	-5.38
22.09	-5.38
24.01	-5.72
24.01	-5.72
25.89	-6.15
27.53	-6.73
27.53	-6.73
28.93	-6.85
29.99	-6.95
29.99	-6.95
30.92	-7.05
30.92	-7.05
31.59	-7.05
31.59	-7.05
32.12	-6.99
32.12	-6.99
32.85	-6.51
32.85	-6.51
33.72	-6.36
33.72	-6.36
35.24	-6.59
35.24	-6.59
35.82	-6.88
35.82	-6.88
36.49	-7.21
36.49	-7.21
36.98	-7.42
36.98	-7.42
37.68	-7.71
38.53	-7.39
38.53	-7.39
39.55	-7.09
39.55	-7.09
40.51	-7.30
41.11	-7.75
41.11	-7.75
41.62	-8.24
41.62	-8.24
41.98	-8.71
41.98	-8.71
42.19	-9.16
42.19	-9.16
42.39	-9.21
42.39	-9.21
42.92	-9.28
42.92	-9.28
43.17	-9.24
43.17	-9.24
43.38	-9.18
43.51	-9.32
43.51	-9.32
43.95	-9.25
43.95	-9.25
44.50	-9.21
45.20	-9.30
45.20	-9.30
46.22	-9.44
46.22	-9.44
47.00	-9.51
47.00	-9.51
47.85	-9.61
48.74	-9.76
48.74	-9.76
49.44	-9.67
49.44	-9.67
50.12	-10.00
50.12	-10.00
50.73	-10.08
50.73	-10.08
51.58	-10.13
51.58	-10.13
52.59	-10.24
52.59	-10.24
54.78	-10.53
54.78	-10.53
56.08	-10.74
56.08	-10.74
56.08	-10.74
57.01	-10.81
57.01	-10.81
58.25	-10.94
58.25	-10.94
58.25	-10.94
58.51	-11.00
58.51	-11.00
58.67	-11.15
58.47	-11.19
58.47	-11.19
58.39	-11.12
58.39	-11.12
58.58	-11.12
58.79	-11.01
58.79	-11.01
59.11	-11.01
59.11	-11.01
59.24	-11.04
59.37	-11.05
59.37	-11.05
59.53	-11.04
59.53	-11.04
59.69	-11.11
59.73	-11.08
59.73	-11.08
59.81	-11.10
59.81	-11.10
59.69	-11.06
59.60	-11.20
59.60	-11.20
59.47	-11.32
59.47	-11.32
59.36	-11.28
59.36	-11.28
59.26	-11.30
59.26	-11.30
59.32	-11.28
59.32	-11.28
59.30	-11.31
59.30	-11.31
59.33	-11.46
59.33	-11.46
59.32	-11.33
59.32	-11.33
59.28	-11.46
59.28	-11.46
59.27	-11.51
59.27	-11.51
59.38	-11.69
59.38	-11.69
59.28	-11.66
59.28	-11.66
59.30	-11.67
59.30	-11.67
59.23	-11.88
59.23	-11.88
59.07	-11.90
59.07	-11.90
59.02	-11.82
59.02	-11.82
59.12	-12.07
59.00	-12.05
58.94	-12.18
58.94	-12.18
58.85	-12.15
58.85	-12.15
58.62	-12.12
58.62	-12.12
58.40	-12.19
58.40	-12.19
58.05	-12.28
58.05	-12.28
57.81	-12.41
57.81	-12.41
57.18	-12.44
57.18	-12.44
56.70	-12.54
56.70	-12.54
56.17	-12.60
55.64	-12.53
55.64	-12.53
55.20	-12.57
55.20	-12.57
54.85	-12.71
54.85	-12.71
54.53	-12.93
54.53	-12.93
54.24	-12.91
54.24	-12.91
53.93	-12.80
53.93	-12.80
53.27	-13.04
53.27	-13.04
53.00	-13.06
53.00	-13.06
52.68	-12.85
52.68	-12.85
52.32	-12.44
52.32	-12.44
51.75	-11.41
51.75	-11.41
50.71	-10.60
50.71	-10.60
48.85	-10.13
48.85	-10.13
48.31	-10.01
48.31	-10.01
48.31	-10.01
48.03	-10.21
48.03	-10.21
47.80	-10.39
47.80	-10.39
47.75	-10.24
47.75	-10.24
47.56	-10.16
47.20	-9.89
47.20	-9.89
46.96	-9.83
46.96	-9.83
46.72	-9.71
46.72	-9.71
46.28	-9.66
46.28	-9.66
46.01	-9.54
46.01	-9.54
45.49	-9.29
45.49	-9.29
44.66	-9.09
44.66	-9.09
44.19	-8.94
44.19	-8.94
43.73	-8.84
43.73	-8.84
43.05	-8.45
43.05	-8.45
42.44	-8.35
42.44	-8.35
41.94	-8.24
41.44	-8.09
41.44	-8.09
41.44	-8.09
40.32	-7.94
40.32	-7.94
39.85	-7.78
39.85	-7.78
39.85	-7.78
39.09	-7.70
39.09	-7.70
38.41	-7.37
37.66	-7.10
37.66	-7.10
36.86	-6.97
36.86	-6.97
36.30	-6.72
35.73	-6.61
35.73	-6.61
35.21	-6.57
35.21	-6.57
34.92	-6.22
34.39	-6.13
34.39	-6.13
34.09	-5.94
34.09	-5.94
33.49	-5.80
33.49	-5.80
33.16	-5.74
33.16	-5.74
32.32	-5.13
32.32	-5.13
31.88	-4.56
31.88	-4.56
31.32	-4.08
31.32	-4.08
30.76	-3.76
30.76	-3.76
30.23	-3.42
30.23	-3.42
29.42	-2.89
29.42	-2.89
29.25	-2.73
29.25	-2.73
28.89	-2.71
28.89	-2.71
28.78	-2.81
28.65	-3.10
28.65	-3.10
28.50	-3.15
28.50	-3.15
28.29	-3.02
27.99	-3.10
27.99	-3.10
27.48	-3.26
27.48	-3.26
26.79	-3.18
26.79	-3.18
26.24	-3.28
26.24	-3.28
25.54	-3.23
25.06	-3.32
25.06	-3.32
24.65	-3.41
24.18	-3.55
24.18	-3.55
23.73	-3.53
23.73	-3.53
23.37	-3.53
23.37	-3.53
23.06	-3.64
23.06	-3.64
22.84	-3.70
22.84	-3.70
22.59	-3.72
22.59	-3.72
22.21	-3.85
22.21	-3.85
21.88	-3.92
21.88	-3.92
21.44	-3.79
21.44	-3.79
20.82	-3.76
20.82	-3.76
20.37	-3.71
19.97	-3.83
19.97	-3.83
19.73	-3.81
19.73	-3.81
19.45	-3.76
19.45	-3.76
19.14	-3.73
19.14	-3.73
18.96	-3.68
18.96	-3.68
18.77	-3.78
18.77	-3.78
18.41	-3.80
18.41	-3.80
18.22	-3.71
18.22	-3.71
18.13	-3.85
18.13	-3.85
18.03	-3.98
18.03	-3.98
17.72	-3.99
17.72	-3.99
17.51	-3.90
17.51	-3.90
17.26	-3.65
17.24	-3.48
17.24	-3.48
17.11	-3.40
17.11	-3.40
16.96	-3.59
16.96	-3.59
16.80	-3.55
16.80	-3.55
16.80	-3.55
16.65	-3.43
16.61	-3.39
16.61	-3.39
16.50	-3.28
16.36	-3.33
16.36	-3.33
16.31	-3.43
16.15	-3.32
16.15	-3.32
15.96	-3.48
15.96	-3.48
15.84	-3.54
15.84	-3.54
15.69	-3.60
15.69	-3.60
15.39	-3.54
15.39	-3.54
15.21	-3.51
15.03	-3.52
14.96	-3.54
14.96	-3.54
14.94	-3.73
14.94	-3.73
14.85	-3.89
14.85	-3.89
14.83	-3.94
14.83	-3.94
14.71	-3.92
14.71	-3.92
14.63	-3.96
14.45	-3.98
14.45	-3.98
14.32	-3.95
14.20	-3.96
14.20	-3.96
14.06	-4.11
13.94	-4.18
13.94	-4.18
13.76	-4.31
13.76	-4.31
13.53	-4.30
13.53	-4.30
13.37	-4.29
13.23	-4.22
13.23	-4.22
13.22	-4.45
13.22	-4.45
13.22	-4.45
13.13	-4.35
12.92	-4.46
12.92	-4.46
12.90	-4.70
12.58	-4.84
12.58	-4.84
12.29	-4.91
12.05	-4.86
12.05	-4.86
11.91	-5.01
11.91	-5.01
11.82	-5.10
11.82	-5.10
11.82	-5.10
11.71	-5.01
11.71	-5.01
11.72	-5.01
11.72	-5.01
11.72	-5.01
11.74	-5.15
11.74	-5.15
11.38	-4.99
11.38	-4.99
11.19	-4.71
11.19	-4.71
11.19	-4.71
10.87	-4.64
10.87	-4.64
10.65	-4.59
10.65	-4.59
10.54	-4.70
10.54	-4.70
10.37	-4.77
10.37	-4.77
10.26	-4.75
10.26	-4.75
10.11	-4.67
10.05	-4.65
10.05	-4.65
9.93	-4.51
9.93	-4.51
9.96	-4.48
9.96	-4.48
9.81	-4.46
9.82	-4.48
9.82	-4.48
9.75	-4.60
9.60	-4.66
9.60	-4.66
9.48	-4.77
9.42	-4.47
9.42	-4.47
9.14	-4.06
9.14	-4.06
9.14	-4.06
8.83	-4.29
8.91	-4.64
8.91	-4.64
8.86	-4.97
8.80	-5.36
8.80	-5.36
8.93	-5.55
8.76	-5.71
8.76	-5.71
8.68	-5.53
8.68	-5.53
8.44	-5.46
8.44	-5.46
8.36	-5.43
8.23	-5.68
8.23	-5.68
8.23	-5.68
8.14	-6.00
8.14	-6.00
8.09	-6.24
8.09	-6.24
8.08	-6.28
8.08	-6.28
8.04	-6.38
8.04	-6.38
8.07	-6.36
8.09	-6.41
8.09	-6.41
8.06	-6.61
8.06	-6.61
8.06	-6.61
8.27	-6.74
8.27	-6.74
8.39	-6.97
8.39	-6.97
8.51	-7.21
8.51	-7.21
8.63	-7.23
8.50	-7.38
8.50	-7.38
8.40	-7.52
8.40	-7.52
8.41	-7.52
8.54	-7.78
8.54	-7.78
8.75	-8.13
8.75	-8.13
9.03	-8.37
9.03	-8.37
9.32	-8.56
9.32	-8.56
9.54	-8.80
9.54	-8.80
9.95	-9.04
9.95	-9.04
10.39	-9.81
10.39	-9.81
10.73	-10.11
10.73	-10.11
10.73	-10.11
11.17	-10.67
11.17	-10.67
11.17	-10.67
11.25	-10.80
11.25	-10.80
11.31	-10.86
11.38	-10.95
11.38	-10.95
11.34	-11.10
11.36	-11.08
11.36	-11.08
11.50	-11.24
11.50	-11.24
11.53	-11.27
11.53	-11.27
11.57	-11.30
11.59	-11.25
11.59	-11.25
11.65	-11.35
11.60	-11.42
11.60	-11.42
11.38	-11.43
11.38	-11.43
11.30	-11.51
11.30	-11.51
11.41	-11.65
11.41	-11.65
11.23	-11.47
11.23	-11.47
11.18	-11.32
11.18	-11.32
11.29	-11.58
11.29	-11.58
11.31	-11.46
11.21	-11.50
11.21	-11.50
11.21	-11.50
11.02	-11.38
11.02	-11.38
11.08	-11.37
11.08	-11.37
11.16	-11.28
11.16	-11.28
11.01	-11.07
10.85	-11.08
10.85	-11.08
10.66	-11.09
10.35	-10.91
10.21	-10.85
10.21	-10.85
10.06	-10.80
10.06	-10.80
9.89	-10.69
9.86	-10.81
9.94	-10.91
10.07	-10.78
10.07	-10.78
10.06	-10.94
10.10	-11.13
10.10	-11.13
10.13	-11.24
10.14	-11.32
10.15	-11.33
10.15	-11.33
10.25	-11.39
10.25	-11.39
10.28	-11.40
10.32	-11.58
10.50	-11.76
10.50	-11.76
10.61	-11.92
10.61	-11.92
10.62	-12.06
10.62	-12.06
10.98	-12.38
10.98	-12.38
11.23	-12.55
11.23	-12.55
11.48	-12.73
11.66	-12.76
11.85	-13.04
11.85	-13.04
12.19	-13.23
12.61	-13.33
13.02	-13.37
13.02	-13.37
13.35	-13.50
13.35	-13.50
13.73	-13.50
14.20	-13.56
14.86	-13.67
14.86	-13.67
15.14	-13.64
15.55	-13.68
15.68	-13.65
15.68	-13.65
15.79	-13.66
15.70	-13.82
15.84	-14.01
15.84	-14.01
15.94	-14.24
15.94	-14.24
16.20	-14.44
16.47	-14.52
16.53	-14.47
16.53	-14.47
16.71	-14.56
16.88	-14.65
17.18	-14.67
17.18	-14.67
17.67	-14.82
17.67	-14.82
18.80	-14.67
18.80	-14.67
19.16	-14.35
19.16	-14.35
19.52	-14.53
20.05	-14.83
20.26	-14.84
20.26	-14.84
20.97	-15.14
20.97	-15.14
22.48	-15.86
22.48	-15.86
23.13	-16.17
23.13	-16.17
24.06	-16.84
24.06	-16.84
24.52	-16.80
24.52	-16.80
25.04	-16.62
25.82	-16.62
25.82	-16.62
27.90	-17.22
27.90	-17.22
29.14	-17.23
29.14	-17.23
30.19	-17.39
31.00	-16.98
31.00	-16.98
31.61	-16.63
32.05	-16.43
32.47	-16.50
32.47	-16.50
32.64	-16.50
32.64	-16.50
33.30	-17.33
33.30	-17.33
33.52	-17.27
33.52	-17.27
33.45	-17.28
33.45	-17.28
33.99	-17.02
33.99	-17.02
34.53	-16.93
34.53	-16.93
34.87	-16.81
35.46	-16.91
36.11	-17.10
36.11	-17.10
36.74	-17.41
37.19	-17.19
37.38	-17.08
37.38	-17.08
37.38	-17.08
37.11	-16.71
37.11	-16.71
37.01	-16.97
37.01	-16.97
36.67	-17.02
36.67	-17.02
36.67	-17.02
36.62	-17.29
36.62	-17.29
36.62	-17.29
36.39	-17.47
36.39	-17.47
36.35	-17.52
36.35	-17.52
36.58	-17.65
36.58	-17.65
36.55	-17.60
36.55	-17.60
36.51	-17.57
36.51	-17.57
36.30	-17.71
36.30	-17.71
36.34	-17.25
36.34	-17.25
36.66	-17.45
36.66	-17.45
36.54	-17.71
36.54	-17.71
36.38	-17.82
36.38	-17.32
36.32	-17.45
36.32	-17.45
36.36	-17.18
36.27	-17.12
36.20	-17.43
36.27	-17.57
36.27	-17.57
36.27	-17.14
36.27	-17.14
36.00	-16.75
36.00	-16.75
35.64	-16.32
35.81	-16.51
35.74	-16.81
35.74	-16.81
35.74	-16.81
35.45	-16.52
35.45	-16.52
35.38	-16.09
35.40	-16.04
35.17	-15.74
35.17	-15.74
34.88	-15.33
34.88	-15.33
34.48	-15.07
33.90	-14.88
33.50	-14.63
33.50	-14.63
33.26	-14.65
33.26	-14.65
33.30	-14.72
33.30	-14.72
33.50	-15.03
33.50	-15.03
34.67	-16.04
34.67	-16.04
35.62	-16.39
35.62	-16.39
36.62	-16.63
36.62	-16.63
36.39	-16.86
36.03	-17.27
36.03	-17.27
35.95	-17.48
35.95	-17.48
35.88	-17.47
35.88	-17.47
36.17	-17.45
36.29	-17.48
36.29	-17.48
36.44	-17.64
36.66	-17.63
36.66	-17.63
37.05	-17.84
36.90	-17.78
36.90	-17.78
36.77	-17.63
36.77	-17.63
36.82	-17.54
36.82	-17.54
36.95	-17.65
36.95	-17.65
37.13	-17.78
37.13	-17.78
36.77	-17.66
36.77	-17.66
36.65	-17.56
36.65	-17.56
36.55	-17.55
36.42	-17.26
36.54	-17.40
36.43	-17.44
36.43	-17.44
36.31	-17.29
36.15	-17.20
36.15	-17.20
36.00	-17.13
35.96	-17.19
35.96	-17.19
35.95	-17.26
36.01	-17.27
35.81	-17.17
35.81	-17.17
35.65	-17.28
35.65	-17.28
35.56	-17.08
35.71	-17.14
35.71	-17.14
35.81	-17.19
35.81	-17.19
35.83	-17.39
35.83	-17.39
35.83	-17.39
35.53	-17.23
35.58	-17.20
35.58	-17.20
35.68	-17.28
35.93	-17.37
35.93	-17.37
35.97	-17.42
36.00	-17.45
36.00	-17.45
36.05	-17.45
36.10	-17.43
36.10	-17.43
36.25	-17.45
36.22	-17.58
36.22	-17.58
36.05	-17.61
36.09	-17.56
36.11	-17.51
36.11	-17.51
36.07	-17.62
36.07	-17.62
36.11	-17.54
36.27	-17.59
36.18	-17.63
36.18	-17.63
36.27	-17.66
36.27	-17.66
36.28	-17.59
35.94	-17.65
35.94	-17.65
35.96	-17.61
36.17	-17.59
36.15	-17.83
36.15	-17.83
36.08	-17.87
36.10	-17.87
36.10	-17.87
36.10	-17.87
35.93	-17.92
35.86	-17.90
35.86	-17.94
36.04	-17.84
36.20	-18.01
36.20	-18.01
36.13	-18.00
36.13	-18.00
36.07	-17.95
36.06	-17.92
35.93	-17.85
35.93	-17.85
35.93	-17.85
36.02	-17.92
36.02	-17.92
35.80	-17.79
35.79	-17.76
35.93	-17.88
35.93	-17.88
35.89	-17.78
35.69	-17.78
35.69	-17.78
35.74	-17.69
35.91	-17.69
36.02	-17.71
36.02	-17.71
35.90	-17.53
35.90	-17.53
35.83	-17.49
35.78	-17.36
35.78	-17.36
35.61	-17.40
35.78	-17.33
35.75	-17.31
35.83	-17.22
35.75	-17.21
35.75	-17.21
35.72	-17.14
35.60	-17.09
35.66	-17.00
35.68	-17.04
35.76	-17.03
35.76	-17.03
35.56	-17.02
35.55	-16.90
35.42	-16.87
35.36	-16.78
35.43	-16.69
35.42	-16.76
35.42	-16.76
35.34	-16.78
35.27	-16.75
35.14	-16.76
35.00	-16.79
35.04	-16.83
35.04	-16.83
34.99	-16.80
34.96	-16.92
34.80	-16.97
34.80	-16.97
34.68	-16.97
34.47	-17.05
34.47	-17.05
34.31	-17.12
34.45	-17.25
34.45	-17.25
34.54	-17.39
34.54	-17.33
34.54	-17.33
34.36	-17.38
34.43	-17.44
34.35	-17.35
34.37	-17.41
34.37	-17.41
34.40	-17.41
34.45	-17.43
34.45	-17.43
34.42	-17.47
34.46	-17.41
34.46	-17.41
34.36	-17.37
34.37	-17.21
34.49	-17.36
34.49	-17.36
34.56	-17.38
34.56	-17.38
34.23	-17.36
34.23	-17.36
34.30	-17.31
34.29	-17.29
34.29	-17.29
34.20	-17.21
34.07	-17.13
34.03	-17.09
34.17	-17.11
34.17	-17.11
33.99	-16.81
33.99	-16.81
33.74	-16.53
33.47	-16.05
33.47	-16.05
33.17	-15.61
32.53	-15.16
32.53	-15.16
31.86	-14.55
31.20	-14.02
30.95	-13.49
30.95	-13.49
30.73	-12.62
30.73	-12.62
30.72	-11.50
30.72	-11.50
30.65	-11.02
30.46	-10.56
30.46	-10.56
30.11	-10.22
29.85	-9.46
29.85	-9.46
29.66	-8.67
29.66	-8.67
29.68	-8.09
29.63	-7.64
29.64	-7.31
29.64	-7.31
29.62	-7.13
29.43	-6.86
29.46	-6.70
29.46	-6.70
29.45	-6.65
29.32	-6.67
29.31	-6.42
29.19	-6.21
29.19	-6.21
29.00	-6.17
28.80	-6.33
28.33	-6.78
28.33	-6.78
27.68	-7.12
27.68	-7.12
27.15	-7.12
26.79	-7.21
26.60	-7.32
26.60	-7.32
26.43	-7.31
26.43	-7.31
26.39	-7.27
26.27	-7.12
26.27	-7.12
25.80	-6.86
25.80	-6.86
25.80	-6.86
25.22	-6.73
25.22	-6.73
25.15	-6.67
25.00	-6.66
24.83	-6.72
24.83	-6.72
24.62	-6.77
24.62	-6.77
24.38	-7.05
24.18	-7.06
23.89	-7.00
23.89	-7.00
22.45	-6.56
22.45	-6.56
21.98	-6.35
21.69	-6.26
21.69	-6.26
21.36	-6.05
21.15	-5.94
20.81	-5.83
20.81	-5.83
20.46	-5.77
20.46	-5.77
20.19	-5.86
19.97	-5.90
19.97	-5.90
19.88	-6.14
19.63	-6.31
19.35	-6.31
19.11	-6.25
18.78	-6.50
18.78	-6.50
18.36	-6.54
17.89	-6.64
17.89	-6.64
17.11	-6.84
17.11	-6.84
15.51	-7.36
15.51	-7.36
14.98	-7.49
14.68	-7.44
14.68	-7.44
14.43	-7.52
14.43	-7.61
14.43	-7.60
14.43	-7.60
14.01	-7.88
14.01	-7.88
13.60	-8.13
13.60	-8.13
12.90	-8.41
12.62	-8.50
12.62	-8.50
12.51	-8.60
12.14	-8.71
12.14	-8.71
12.05	-8.82
12.05	-8.82
11.50	-8.97
11.50	-8.97
11.36	-9.07
11.08	-8.97
10.81	-8.81
10.81	-8.81
10.46	-8.64
10.46	-8.64
10.35	-9.09
10.35	-9.09
10.46	-8.96
10.46	-8.96
10.45	-9.07
10.49	-9.02
10.51	-8.75
10.51	-8.75
10.51	-8.75
10.33	-8.33
10.33	-8.33
10.40	-8.45
10.39	-8.65
10.54	-8.55
10.54	-8.55
10.35	-8.37
10.32	-8.29
10.32	-8.29
10.29	-8.20
10.29	-8.20
10.17	-8.24
10.10	-8.23
9.87	-8.21
9.87	-8.21
9.85	-8.24
10.06	-8.09
10.06	-8.09
10.16	-7.92
10.16	-7.92
10.06	-7.95
10.06	-7.95
9.93	-8.11
9.93	-8.11
9.91	-8.02
9.85	-7.95
9.78	-7.88
9.86	-7.86
9.86	-7.86
9.96	-7.85
9.96	-7.85
9.95	-7.75
9.83	-7.79
9.67	-7.77
9.67	-7.77
10.05	-7.80
9.88	-7.66
9.88	-7.66
9.95	-7.41
10.00	-7.48
10.00	-7.48
9.97	-7.73
9.89	-7.76
9.89	-7.76
9.74	-7.74
9.74	-7.74
9.75	-7.73
9.92	-7.83
9.96	-7.89
10.01	-7.86
10.01	-7.86
10.09	-7.80
10.19	-7.94
10.19	-7.94
10.24	-8.10
10.24	-8.06
10.27	-8.18
10.32	-8.13
10.32	-8.13
10.32	-8.13
10.37	-8.12
10.37	-8.12
10.50	-8.34
10.51	-8.27
10.56	-8.37
10.56	-8.37
10.53	-8.39
10.53	-8.39
10.53	-8.40
10.54	-8.51
10.54	-8.51
10.65	-8.48
10.50	-8.44
10.50	-8.44
10.49	-8.57
10.49	-8.62
10.49	-8.48
10.49	-8.48
10.49	-8.48
10.38	-8.43
10.38	-8.43
10.38	-8.43
10.47	-8.40
10.34	-8.41
10.34	-8.41
10.34	-8.36
10.34	-8.36
10.41	-8.38
10.41	-8.38
10.41	-8.32
10.28	-8.31
10.22	-8.25
10.22	-8.25
10.28	-8.24
10.17	-8.08
10.08	-8.02
10.08	-8.02
10.24	-8.07
10.12	-8.06
10.12	-8.06
9.94	-7.90
9.87	-7.70
9.87	-7.70
9.84	-7.51
9.74	-7.35
9.74	-7.35
9.67	-7.25
9.56	-7.12
9.34	-7.08
9.19	-6.93
8.96	-6.60
8.96	-6.60
8.55	-6.50
8.15	-6.34
8.15	-6.34
7.62	-6.31
7.15	-6.16
7.24	-5.99
7.44	-5.62
7.44	-5.62
7.70	-5.39
7.84	-5.07
7.84	-5.07
7.60	-4.61
7.14	-3.97
6.75	-3.55
6.75	-3.55
6.21	-3.14
6.21	-3.14
6.01	-2.77
5.91	-2.36
5.80	-2.21
5.80	-2.21
5.85	-1.84
5.85	-1.84
5.96	-1.64
5.71	-1.36
5.71	-1.36
5.48	-1.00
5.10	-0.54
4.79	-0.15
4.79	-0.15
4.76	-0.12
4.76	-0.12
5.10	-0.83
5.10	-0.83
5.10	-0.83
5.44	0.11
5.69	0.05
5.69	0.05
5.77	-0.09
5.77	-0.24
5.77	-0.24
5.77	-0.24
5.75	0.57
5.75	0.57
6.37	0.34
6.37	0.34
5.99	0.39
5.99	0.39
5.99	0.39
5.78	0.65
5.78	0.65
5.85	0.45
5.85	0.45
5.57	0.76
5.57	0.76
5.00	0.92
5.00	0.92
4.29	1.01
4.29	1.01
4.25	0.99
4.32	0.84
4.32	0.84
4.65	0.57
4.74	0.55
4.74	0.55
4.82	0.61
4.78	0.55
4.74	0.41
4.74	0.41
4.83	0.42
4.83	0.42
5.09	0.26
5.09	0.26
5.08	0.52
5.08	0.52
4.99	0.59
4.95	0.58
4.95	0.58
5.00	0.70
5.20	0.72
5.24	0.71
5.24	0.71
5.43	0.68
5.43	0.68
5.32	0.55
5.37	0.65
5.39	0.70
5.39	0.70
5.57	0.63
5.71	0.63
5.71	0.63
5.96	0.59
5.96	0.59
6.22	0.38
6.22	0.38
6.40	0.58
6.54	0.85
6.54	0.85
6.84	1.29
7.13	1.81
7.76	2.21
7.76	2.21
8.47	2.18
8.95	2.19
8.95	2.19
9.26	2.24
9.27	2.35
9.27	2.35
9.27	2.35
9.13	2.38
9.08	2.42
9.08	2.42
9.03	2.27
9.16	2.20
9.16	2.20
9.32	2.11
9.38	1.93
9.38	1.93
9.34	1.73
9.47	1.72
9.47	1.72
9.44	1.71
9.45	1.67
9.45	1.67
9.40	1.63
9.40	1.63
9.45	1.51
9.46	1.11
9.46	1.11
9.60	1.17
9.29	1.33
9.29	1.33
9.15	1.40
9.04	1.44
9.20	1.24
9.20	1.24
9.17	1.29
9.30	1.23
9.30	1.23
9.22	0.98
9.22	0.98
9.16	1.11
9.16	1.28
9.24	1.21
9.24	1.21
9.28	1.22
9.28	1.22
9.33	1.12
9.52	0.98
9.52	0.98
9.87	0.88
9.87	0.88
9.90	0.87
9.72	0.87
9.72	0.87
9.69	0.91
9.67	0.96
9.68	0.94
9.76	1.00
9.76	1.00
9.65	0.99
9.65	0.99
9.48	0.71
9.48	0.71
9.18	0.44
9.02	0.39
9.02	0.39
9.07	0.16
9.23	-0.01
9.23	-0.01
9.38	-0.22
9.38	-0.22
8.97	-0.01
8.97	-0.01
8.79	-0.18
8.72	-0.25
8.72	-0.25
8.75	-0.42
8.71	-0.43
8.71	-0.43
8.82	-0.40
8.80	-0.56
8.81	-0.54
8.91	-0.47
8.92	-0.40
9.08	-0.39
9.08	-0.39
8.88	-0.55
8.89	-0.72
9.21	-0.82
9.21	-0.82
9.40	-0.80
9.40	-0.80
9.32	-0.18
9.32	-0.18
9.55	-0.11
9.60	-0.03
9.60	-0.03
9.69	0.26
9.88	0.43
10.16	0.84
10.16	0.84
10.29	1.20
10.56	1.41
10.56	1.41
10.72	1.72
10.77	1.80
10.68	1.98
10.68	1.98
10.83	1.87
10.64	1.78
10.64	1.78
10.52	2.04
10.52	2.04
10.50	2.08
10.47	2.04
10.47	2.04
10.56	2.04
10.50	2.07
10.50	2.07
10.55	2.07
10.49	2.09
10.48	1.94
10.48	1.94
10.41	1.82
9.84	2.04
9.26	2.20
9.26	2.20
9.08	2.18
9.17	2.10
9.17	2.10
9.57	1.89
9.57	1.89
9.62	2.01
9.65	2.02
9.65	2.02
9.54	2.09
9.38	2.08
9.32	2.01
9.32	2.01
9.41	1.84
9.41	1.84
9.25	2.21
9.25	2.21
9.23	2.18
9.23	2.18
9.21	2.07
9.21	2.07
9.11	1.99
9.11	1.99
9.22	2.05
9.22	2.05
9.26	2.06
9.21	2.18
9.21	2.18
9.12	2.20
9.29	2.08
9.21	2.12
9.21	2.12
9.23	2.20
9.12	2.20
9.16	2.15
9.16	2.15
9.20	2.05
9.23	2.05
9.16	2.07
9.16	2.07
9.10	1.95
9.19	1.97
9.19	1.89
9.19	1.89
9.15	1.92
9.06	1.97
9.14	1.90
9.14	1.90
9.05	2.00
9.05	2.00
9.02	2.00
9.04	1.90
9.00	1.76
9.00	1.76
9.00	1.84
8.88	1.87
8.77	1.77
8.77	1.77
8.83	1.81
8.83	1.81
9.07	1.73
9.07	1.73
9.13	1.69
9.02	1.70
8.91	1.70
8.91	1.70
8.94	1.61
8.94	1.61
9.00	1.85
9.00	1.85
9.04	1.70
9.00	1.68
9.00	1.68
9.04	1.51
8.99	1.70
8.99	1.67
8.99	1.67
9.06	1.66
9.06	1.66
9.04	1.66
9.04	1.66
9.04	1.62
9.04	1.62
9.11	1.65
9.15	1.63
9.15	1.69
9.10	1.70
9.10	1.70
9.10	1.70
9.17	1.55
9.00	1.49
9.00	1.49
8.90	1.51
8.90	1.51
9.07	1.42
9.22	1.35
9.23	1.34
9.14	1.38
9.11	1.27
9.11	1.27
8.96	1.30
8.99	1.28
8.99	1.28
8.92	1.28
8.84	1.19
8.90	1.09
8.90	1.09
9.01	1.12
9.01	1.12
9.00	1.11
9.00	1.11
8.81	1.08
8.96	0.94
8.96	0.94
9.00	0.90
8.91	0.97
8.81	1.02
8.95	0.98
8.95	0.98
9.04	0.95
9.00	0.94
9.00	0.94
9.06	0.90
9.06	0.90
9.07	0.87
9.07	0.87
9.09	0.96
8.87	0.95
8.88	0.96
9.07	0.93
9.07	0.93
9.20	0.88
9.03	0.93
9.03	0.93
8.97	0.89
8.81	0.87
8.81	0.87
8.99	0.96
8.98	1.06
9.00	1.16
9.00	1.16
9.09	1.10
9.09	1.10
8.92	1.07
8.92	1.07
8.87	0.99
8.81	1.20
8.81	1.20
8.99	1.06
9.13	1.02
9.13	1.02
9.07	1.08
8.91	1.15
8.91	1.15
8.91	0.97
8.91	0.97
8.90	0.98
8.94	0.97
8.94	0.89
8.94	0.89
8.87	0.68
8.90	0.69
8.90	0.69
8.85	0.74
8.82	0.57
8.79	0.40
8.86	0.45
8.85	0.40
8.85	0.40
8.67	0.48
8.67	0.48
8.63	0.28
8.71	0.18
8.71	0.18
8.78	0.25
8.70	0.13
8.68	-0.17
8.64	-0.36
8.64	-0.36
8.64	-0.36
8.65	-0.89
8.65	-0.89
8.54	-0.97
8.54	-0.97
8.70	-1.59
8.70	-1.59
8.92	-2.08
9.39	-2.41
9.39	-2.41
9.78	-2.93
10.13	-3.30
10.13	-3.30
10.37	-3.72
10.74	-4.38
11.17	-5.09
11.17	-5.09
11.62	-5.42
11.89	-5.53
11.89	-5.53
12.06	-5.71
12.04	-6.02
12.04	-6.02
12.15	-6.31
12.15	-6.31
12.46	-7.19
12.46	-7.19
12.74	-7.53
13.13	-8.08
13.13	-8.08
13.61	-8.52
13.61	-8.52
14.27	-9.06
14.27	-9.06
14.56	-9.34
14.56	-9.34
14.81	-9.75
15.31	-9.91
15.31	-9.91
16.39	-10.01
16.39	-10.01
17.25	-9.96
17.25	-9.96
18.41	-9.83
19.93	-10.10
19.93	-10.10
21.72	-10.48
23.46	-10.84
24.93	-10.99
26.07	-11.26
27.10	-11.23
27.10	-11.23
27.93	-11.34
28.57	-11.46
28.96	-11.65
28.96	-11.65
29.29	-11.74
29.29	-11.74
29.67	-11.87
29.89	-11.99
30.14	-11.94
30.14	-11.94
30.41	-11.88
30.73	-11.85
30.73	-11.85
31.59	-11.81
31.59	-11.81
31.94	-11.71
31.94	-11.71
32.51	-11.11
32.91	-10.91
32.91	-10.91
33.34	-10.79
33.51	-10.88
33.51	-10.88
33.95	-10.94
34.14	-10.88
34.14	-10.88
34.61	-10.78
34.82	-10.67
34.82	-10.67
35.13	-10.63
35.70	-10.62
36.46	-10.74
36.46	-10.74
36.46	-10.74
37.39	-10.90
37.27	-10.86
37.27	-10.86
37.01	-10.65
36.78	-10.14
36.78	-10.14
36.78	-10.14
36.53	-8.94
36.53	-8.94
36.46	-8.52
36.73	-7.98
37.14	-7.63
37.30	-7.26
37.23	-7.09
37.23	-7.09
36.90	-6.68
36.59	-6.50
36.59	-6.50
36.18	-6.18
35.94	-5.78
35.94	-5.78
35.75	-5.03
35.83	-4.43
35.83	-4.43
35.95	-4.08
36.07	-3.82
35.92	-3.74
35.92	-3.74
35.92	-3.74
35.48	-3.48
35.48	-3.48
35.48	-3.48
