61.19	-0.65
61.16	-0.71
61.25	-0.72
61.25	-0.72
61.29	-0.53
61.29	-0.53
61.33	-0.46
61.42	-0.53
61.42	-0.53
61.54	-0.67
61.54	-0.67
61.52	-0.60
61.36	-0.66
61.36	-0.66
61.55	-0.86
61.55	-0.86
61.35	-0.97
61.35	-0.97
61.38	-1.27
61.27	-1.43
61.27	-1.43
61.31	-1.63
61.31	-1.63
61.20	-1.89
61.50	-2.53
61.50	-2.53
62.11	-3.88
62.11	-3.88
63.10	-5.96
64.13	-8.33
64.13	-8.33
64.80	-10.91
64.80	-10.91
65.02	-13.91
64.57	-16.94
64.57	-16.94
63.97	-19.84
63.97	-19.84
62.53	-22.37
62.53	-22.37
60.59	-24.67
58.25	-26.97
58.25	-26.97
56.53	-28.39
56.53	-28.39
55.34	-29.08
54.42	-30.20
54.42	-30.20
53.12	-30.85
53.12	-30.85
51.62	-31.12
49.91	-31.14
49.91	-31.14
47.38	-30.68
47.38	-30.68
44.58	-30.08
41.82	-29.46
41.82	-29.46
38.92	-28.81
38.92	-28.81
36.09	-28.07
33.24	-27.00
33.24	-27.00
30.87	-26.09
30.87	-26.09
28.94	-25.56
28.94	-25.56
27.15	-25.01
25.40	-24.52
25.40	-24.52
23.25	-23.98
23.25	-23.98
20.92	-23.34
18.69	-22.34
18.69	-22.34
16.87	-21.51
16.87	-21.51
15.24	-20.96
13.72	-20.78
13.72	-20.78
12.57	-20.76
12.57	-20.76
11.90	-20.33
11.90	-20.33
11.18	-19.52
10.90	-18.77
10.90	-18.77
10.52	-18.54
10.52	-18.54
9.95	-18.54
8.99	-18.56
8.99	-18.56
8.05	-18.51
8.05	-18.51
7.89	-18.63
7.89	-18.63
8.44	-18.69
8.91	-18.29
8.91	-18.29
9.47	-18.29
9.47	-18.29
10.49	-17.85
11.37	-17.02
11.37	-17.02
11.69	-16.29
11.69	-16.29
11.85	-16.73
11.85	-16.73
10.92	-17.02
9.76	-16.95
9.76	-16.95
8.94	-17.02
8.94	-17.02
7.87	-17.20
7.18	-17.13
7.18	-17.13
6.93	-17.01
6.93	-17.01
7.07	-16.76
6.90	-16.34
6.90	-16.34
6.08	-15.93
6.08	-15.93
4.84	-16.25
3.46	-16.57
3.46	-16.57
2.44	-16.15
2.44	-16.15
1.91	-15.07
1.91	-15.07
1.30	-14.39
1.09	-14.49
1.09	-14.49
1.12	-14.38
1.12	-14.38
1.15	-14.04
1.20	-13.52
1.20	-13.52
1.57	-13.02
1.57	-13.02
1.81	-12.72
1.97	-12.38
1.97	-12.38
2.04	-12.67
2.04	-12.67
1.96	-13.37
1.79	-13.43
1.79	-13.43
2.19	-13.41
2.19	-13.41
2.62	-13.34
2.62	-13.34
3.21	-13.40
3.50	-13.52
3.50	-13.52
3.68	-13.73
3.68	-13.73
3.76	-13.86
3.77	-13.64
3.77	-13.64
3.90	-13.53
3.90	-13.53
4.00	-13.47
3.89	-13.40
3.89	-13.40
3.76	-13.38
3.76	-13.38
3.80	-13.29
3.73	-13.36
3.73	-13.36
3.60	-13.48
3.60	-13.48
3.78	-13.60
3.78	-13.60
3.76	-13.45
3.89	-13.57
3.89	-13.57
4.00	-13.64
4.00	-13.64
4.03	-14.11
3.92	-14.28
3.92	-14.28
3.87	-14.19
3.87	-14.19
3.85	-14.24
3.88	-14.47
3.88	-14.47
3.65	-14.49
3.65	-14.49
3.50	-14.44
3.49	-14.43
3.49	-14.43
3.41	-14.38
3.41	-14.38
3.26	-14.35
3.26	-14.35
3.10	-14.22
3.14	-14.18
3.14	-14.18
3.19	-14.11
3.19	-14.11
3.15	-14.08
3.10	-13.98
3.10	-13.98
3.04	-14.01
3.04	-14.01
3.07	-14.03
3.10	-13.96
3.10	-13.96
3.20	-14.04
3.20	-14.04
3.16	-13.90
3.16	-13.90
3.32	-13.79
3.36	-13.96
3.36	-13.96
3.42	-13.83
3.42	-13.83
3.52	-13.78
3.48	-13.85
3.48	-13.85
3.35	-13.66
3.35	-13.66
3.43	-13.76
3.39	-13.78
3.39	-13.78
3.40	-13.76
3.40	-13.76
3.51	-13.82
3.54	-13.81
3.54	-13.81
3.56	-13.88
3.56	-13.88
3.67	-14.19
3.67	-14.19
3.69	-14.21
3.79	-14.24
3.79	-14.24
3.76	-14.30
3.76	-14.30
3.72	-14.27
3.77	-14.34
3.77	-14.34
3.83	-14.38
3.83	-14.38
3.80	-14.27
3.82	-14.23
3.82	-14.23
3.78	-14.04
3.78	-14.04
3.81	-14.05
3.81	-14.05
3.71	-14.10
3.72	-14.12
3.72	-14.12
3.60	-14.06
3.60	-14.06
3.62	-14.00
3.63	-14.02
3.63	-14.02
3.64	-14.11
3.64	-14.11
3.71	-14.12
3.77	-14.04
3.77	-14.04
3.77	-14.06
3.77	-14.06
3.70	-14.15
3.66	-14.31
3.66	-14.31
3.65	-14.19
3.65	-14.19
3.64	-14.09
3.64	-14.09
3.63	-14.36
3.62	-14.37
3.62	-14.37
3.65	-14.39
3.65	-14.39
3.73	-14.41
3.63	-14.54
3.63	-14.54
3.59	-14.65
3.59	-14.65
3.72	-14.89
3.56	-14.90
3.56	-14.90
3.58	-14.80
3.58	-14.80
3.76	-14.93
3.71	-14.90
3.71	-14.90
3.61	-14.98
3.61	-14.98
3.70	-15.20
3.70	-15.20
3.89	-15.61
4.14	-15.58
4.14	-15.58
4.37	-15.61
4.37	-15.61
4.82	-15.59
5.21	-15.59
5.21	-15.59
5.16	-15.77
5.16	-15.77
5.19	-16.32
5.01	-16.38
5.01	-16.38
4.82	-16.33
4.82	-16.33
3.91	-16.08
3.91	-16.08
3.44	-16.36
3.57	-16.26
3.57	-16.26
3.95	-16.20
3.95	-16.20
3.90	-16.19
3.81	-15.66
3.81	-15.66
3.60	-14.24
3.60	-14.24
3.53	-13.63
3.33	-13.68
3.33	-13.68
3.25	-13.41
3.25	-13.41
2.69	-13.19
2.69	-13.19
1.75	-13.82
1.37	-14.38
1.37	-14.38
1.03	-13.69
1.03	-13.69
1.00	-12.27
0.02	-11.47
0.02	-11.47
-1.27	-11.17
-1.27	-11.17
-2.45	-12.09
-2.45	-12.09
-2.36	-12.91
-1.60	-12.70
-1.60	-12.70
-0.92	-12.78
-0.92	-12.78
-0.52	-12.58
-0.06	-12.82
-0.06	-12.82
0.22	-13.12
0.22	-13.12
0.69	-13.16
0.84	-12.38
0.84	-12.38
0.97	-12.62
0.97	-12.62
1.28	-12.71
1.65	-12.63
1.65	-12.63
2.13	-12.74
2.13	-12.74
2.35	-12.87
2.35	-12.87
2.19	-12.81
2.19	-12.81
2.38	-12.81
2.43	-12.96
2.43	-12.96
2.69	-12.93
2.89	-12.95
2.89	-12.95
3.06	-13.23
3.06	-13.23
2.98	-13.39
3.04	-13.37
3.04	-13.37
3.16	-13.44
3.16	-13.44
3.04	-14.06
2.61	-14.06
2.61	-14.06
2.60	-13.94
2.60	-13.94
2.71	-13.80
2.91	-13.97
2.91	-13.97
2.91	-13.97
3.58	-14.91
4.32	-16.53
4.32	-16.53
5.16	-17.80
5.78	-18.66
5.78	-18.66
5.96	-18.84
5.96	-18.84
5.99	-19.23
5.77	-18.78
5.77	-18.78
5.89	-18.85
6.52	-19.27
6.52	-19.27
8.58	-20.08
8.58	-20.08
8.58	-20.08
18.98	-23.25
18.98	-23.25
25.32	-24.45
25.32	-24.45
25.32	-24.45
31.18	-25.87
36.78	-27.27
36.78	-27.27
42.34	-28.15
47.14	-28.69
47.14	-28.69
51.60	-29.27
51.60	-29.27
54.94	-28.83
58.14	-28.21
58.14	-28.21
61.00	-27.72
61.00	-27.72
62.12	-27.54
62.13	-26.86
62.13	-26.86
62.11	-26.88
61.79	-26.59
61.79	-26.59
61.47	-26.43
61.47	-26.43
61.47	-26.43
61.17	-26.20
61.01	-26.22
61.01	-26.22
61.26	-26.49
61.62	-26.50
61.62	-26.50
61.60	-26.35
61.58	-26.47
61.58	-26.47
61.73	-26.37
61.73	-26.37
61.68	-26.03
61.63	-25.97
61.63	-25.97
61.66	-25.92
61.66	-25.92
61.66	-25.92
61.85	-26.10
62.48	-26.16
62.48	-26.16
64.28	-25.53
65.68	-24.82
65.68	-24.82
66.92	-23.91
68.04	-23.07
68.04	-23.07
68.04	-23.07
69.75	-22.22
71.56	-21.56
71.56	-21.56
73.26	-20.79
74.06	-19.91
74.06	-19.91
73.53	-19.35
73.17	-19.27
73.17	-19.27
73.30	-19.18
74.30	-19.14
74.30	-19.14
74.95	-19.04
74.95	-19.04
74.95	-19.04
75.45	-18.86
75.61	-19.03
75.61	-19.03
75.58	-19.07
75.77	-19.00
75.77	-19.00
75.93	-18.79
75.83	-18.93
75.83	-18.93
75.56	-19.00
75.37	-19.01
75.37	-19.01
75.37	-19.01
74.89	-19.04
74.89	-19.04
74.91	-19.08
74.87	-19.02
74.87	-19.02
74.66	-19.08
74.71	-19.22
74.71	-19.22
74.83	-19.22
74.51	-19.10
74.51	-19.10
73.89	-19.07
73.89	-19.07
73.89	-19.07
72.85	-19.02
70.70	-19.27
70.70	-19.27
67.47	-19.98
64.53	-20.47
64.53	-20.47
63.51	-20.45
63.08	-20.58
63.08	-20.58
61.25	-20.92
61.25	-20.92
61.25	-20.92
58.93	-21.00
56.50	-21.34
56.50	-21.34
54.22	-21.55
51.53	-21.97
51.53	-21.97
48.62	-22.39
44.40	-22.93
44.40	-22.93
39.40	-23.12
39.40	-23.12
39.40	-23.12
33.56	-23.29
26.98	-23.50
26.98	-23.50
22.02	-23.09
18.38	-23.17
18.38	-23.17
15.00	-23.27
11.99	-23.26
11.99	-23.26
10.14	-23.20
10.14	-23.20
10.14	-23.20
9.38	-23.14
8.41	-23.15
8.41	-23.15
7.60	-23.32
6.01	-23.61
6.01	-23.61
5.02	-23.41
3.33	-23.34
3.33	-23.34
0.55	-23.13
0.55	-23.13
0.55	-23.13
-3.76	-22.83
-8.25	-23.21
-8.25	-23.21
-11.96	-23.59
-14.57	-23.75
-14.57	-23.75
-17.12	-23.85
-17.12	-23.85
-20.85	-24.16
-22.70	-24.17
-22.70	-24.17
-22.99	-24.34
-22.08	-24.32
-22.08	-24.32
-20.55	-24.27
-20.55	-24.27
-20.55	-24.27
-19.77	-24.33
-19.13	-24.19
-19.13	-24.19
-18.79	-24.12
-18.62	-24.18
-18.62	-24.18
-18.04	-23.98
-16.95	-23.97
-16.95	-23.97
-15.31	-23.76
-15.31	-23.76
-15.31	-23.76
-12.32	-22.96
-12.32	-22.96
-11.69	-22.78
-11.69	-22.78
-11.69	-22.78
-10.83	-22.92
-10.83	-22.92
-9.40	-23.42
-9.40	-23.42
-8.12	-23.73
-8.12	-23.73
-7.25	-24.39
-7.25	-24.39
-6.41	-25.16
-6.41	-25.16
-5.97	-25.48
-5.97	-25.48
-5.09	-25.98
-5.09	-25.98
-4.31	-26.30
-4.31	-26.30
-3.33	-26.51
-3.33	-26.51
-2.83	-26.97
-2.83	-26.97
-2.10	-27.41
-2.10	-27.41
-1.57	-27.82
-1.57	-27.82
-1.28	-27.95
-1.04	-28.09
-1.04	-28.09
-0.83	-28.04
-0.83	-28.04
-0.43	-28.11
-0.43	-28.11
-0.05	-27.96
-0.05	-27.96
0.25	-27.94
0.25	-27.94
0.33	-28.00
0.33	-28.00
0.49	-27.85
0.77	-27.81
0.77	-27.81
1.06	-27.77
1.06	-27.77
1.20	-27.70
1.20	-27.70
1.42	-27.66
1.77	-27.62
1.77	-27.62
1.86	-27.58
2.06	-27.73
2.06	-27.73
2.32	-27.65
2.32	-27.51
2.32	-27.51
2.50	-27.57
2.50	-27.57
2.50	-27.57
2.66	-27.62
2.75	-27.47
2.75	-27.47
3.20	-27.42
3.20	-27.42
3.23	-27.56
3.23	-27.56
3.23	-27.56
3.61	-27.60
3.61	-27.60
3.99	-27.74
4.26	-28.04
4.26	-28.04
4.28	-28.30
4.28	-28.30
4.85	-28.66
4.85	-28.66
5.66	-29.27
5.66	-29.27
6.01	-29.37
6.01	-29.37
6.01	-29.37
6.41	-29.74
6.71	-30.06
6.71	-30.06
7.17	-29.91
7.57	-29.68
7.57	-29.68
7.94	-29.46
8.53	-29.07
8.53	-29.07
9.44	-28.53
9.44	-28.53
9.44	-28.53
10.34	-28.61
11.86	-28.73
11.86	-28.73
13.27	-27.78
14.18	-26.40
14.18	-26.40
14.56	-26.17
14.85	-26.05
14.85	-26.05
14.85	-26.05
15.50	-26.63
15.50	-26.63
16.38	-27.35
16.70	-27.46
16.70	-27.46
16.46	-27.51
16.51	-27.59
16.51	-27.59
16.57	-28.74
16.57	-28.74
16.57	-28.74
16.54	-29.29
16.25	-29.29
16.25	-29.29
16.03	-29.06
15.84	-29.10
15.84	-29.10
15.50	-29.08
15.50	-29.08
15.38	-29.18
15.38	-29.18
15.34	-29.20
15.21	-29.60
15.21	-29.60
14.97	-29.33
15.14	-29.49
15.14	-29.49
15.23	-29.34
15.23	-29.34
15.23	-29.34
15.41	-29.48
15.44	-29.59
15.44	-29.59
15.44	-29.65
15.49	-29.61
15.49	-29.61
15.41	-29.72
15.49	-29.54
15.49	-29.54
15.64	-29.36
15.64	-29.36
15.64	-29.36
15.94	-29.57
16.23	-29.65
16.23	-29.65
16.68	-29.65
16.94	-29.92
16.94	-29.92
17.13	-29.96
16.96	-29.92
16.96	-29.92
17.06	-29.90
17.06	-29.90
17.06	-29.90
16.93	-29.68
16.68	-29.49
16.68	-29.49
16.69	-29.14
16.56	-28.90
16.56	-28.90
16.37	-28.79
16.45	-28.60
16.45	-28.60
16.45	-28.60
16.28	-28.41
16.28	-28.41
16.44	-28.18
16.19	-27.73
16.19	-27.73
15.99	-27.43
15.70	-27.02
15.70	-27.02
15.58	-26.90
15.47	-26.94
15.47	-26.94
15.43	-26.83
15.43	-26.83
15.26	-26.50
15.26	-26.50
15.26	-26.27
15.19	-26.28
15.19	-26.28
15.45	-26.41
15.45	-26.41
15.45	-26.41
15.38	-26.57
15.22	-26.65
15.22	-26.65
15.25	-26.72
15.32	-26.60
15.32	-26.60
15.27	-26.59
15.30	-26.49
15.30	-26.49
15.37	-26.50
15.37	-26.50
15.43	-26.21
15.43	-26.21
15.43	-26.21
15.54	-26.10
15.64	-26.09
15.64	-26.09
15.74	-25.87
15.74	-25.87
15.74	-25.79
15.74	-25.79
15.80	-25.75
15.80	-25.75
15.80	-25.75
15.81	-25.65
15.81	-25.65
15.75	-25.63
15.79	-25.77
15.79	-25.77
15.73	-25.92
15.74	-25.91
15.74	-25.91
15.75	-25.96
15.75	-25.96
15.75	-25.97
15.75	-25.97
15.83	-26.07
15.83	-26.07
15.78	-25.83
15.77	-25.87
15.77	-25.87
15.75	-25.83
15.75	-25.83
15.81	-25.81
15.82	-25.78
15.82	-25.78
15.93	-25.84
15.93	-25.84
15.90	-25.88
15.81	-25.82
15.81	-25.82
15.94	-25.87
15.88	-26.08
15.88	-26.08
15.97	-26.17
15.97	-26.17
15.87	-26.15
15.87	-26.15
15.88	-26.12
15.88	-26.12
15.90	-25.91
15.90	-25.91
15.81	-26.12
15.81	-26.12
15.82	-25.77
15.82	-25.77
15.87	-25.72
15.87	-25.72
15.74	-25.66
15.74	-25.66
15.87	-25.63
15.87	-25.63
15.95	-25.55
15.95	-25.55
15.98	-25.51
15.98	-25.51
15.90	-25.49
15.80	-25.38
15.80	-25.38
15.78	-25.42
15.78	-25.42
15.73	-25.29
15.73	-25.29
15.62	-25.10
15.62	-25.10
15.57	-24.97
15.57	-24.97
15.64	-24.80
15.64	-24.80
15.40	-24.19
15.40	-24.19
15.38	-23.59
15.26	-22.98
15.26	-22.98
15.06	-22.21
15.04	-21.91
15.04	-21.91
15.07	-21.80
15.07	-21.80
15.07	-21.80
15.00	-21.73
15.00	-21.73
14.75	-21.60
14.75	-21.60
14.70	-21.53
14.70	-21.53
14.70	-21.53
14.68	-21.30
14.67	-21.48
14.67	-21.48
14.60	-21.55
14.66	-21.52
14.66	-21.52
14.80	-21.38
14.83	-21.37
14.83	-21.37
14.81	-21.36
14.81	-21.36
14.81	-21.36
14.99	-21.27
15.08	-21.02
15.08	-21.02
15.03	-20.91
15.09	-20.54
15.09	-20.54
15.14	-20.14
15.01	-19.45
15.01	-19.45
15.01	-19.45
15.07	-18.55
15.07	-18.55
15.15	-17.94
15.10	-16.82
15.10	-16.82
15.24	-15.89
15.43	-14.76
15.43	-14.76
15.85	-13.74
15.85	-13.74
15.85	-13.74
16.40	-12.96
17.08	-11.80
17.08	-11.80
17.91	-10.64
19.00	-9.56
19.00	-9.56
20.16	-7.85
21.34	-6.52
21.34	-6.52
21.34	-6.52
22.15	-5.30
22.15	-5.30
22.67	-4.22
23.14	-3.31
23.14	-3.31
23.84	-2.49
23.84	-2.49
24.64	-1.58
24.64	-1.58
25.50	-0.86
25.50	-0.86
26.41	-0.07
27.32	0.75
27.32	0.75
27.84	0.98
28.27	1.11
28.27	1.11
29.07	1.35
29.57	1.36
29.57	1.36
29.70	1.25
29.70	1.25
29.43	0.99
29.43	0.99
29.11	0.54
29.11	0.54
28.86	-0.12
28.86	-0.12
28.47	-0.61
28.47	-0.61
28.10	-0.93
28.10	-0.93
27.95	-1.13
27.71	-1.44
27.71	-1.44
27.63	-1.77
27.58	-2.01
27.58	-2.01
27.36	-2.19
27.36	-2.19
27.16	-2.47
26.78	-3.01
26.78	-3.01
26.23	-3.98
25.18	-4.66
25.18	-4.66
23.62	-5.21
23.62	-5.21
21.48	-6.16
21.48	-6.16
21.48	-6.16
17.95	-6.66
17.95	-6.66
17.55	-6.74
17.55	-6.74
17.55	-6.74
17.78	-6.84
17.78	-6.84
18.69	-6.75
18.69	-6.75
18.95	-6.79
18.95	-6.79
19.04	-6.80
19.04	-6.80
19.23	-7.04
19.23	-7.04
19.37	-7.13
19.37	-7.13
19.51	-7.07
19.51	-7.07
19.64	-7.21
19.69	-7.27
19.69	-7.27
19.87	-7.49
19.91	-7.63
19.91	-7.63
19.73	-7.56
19.73	-7.56
19.73	-7.56
19.58	-7.45
19.53	-7.50
19.53	-7.50
19.47	-7.54
19.47	-7.54
19.48	-7.50
19.48	-7.50
19.34	-7.36
19.34	-7.36
19.38	-7.19
19.38	-7.19
19.45	-7.22
19.45	-7.22
19.37	-7.17
19.49	-7.17
19.49	-7.17
19.52	-7.21
19.52	-7.21
19.52	-7.21
19.57	-7.25
19.59	-7.30
19.59	-7.30
19.70	-7.38
19.80	-7.48
19.80	-7.48
19.71	-7.56
19.77	-7.59
19.77	-7.59
19.79	-7.69
19.79	-7.69
19.79	-7.69
19.82	-7.81
19.97	-7.99
19.97	-7.99
19.96	-7.85
19.92	-7.94
19.92	-7.94
19.98	-7.90
20.14	-7.91
20.14	-7.91
20.18	-7.85
20.18	-7.85
20.18	-7.85
20.31	-7.84
20.58	-7.96
20.58	-7.96
20.65	-7.94
20.74	-8.05
20.74	-8.05
20.86	-8.10
20.86	-8.10
20.94	-8.15
20.94	-8.15
21.00	-8.41
21.00	-8.41
21.01	-8.53
21.01	-8.53
21.27	-8.47
21.27	-8.47
21.31	-8.50
21.31	-8.50
21.44	-8.51
21.44	-8.51
21.40	-8.43
21.40	-8.43
21.48	-8.58
21.48	-8.58
21.69	-8.77
21.69	-8.77
21.68	-8.78
21.68	-8.78
21.71	-8.82
21.71	-8.82
21.87	-8.62
21.87	-8.62
22.02	-8.85
22.02	-8.85
22.20	-8.81
22.20	-8.81
22.05	-8.78
22.16	-8.68
22.16	-8.68
22.16	-8.69
22.18	-8.70
22.18	-8.70
22.22	-8.78
22.37	-8.72
22.37	-8.72
22.42	-8.57
22.42	-8.57
22.42	-8.57
22.60	-8.74
22.60	-8.74
22.63	-8.72
22.85	-8.66
22.85	-8.66
22.78	-8.77
22.78	-8.77
22.81	-8.83
22.81	-8.83
22.91	-8.96
22.91	-8.96
22.96	-8.81
22.96	-8.81
23.05	-8.92
23.05	-8.92
22.90	-8.91
22.90	-8.91
22.96	-8.99
22.96	-8.99
22.92	-9.00
22.92	-9.00
22.88	-8.93
22.88	-8.93
22.98	-8.92
22.98	-8.92
23.07	-9.08
23.07	-9.08
23.06	-9.10
23.06	-9.10
23.17	-9.04
23.17	-9.04
23.33	-8.98
23.36	-8.90
23.36	-8.90
23.33	-8.98
23.52	-9.03
23.52	-9.03
23.53	-9.10
23.53	-9.10
23.60	-9.09
23.60	-9.09
23.71	-9.18
23.71	-9.18
23.70	-9.05
23.70	-9.05
23.73	-9.04
23.73	-9.04
23.70	-9.09
23.70	-9.09
23.70	-8.98
23.60	-8.99
23.60	-8.99
23.61	-8.89
23.61	-8.89
23.61	-8.89
23.71	-9.05
23.73	-9.00
23.73	-9.00
23.91	-9.03
23.91	-9.03
24.00	-8.99
24.00	-8.99
24.24	-8.85
24.24	-8.85
24.46	-8.85
24.46	-8.85
24.61	-8.84
24.61	-8.84
24.72	-9.11
24.72	-9.11
24.76	-8.98
24.76	-8.98
24.71	-8.92
24.71	-8.92
24.75	-8.84
24.75	-8.84
24.74	-8.77
24.74	-8.77
24.62	-8.79
24.62	-8.79
24.63	-8.75
24.63	-8.75
24.75	-8.78
24.75	-8.78
24.70	-8.67
24.70	-8.67
24.68	-8.48
24.68	-8.48
24.74	-8.64
24.74	-8.64
25.02	-8.60
25.02	-8.60
25.11	-8.64
25.11	-8.64
25.30	-8.63
25.30	-8.63
25.36	-8.57
25.36	-8.57
25.56	-8.76
25.56	-8.76
25.62	-8.67
25.62	-8.67
25.61	-8.75
25.61	-8.75
25.52	-8.85
25.52	-8.85
25.65	-9.04
25.65	-9.04
25.59	-8.93
25.59	-8.93
25.60	-9.10
25.60	-9.10
25.56	-9.12
25.56	-9.12
25.46	-9.13
25.46	-9.13
25.51	-9.21
25.51	-9.21
25.55	-9.33
25.54	-9.33
25.54	-9.33
25.53	-9.45
25.53	-9.45
25.56	-9.40
25.56	-9.40
25.50	-9.48
25.50	-9.48
25.46	-9.77
25.46	-9.77
25.40	-9.98
25.40	-9.98
25.38	-9.92
25.38	-9.92
25.35	-9.98
25.35	-9.98
25.30	-10.10
25.30	-10.10
25.35	-10.12
25.35	-10.12
25.16	-10.32
25.16	-10.32
25.21	-10.33
25.21	-10.33
25.32	-10.47
25.32	-10.47
25.26	-10.59
25.26	-10.59
25.21	-10.68
25.21	-10.68
25.18	-10.57
25.18	-10.57
25.26	-10.87
25.26	-10.87
25.19	-10.93
25.19	-10.93
25.09	-10.96
25.09	-10.96
25.07	-11.26
25.07	-11.26
24.93	-11.59
24.93	-11.59
24.77	-12.43
24.77	-12.43
24.58	-12.96
24.58	-12.96
24.31	-13.43
24.31	-13.43
24.07	-13.65
24.07	-13.65
23.75	-13.92
23.75	-13.92
23.36	-14.53
23.36	-14.53
22.95	-15.18
22.95	-15.18
22.40	-15.79
22.40	-15.79
20.22	-18.04
20.22	-18.04
18.61	-18.90
18.61	-18.90
16.77	-19.59
16.77	-19.59
14.28	-20.23
14.28	-20.23
11.10	-21.16
11.10	-21.16
7.68	-22.14
7.68	-22.14
5.36	-22.84
5.36	-22.84
5.21	-22.88
5.21	-22.88
5.24	-23.01
5.24	-23.01
4.71	-22.86
4.71	-22.86
4.38	-22.78
4.38	-22.78
4.50	-22.75
4.50	-22.75
4.84	-22.62
4.84	-22.62
4.92	-22.78
4.92	-22.78
5.17	-22.78
5.17	-22.78
5.31	-22.61
5.31	-22.61
5.22	-22.45
5.22	-22.45
4.85	-22.56
4.85	-22.56
5.22	-22.89
5.22	-22.89
5.21	-22.92
5.21	-22.92
5.09	-22.92
5.09	-22.92
5.06	-23.09
5.06	-23.09
5.07	-23.05
5.07	-23.05
4.99	-23.18
4.99	-23.18
5.15	-23.12
5.15	-23.12
5.22	-23.02
5.22	-23.02
5.16	-23.06
5.16	-23.06
5.16	-23.07
5.16	-23.07
5.33	-22.80
5.33	-22.80
5.51	-22.67
5.51	-22.67
5.42	-22.62
5.42	-22.62
5.58	-22.72
5.58	-22.72
5.57	-22.61
5.57	-22.61
5.43	-22.45
5.43	-22.45
5.52	-22.51
5.52	-22.51
5.61	-22.44
5.61	-22.44
5.60	-22.13
5.60	-22.13
5.88	-21.93
5.88	-21.93
6.06	-21.66
6.06	-21.66
6.18	-21.29
6.18	-21.29
6.32	-21.29
6.32	-21.29
6.43	-21.21
6.43	-21.21
6.43	-21.10
6.43	-21.10
6.44	-20.98
6.44	-20.98
6.45	-20.76
6.45	-20.76
6.49	-20.65
6.49	-20.65
6.49	-20.58
6.49	-20.58
6.55	-20.55
6.55	-20.55
6.93	-19.94
6.93	-19.94
7.32	-19.78
7.32	-19.78
7.35	-19.65
7.35	-19.65
7.18	-19.32
7.18	-19.32
7.23	-19.07
7.23	-19.07
7.28	-19.10
7.28	-19.10
7.17	-18.89
7.17	-18.89
7.20	-18.97
7.20	-18.97
7.08	-18.72
7.08	-18.72
7.08	-18.67
7.08	-18.67
6.93	-18.44
6.93	-18.44
6.97	-17.93
6.97	-17.93
6.88	-17.52
6.88	-17.52
7.05	-17.18
7.05	-17.18
7.11	-16.82
7.11	-16.82
7.19	-16.39
7.19	-16.39
7.44	-15.77
7.44	-15.77
7.74	-15.17
7.74	-15.17
7.82	-15.15
7.82	-15.15
7.65	-15.16
7.65	-15.16
7.60	-15.13
7.60	-15.13
7.77	-15.27
7.77	-15.27
7.82	-15.24
7.82	-15.24
7.86	-15.04
7.86	-15.04
7.96	-14.86
7.96	-14.86
8.04	-14.99
8.04	-14.99
7.95	-14.90
7.95	-14.90
7.89	-14.62
7.89	-14.62
7.72	-14.26
7.72	-14.26
7.59	-13.43
7.59	-13.43
7.54	-13.18
7.54	-13.18
7.46	-13.17
7.46	-13.17
7.24	-13.12
7.24	-13.12
6.90	-12.85
6.90	-12.85
6.19	-12.68
6.19	-12.68
5.56	-12.68
5.56	-12.68
5.64	-12.61
5.64	-12.61
5.81	-12.36
5.81	-12.36
5.60	-12.68
5.60	-12.68
5.44	-12.81
5.44	-12.81
5.31	-12.72
5.31	-12.72
4.89	-12.53
4.89	-12.53
4.74	-12.33
4.74	-12.33
4.30	-12.19
4.30	-12.19
3.98	-11.68
3.98	-11.68
3.28	-10.93
3.28	-10.93
2.99	-10.06
2.99	-10.06
2.39	-9.63
2.39	-9.63
1.72	-8.95
1.72	-8.95
1.16	-8.02
1.16	-8.02
0.46	-5.21
0.46	-5.21
-1.46	-4.67
-1.46	-4.67
-2.15	-5.14
-2.15	-5.14
-1.93	-4.85
-1.93	-4.85
-2.69	-4.58
-2.69	-4.58
-3.26	-4.20
-3.26	-4.20
-4.06	-4.01
-4.06	-4.01
-4.67	-4.11
-4.67	-4.11
-5.23	-4.18
-5.23	-4.18
-7.08	-3.78
-7.08	-3.78
-7.54	-3.90
-7.54	-3.90
-7.95	-4.17
-7.95	-4.17
-8.35	-4.33
-8.35	-4.33
-8.87	-4.38
-8.87	-4.38
-9.53	-4.19
-9.53	-4.19
-10.25	-4.58
-10.25	-4.58
-10.51	-4.64
-10.51	-4.64
-10.69	-4.83
-10.69	-4.83
-10.69	-5.09
-10.69	-5.09
-10.71	-5.23
-10.71	-5.23
-10.74	-5.45
-10.74	-5.45
-10.92	-6.23
-10.92	-6.23
-10.96	-6.52
-10.96	-6.52
-11.09	-6.73
-11.09	-6.73
-11.18	-7.23
-11.18	-7.23
-11.08	-7.34
-11.08	-7.34
-10.91	-7.56
-10.91	-7.56
-10.27	-8.20
-10.27	-8.20
-9.92	-8.43
-9.92	-8.43
-9.18	-8.65
-9.18	-8.65
-8.26	-9.49
-8.26	-9.49
-7.48	-9.84
-7.48	-9.84
-6.51	-10.31
-6.51	-10.31
-5.22	-11.02
-5.22	-11.02
-4.68	-11.16
-4.68	-11.16
-4.68	-11.16
-4.14	-11.38
-3.68	-11.32
-3.20	-11.48
-3.20	-11.48
-3.07	-11.48
-3.07	-11.48
-2.72	-11.41
-2.72	-11.41
-2.43	-11.65
-2.43	-11.65
-2.12	-11.58
-2.12	-11.58
-2.01	-11.63
-1.71	-11.67
-1.71	-11.67
-1.49	-11.77
-1.33	-11.87
-1.33	-11.87
-1.04	-11.94
-1.04	-11.94
-0.65	-11.95
-0.65	-11.95
-0.34	-11.89
-0.34	-11.89
-0.26	-11.76
-0.26	-11.76
0.24	-11.19
0.24	-11.19
0.40	-11.47
0.40	-11.47
0.61	-11.63
0.61	-11.63
0.83	-11.34
0.83	-11.34
1.19	-11.36
1.34	-11.30
1.34	-11.30
1.34	-11.30
1.73	-10.96
1.73	-10.96
1.96	-10.82
1.96	-10.82
2.19	-10.84
2.19	-10.84
2.25	-10.61
2.25	-10.61
2.44	-10.65
2.44	-10.65
2.67	-11.02
2.86	-11.03
3.05	-11.03
3.05	-11.03
3.41	-11.00
3.41	-11.00
3.73	-11.04
3.73	-11.04
3.89	-11.14
3.99	-10.94
3.99	-10.94
3.99	-10.94
3.91	-10.69
3.91	-10.69
3.95	-10.69
3.95	-10.69
3.99	-10.20
3.99	-10.20
3.99	-10.20
4.08	-9.82
4.08	-9.82
4.17	-9.54
4.17	-9.54
4.17	-9.54
3.82	-9.32
3.82	-9.32
3.82	-9.32
3.82	-9.32
4.00	-9.35
4.00	-9.35
3.91	-9.73
3.91	-9.73
3.91	-9.64
3.91	-9.64
3.74	-10.09
3.64	-10.53
3.50	-10.58
3.50	-10.58
3.29	-11.14
3.29	-11.14
3.21	-11.49
3.21	-11.49
2.97	-11.72
2.97	-11.72
2.92	-11.69
2.99	-12.24
2.99	-12.24
3.07	-13.17
2.78	-13.37
2.78	-13.37
2.36	-13.43
2.36	-13.43
1.67	-13.89
1.67	-13.89
1.67	-13.89
-0.09	-14.50
-0.09	-14.50
-1.33	-15.06
-1.33	-15.06
-2.56	-15.87
-3.74	-16.38
-3.74	-16.38
-3.74	-16.38
-4.21	-16.24
-4.46	-16.24
-4.46	-16.24
-4.84	-16.52
-4.84	-16.52
-5.41	-16.56
-5.85	-16.72
-5.85	-16.72
-6.24	-16.70
-6.54	-16.35
-6.54	-16.35
-6.58	-16.03
-6.58	-16.03
-6.29	-15.79
-6.29	-15.79
-6.14	-16.07
-5.95	-16.15
-5.95	-16.15
-5.77	-16.16
-5.77	-16.16
-5.78	-16.12
-5.74	-15.99
-5.74	-15.99
-5.83	-15.95
-5.83	-15.95
-5.91	-15.92
-5.91	-15.92
-5.91	-15.92
-5.87	-15.59
-5.87	-15.59
-5.57	-15.48
-5.57	-15.48
-5.57	-15.48
-5.56	-15.02
-5.56	-15.02
-5.61	-14.91
-5.61	-14.91
-5.42	-14.80
-5.42	-14.80
-5.24	-14.62
-5.11	-14.61
-5.11	-14.61
-4.96	-14.49
-4.96	-14.49
-4.72	-14.49
-4.52	-14.55
-4.52	-14.55
-4.40	-14.49
-4.40	-14.49
-4.21	-14.45
-4.21	-14.45
-3.99	-14.50
-3.92	-14.30
-3.92	-14.30
-3.62	-14.15
-3.62	-14.15
-3.47	-14.26
-3.24	-13.87
-3.24	-13.87
-3.00	-13.21
-3.00	-13.21
-2.90	-12.58
-2.90	-12.58
-2.89	-12.39
-2.76	-12.20
-2.76	-12.20
-2.75	-12.08
-2.75	-12.08
-2.64	-11.69
-2.37	-11.22
-2.37	-11.22
-2.16	-10.98
-2.16	-10.98
-1.74	-11.00
-1.74	-11.00
-1.52	-11.00
-1.14	-11.06
-1.14	-11.06
-0.90	-10.88
-0.90	-10.88
-0.32	-10.87
0.29	-10.84
0.29	-10.84
0.63	-10.68
0.63	-10.68
1.15	-10.77
1.15	-10.77
1.62	-10.69
1.96	-10.52
1.96	-10.52
1.96	-10.52
2.42	-10.71
2.42	-10.71
3.29	-10.84
3.29	-10.84
3.64	-10.92
3.64	-10.92
3.64	-10.92
4.15	-11.14
4.55	-11.31
4.86	-11.53
4.86	-11.53
5.27	-11.67
5.27	-11.67
5.43	-11.80
5.43	-11.80
5.77	-12.21
6.08	-12.30
6.08	-12.30
6.08	-12.30
6.29	-12.16
6.61	-12.25
6.85	-12.36
6.85	-12.36
6.96	-12.42
6.96	-12.42
6.96	-12.42
7.49	-12.57
7.49	-12.57
7.52	-12.60
7.52	-12.60
7.77	-12.68
7.58	-12.66
7.58	-12.66
7.56	-12.57
7.56	-12.57
7.54	-12.71
7.54	-12.71
7.54	-12.71
7.33	-12.80
7.33	-12.80
7.36	-12.91
7.36	-12.91
7.50	-13.01
7.33	-13.01
7.33	-13.01
7.33	-13.01
7.16	-13.28
7.13	-13.42
7.13	-13.42
7.10	-13.30
7.10	-13.30
7.15	-13.41
7.28	-13.33
7.28	-13.33
7.26	-13.39
7.25	-13.30
7.25	-13.30
7.43	-13.26
7.43	-13.26
7.55	-13.39
7.55	-13.39
7.55	-13.36
7.81	-13.18
7.81	-13.18
7.71	-13.15
7.71	-13.15
7.83	-12.87
7.81	-12.91
7.81	-12.91
7.72	-12.73
7.72	-12.73
7.76	-12.75
7.76	-12.75
7.68	-12.59
7.70	-12.66
7.70	-12.66
7.69	-12.71
7.69	-12.71
7.82	-12.66
7.82	-12.62
7.82	-12.62
7.87	-12.65
7.87	-12.65
7.91	-12.70
7.91	-12.70
7.88	-12.80
7.98	-12.70
7.98	-12.70
8.21	-12.70
8.21	-12.70
8.22	-12.57
8.13	-12.56
8.13	-12.56
8.13	-12.56
8.23	-12.45
8.33	-12.43
8.33	-12.43
8.29	-12.46
8.24	-12.37
8.24	-12.37
8.46	-12.35
8.46	-12.35
8.45	-12.15
8.51	-12.36
8.51	-12.36
8.62	-12.21
8.62	-12.21
9.12	-11.63
9.12	-11.63
9.61	-11.41
9.79	-11.40
9.79	-11.40
9.98	-11.51
9.98	-11.51
10.02	-11.73
9.98	-11.70
9.98	-11.70
9.96	-11.73
9.96	-11.73
10.07	-11.58
10.07	-11.58
10.08	-11.56
10.20	-11.92
10.20	-11.92
10.34	-11.78
10.34	-11.78
10.39	-11.94
10.46	-12.09
10.46	-12.09
10.52	-12.12
10.52	-12.12
10.58	-12.18
10.58	-12.18
10.83	-12.39
10.93	-12.25
10.93	-12.25
11.22	-12.06
11.22	-12.06
11.42	-11.85
11.51	-11.72
11.51	-11.72
11.85	-11.50
11.85	-11.50
12.27	-11.33
12.27	-11.33
12.81	-11.07
13.27	-11.16
13.27	-11.16
13.44	-10.82
13.44	-10.82
13.49	-10.54
13.55	-10.58
13.55	-10.58
13.78	-10.67
13.78	-10.67
14.01	-10.65
14.01	-10.65
14.07	-10.75
14.04	-10.63
14.04	-10.63
14.05	-10.79
14.05	-10.79
14.20	-10.86
14.56	-10.83
14.56	-10.83
14.66	-10.71
14.66	-10.71
14.68	-11.02
14.68	-11.02
14.92	-10.93
15.09	-10.62
15.09	-10.62
15.19	-10.28
15.19	-10.28
15.06	-10.31
15.04	-10.43
15.04	-10.43
15.02	-10.18
15.02	-10.18
14.82	-10.29
14.82	-10.29
14.57	-10.24
13.79	-9.80
13.79	-9.80
12.49	-9.52
12.49	-9.52
11.19	-9.68
9.89	-9.76
9.89	-9.76
7.82	-9.53
7.82	-9.53
5.68	-9.41
5.68	-9.41
4.12	-9.73
2.48	-9.97
2.48	-9.97
1.27	-10.22
1.27	-10.22
0.84	-10.44
1.19	-9.95
1.19	-9.95
1.52	-9.18
1.52	-9.18
1.90	-8.79
1.90	-8.79
1.78	-8.66
1.13	-8.77
1.13	-8.77
-0.06	-8.89
-0.06	-8.89
-1.24	-8.68
-2.70	-8.83
-2.70	-8.83
-3.70	-9.12
-3.70	-9.12
-4.27	-9.15
-4.65	-9.20
-4.65	-9.20
-4.91	-9.16
-4.91	-9.16
-5.36	-9.06
-5.36	-9.06
-5.66	-9.08
-5.68	-9.01
-5.68	-9.01
-5.68	-9.01
-5.82	-9.22
-6.01	-9.38
-6.01	-9.38
-6.14	-9.53
-6.41	-9.65
-6.41	-9.65
-6.52	-9.77
-6.52	-9.77
-6.54	-9.64
-6.42	-9.63
-6.42	-9.63
-6.61	-9.71
-6.61	-9.71
-6.31	-9.99
-6.31	-9.99
-5.86	-11.29
-5.38	-10.47
-5.38	-10.47
-5.30	-9.75
-5.30	-9.75
-5.46	-8.97
-5.87	-9.15
-5.87	-9.15
-6.34	-9.25
-6.34	-9.25
-6.47	-8.98
-6.47	-8.98
-7.04	-8.28
-8.04	-7.22
-8.04	-7.22
-9.68	-6.79
-9.68	-6.79
-10.42	-6.97
-10.22	-7.33
-10.22	-7.33
-10.16	-7.43
-10.16	-7.43
-10.84	-6.68
-10.84	-6.68
-11.61	-6.80
-12.24	-6.45
-12.24	-6.45
-12.65	-6.24
-12.65	-6.24
-13.05	-6.20
-13.35	-6.23
-13.35	-6.23
-13.46	-6.20
-13.46	-6.20
-13.50	-5.69
-13.55	-6.42
-13.55	-6.42
-13.25	-7.09
-13.25	-7.09
-12.63	-7.49
-12.63	-7.49
-11.01	-7.26
-7.72	-6.74
-7.72	-6.74
-4.94	-6.69
-4.94	-6.69
-4.48	-6.35
-6.05	-5.71
-6.05	-5.71
-7.23	-6.93
-7.23	-6.93
-6.31	-8.02
-6.31	-8.02
-5.30	-7.66
-5.10	-6.61
-5.10	-6.61
-4.98	-6.57
-4.98	-6.57
-5.14	-7.36
-4.90	-7.01
-4.90	-7.01
-4.71	-6.84
-4.71	-6.84
-4.59	-6.91
-4.53	-7.50
-4.53	-7.50
-4.09	-8.13
-4.09	-8.13
-3.86	-8.20
-3.31	-8.32
-3.31	-8.32
-2.92	-8.81
-2.92	-8.81
-2.92	-8.77
-2.92	-8.77
-3.05	-9.10
-3.34	-8.85
-3.34	-8.85
-3.75	-8.88
-3.75	-8.88
-4.10	-9.45
-4.72	-9.94
-4.72	-9.94
-5.15	-10.64
-5.15	-10.64
-5.58	-10.36
-5.58	-10.24
-5.58	-10.24
-5.54	-9.69
-5.54	-9.69
-5.17	-9.89
-5.17	-9.89
-5.09	-10.10
-5.10	-10.09
-5.10	-10.09
-4.92	-9.79
-4.92	-9.79
-4.84	-9.99
-4.50	-9.84
-4.50	-9.84
-4.02	-9.88
-4.02	-9.88
-3.25	-9.75
-3.25	-9.75
-2.42	-9.45
-1.71	-9.42
-1.71	-9.42
-0.94	-8.92
-0.94	-8.92
-0.35	-9.08
-0.32	-9.56
-0.32	-9.56
0.06	-9.42
0.06	-9.42
0.91	-8.99
1.39	-9.20
1.39	-9.20
1.61	-9.17
1.61	-9.17
1.56	-9.13
1.35	-9.12
1.35	-9.12
1.15	-9.04
1.15	-9.04
