90.05	0.00
-102.13	5.27
-102.12	5.71
-102.10	5.92
-102.17	6.13
-102.23	6.28
-102.15	6.13
-102.19	6.02
-102.22	6.11
-102.05	6.16
-102.04	6.07
-101.86	6.19
-101.74	6.17
-101.64	6.31
-101.58	6.47
-101.31	6.76
-101.05	6.70
-100.63	6.54
-100.30	6.58
-99.95	6.37
-99.53	6.28
-98.72	6.23
-97.69	6.09
-95.33	5.88
-91.47	6.12
-87.29	6.44
-83.20	6.79
-81.06	7.39
-80.36	7.69
-80.15	8.04
-80.35	8.03
-80.79	7.88
-80.59	8.14
-81.02	8.13
-81.54	8.32
-81.93	8.29
-82.41	8.23
-82.67	8.24
-82.58	8.75
-82.58	9.01
-82.60	8.98
-82.66	9.28
-82.89	9.67
-83.11	10.18
-83.37	10.96
-83.61	12.16
-83.95	13.43
-84.21	15.26
-84.50	16.93
-84.65	18.70
-84.85	20.48
-84.97	22.17
-85.18	24.18
-85.39	26.01
-85.93	27.97
-86.43	29.52
-86.99	30.96
-87.60	32.21
-88.00	33.08
-88.72	34.17
-89.16	34.70
-89.43	35.04
-89.81	35.09
-89.91	34.92
-89.84	34.89
-89.88	34.49
-89.79	34.44
-89.90	34.39
-90.17	34.41
-90.26	34.54
-90.47	34.70
-91.00	34.94
-91.29	35.24
-91.53	35.07
-91.84	34.44
-92.04	33.60
-92.04	32.83
-92.03	31.79
-92.04	31.07
-92.01	30.36
-91.95	29.77
-92.09	28.90
-92.29	27.78
-92.47	26.49
-92.58	25.10
-92.69	23.09
-92.72	21.19
-92.14	18.28
-91.26	15.93
-89.39	13.35
-86.84	11.11
-83.51	10.29
-80.47	8.62
-77.94	7.50
-75.40	6.24
-72.53	5.28
-68.47	4.86
-64.73	4.22
-61.78	3.93
-58.93	3.42
-56.46	3.33
-54.06	2.91
-50.82	2.05
-47.93	1.58
-45.11	1.21
-42.82	0.70
-40.47	0.73
-38.52	0.79
-36.81	0.93
-34.17	0.82
-31.78	0.94
-29.28	1.00
-25.87	1.27
-22.59	1.97
-19.30	2.03
-16.31	2.13
-13.60	1.94
-10.91	1.03
-8.04	1.10
-5.46	0.96
-2.89	0.39
-0.72	0.71
2.12	0.55
5.10	0.21
8.77	0.23
11.86	0.21
14.98	0.35
17.83	0.37
21.06	0.61
23.89	0.55
26.59	0.75
28.71	1.01
29.52	1.13
28.97	1.09
27.55	1.25
26.36	1.60
24.94	1.75
23.64	2.60
20.83	3.81
17.10	5.62
11.89	7.93
8.45	9.30
5.13	11.48
3.09	13.67
0.26	15.61
-3.27	17.47
-8.90	18.76
-14.64	19.28
-20.05	19.48
-25.54	19.87
-30.33	21.01
-35.96	22.30
-40.67	22.84
-46.58	23.37
-52.67	23.41
-60.21	23.72
-67.83	22.60
-75.90	21.49
-83.28	20.39
-89.89	19.20
-94.56	18.96
-97.63	19.41
-98.91	20.12
-99.22	21.18
-99.31	22.09
-98.79	23.38
-98.41	23.85
-98.45	24.68
-98.08	25.58
-97.97	26.09
-97.79	26.74
-97.82	26.88
-98.25	27.66
-98.46	28.02
-98.49	28.34
-98.30	28.16
-98.32	28.10
-98.46	27.49
-98.62	26.85
-98.50	25.93
-98.50	25.05
-98.19	22.66
-96.61	17.81
-94.78	12.71
-91.95	4.78
-89.78	-3.41
-87.93	-12.22
-86.57	-18.02
-84.45	-23.35
-82.95	-26.64
-82.64	-29.66
-81.89	-25.30
-81.84	-22.19
-81.99	-17.45
-80.94	-10.95
-80.19	-4.00
-79.33	3.33
-78.27	8.37
-77.63	11.95
-76.99	16.61
-76.44	17.99
-76.31	17.45
-76.35	14.97
-76.39	11.55
-76.16	8.55
-75.65	5.21
-75.34	0.80
-75.51	-3.66
-75.74	-7.78
-75.80	-9.17
-76.06	-6.02
-76.51	-4.51
-76.74	-3.65
-76.86	-3.16
-77.14	-2.99
-77.17	-2.52
-77.16	-2.38
-77.11	-1.83
-76.88	-1.71
-77.05	-1.65
-77.04	-1.54
-76.96	-1.85
-76.85	-1.63
-76.73	-1.53
-76.76	-1.36
-76.99	-0.84
-77.00	-0.75
-76.87	-0.85
-76.80	-0.81
-76.60	-0.79
-76.41	-0.57
-76.12	-0.65
-75.98	-0.52
-75.72	-0.36
-75.39	-0.12
-75.34	0.07
-75.15	0.18
-74.93	0.27
-74.63	0.35
-74.17	0.57
-73.85	0.98
-73.38	1.84
-73.16	2.45
-72.93	2.73
-73.06	2.74
-73.18	2.66
-73.34	2.72
-73.31	2.98
-73.40	3.04
-73.57	3.35
-73.61	3.32
-73.72	3.28
-73.78	3.54
-73.97	3.50
-74.07	3.52
-74.16	3.66
-74.17	3.77
-74.08	3.78
-74.04	3.59
-73.77	3.56
-73.27	3.47
-73.03	3.63
-73.36	3.62
-73.57	3.57
-73.62	3.49
-73.32	3.11
-72.98	2.97
-72.32	2.83
-71.56	2.94
-70.17	2.98
-67.73	2.95
-62.07	3.39
-55.83	3.44
-49.41	3.36
-43.89	3.34
-39.54	3.54
-37.01	3.87
-35.63	3.84
-34.87	4.13
-34.09	4.42
-31.62	4.47
-28.90	4.70
-24.83	5.02
-20.69	5.21
-17.34	5.59
-14.51	5.98
-11.75	6.73
-8.80	7.20
-5.52	7.83
-1.92	8.05
1.74	7.50
4.44	6.93
6.88	6.42
8.79	5.90
11.32	6.12
13.95	5.84
16.50	5.75
18.12	5.49
18.95	5.18
18.78	4.98
18.82	5.56
18.58	5.74
17.80	6.16
16.50	6.10
15.49	6.20
13.65	6.07
11.40	5.55
9.17	5.72
7.88	6.12
7.31	6.00
6.99	6.67
6.55	7.00
5.94	7.22
5.40	7.19
4.94	7.84
4.20	8.35
3.73	8.96
3.14	10.22
2.66	11.28
1.82	12.50
0.80	14.31
0.07	16.17
-0.58	17.23
-1.70	18.18
-3.48	19.08
-5.68	19.64
-7.34	20.10
-9.28	20.87
-12.07	21.54
-14.91	22.09
-18.84	22.85
-22.20	23.29
-25.50	24.05
-30.19	24.76
-34.74	24.99
-40.53	25.70
-46.40	26.75
-51.08	28.15
-55.50	29.68
-59.29	30.43
-62.53	31.65
-64.80	32.81
-66.30	33.80
-67.38	35.22
-68.39	36.26
-69.33	37.25
-70.14	38.28
-71.28	39.08
-72.99	39.76
-74.78	40.68
-77.21	41.73
-79.24	42.30
-81.48	43.54
-83.15	44.40
-84.27	45.80
-85.72	47.10
-87.27	48.50
-88.82	50.07
-89.98	51.71
-90.94	53.21
-91.98	54.02
-92.42	55.87
-92.74	56.88
-92.57	58.59
-93.02	59.05
-92.70	60.05
-93.37	60.21
-93.01	61.15
-93.33	61.46
-92.14	62.16
-92.05	62.38
-92.17	62.14
-91.43	61.80
-91.61	61.27
-91.02	61.45
-90.68	61.36
-90.26	61.59
-90.64	61.50
-90.30	61.78
-90.51	61.63
-90.95	61.83
-92.27	61.86
-95.16	61.00
-97.38	59.31
-99.04	57.34
-100.23	55.32
-101.60	52.86
-103.10	50.74
-104.39	47.95
-105.35	45.58
-106.10	42.87
-106.87	40.79
-107.56	38.10
-107.78	35.93
-107.46	33.16
-107.38	30.75
-107.32	28.25
-107.43	25.20
-107.50	22.31
-107.68	18.47
-107.11	14.75
-106.54	10.56
-106.77	6.54
-106.96	3.98
-107.52	3.54
-107.45	3.75
-108.05	2.73
-108.71	1.34
-108.37	-1.30
-107.74	-1.63
-106.86	-2.18
-106.03	-3.37
-105.22	-3.83
-104.61	-4.69
-104.01	-4.51
-102.75	-4.82
-101.90	-5.40
-101.65	-5.88
-101.23	-5.85
-101.15	-5.60
-101.16	-5.34
-101.17	-4.84
-101.63	-4.76
-102.15	-4.84
-102.73	-4.41
-103.44	-4.47
-104.17	-4.55
-105.25	-4.12
-106.04	-4.11
-106.32	-3.86
-106.19	-3.49
-106.05	-3.10
-105.96	-2.49
-106.47	-2.34
-106.99	-2.31
-107.49	-2.34
-108.21	-2.44
-108.77	-2.74
-109.31	-2.77
-110.11	-2.62
-110.92	-2.63
-112.70	-2.60
-116.12	-2.69
-119.64	-2.37
-123.33	-2.39
-126.09	-2.39
-128.41	-2.44
-130.31	-2.35
-132.06	-2.27
-133.99	-2.30
-135.91	-2.56
-138.45	-2.79
-141.20	-3.17
-143.89	-3.57
-145.94	-3.33
-147.90	-3.33
-149.98	-3.28
-151.87	-3.76
-154.12	-4.43
-156.53	-4.51
-159.76	-4.74
-163.56	-4.75
-166.50	-4.57
-168.74	-4.65
-170.48	-4.56
-172.01	-3.92
-173.35	-3.80
-174.44	-4.26
-175.29	-4.79
-176.08	-5.45
-176.70	-5.40
-177.05	-5.34
-177.57	-5.25
-178.08	-5.53
-178.77	-5.63
-179.19	-5.56
-179.26	-5.89
-178.98	-6.32
-178.45	-7.44
-177.70	-8.35
-177.19	-8.82
-176.85	-9.47
-175.94	-9.57
-175.24	-10.22
-174.40	-11.31
-173.55	-12.47
-172.98	-13.02
-172.38	-13.37
-172.16	-14.10
-171.65	-14.58
-171.28	-14.87
-171.04	-15.25
-170.70	-15.08
-170.48	-15.11
-170.27	-15.07
-170.01	-15.29
-169.78	-15.20
-169.82	-15.13
-169.81	-14.83
-169.89	-14.44
-169.65	-14.71
-169.60	-14.88
-169.51	-15.43
-169.37	-16.00
-169.03	-16.47
-168.71	-16.78
-168.59	-16.91
-168.52	-17.35
-168.51	-17.74
-168.59	-18.31
-168.29	-19.07
-167.78	-19.53
-166.70	-20.67
-165.20	-21.53
-162.71	-22.74
-160.38	-23.25
-157.62	-24.24
-154.60	-24.94
-150.98	-26.21
-147.88	-26.31
-144.92	-26.63
-141.53	-27.02
-138.69	-26.66
-135.60	-26.81
-133.11	-25.98
-130.17	-25.54
-127.02	-25.08
-123.72	-24.50
-120.03	-24.42
-117.14	-24.23
-114.60	-23.89
-112.13	-23.81
-109.89	-23.39
-107.59	-22.97
-105.16	-22.45
-102.05	-21.90
-99.55	-21.15
-96.69	-20.60
-94.22	-20.26
-91.91	-20.03
-90.00	-19.48
-88.35	-19.04
-86.64	-18.59
-85.26	-18.03
-83.16	-17.40
-81.04	-16.96
-78.82	-16.65
-76.64	-16.33
-74.72	-16.29
-73.17	-16.50
-72.03	-16.20
-71.15	-15.83
-70.16	-15.44
-69.25	-15.35
-68.59	-15.80
-68.28	-16.37
-67.78	-16.71
-67.45	-16.78
-67.24	-16.71
-67.14	-16.58
-67.05	-16.73
-66.86	-16.95
-66.79	-17.28
-66.72	-17.34
-66.68	-17.39
-66.63	-17.27
-66.46	-16.97
-66.29	-16.79
-65.98	-16.72
-65.63	-16.66
-65.36	-16.52
-65.01	-16.49
-64.47	-16.32
-63.42	-16.02
-61.68	-15.68
-59.52	-15.15
-57.13	-14.54
-54.51	-13.90
-52.02	-13.18
-49.72	-12.16
-47.50	-11.25
-45.51	-9.54
-43.15	-7.85
-40.82	-6.37
-38.11	-4.95
-35.50	-3.97
-33.33	-2.69
-32.01	-1.59
-31.01	-0.24
-30.51	1.73
-29.16	5.56
-27.81	8.02
-27.55	8.61
-27.43	9.28
-27.96	10.36
-28.38	10.83
-29.05	10.96
-29.60	10.39
-30.09	10.00
-30.31	9.19
-30.15	8.85
-30.30	8.56
-30.63	8.78
-31.37	8.59
-32.08	8.12
-33.50	7.53
-35.87	6.61
-40.08	4.74
-44.20	2.85
-49.69	1.55
-54.29	-0.20
-59.02	-1.11
-62.96	-1.51
-65.00	-1.46
-66.42	-2.09
-66.55	-2.34
-66.56	-2.38
-66.17	-2.55
-65.18	-2.78
-63.63	-2.85
-58.06	-2.62
-51.78	-2.99
-47.10	-3.46
-43.52	-3.18
-43.26	-2.48
-45.60	-2.52
-50.29	-2.56
-56.01	-2.70
-61.85	-2.78
-70.36	-2.56
-79.63	-2.35
-88.91	-2.47
-97.90	-2.80
-103.09	-3.11
-106.60	-2.88
-104.42	-1.94
-99.17	-1.63
-91.35	-1.42
-82.88	-1.53
-71.01	-1.25
-62.61	-1.30
-59.23	-0.15
-64.84	0.38
-72.63	-0.76
-78.98	-1.21
-87.97	-1.36
-99.35	-1.22
-111.05	-1.81
-121.12	-2.87
-127.06	-4.35
-125.62	-4.28
-119.66	-3.12
-113.08	-2.17
-105.61	-1.54
-97.43	-1.59
-86.42	-1.52
-81.48	-0.80
-82.27	-0.29
-88.75	-1.02
-92.35	-1.48
-97.16	-1.67
-100.62	-1.87
-102.25	-1.30
-100.69	-0.56
-97.76	-0.16
-93.73	0.34
-88.36	1.34
-80.89	2.01
-73.90	1.69
-68.24	1.50
-66.28	1.57
-66.80	1.31
-70.41	1.37
-78.11	1.24
-85.06	0.50
-94.68	-0.48
-101.35	-0.84
-105.18	-0.26
-105.45	-0.10
-100.77	0.60
-96.86	1.18
-92.40	1.43
-87.11	1.44
-83.05	1.23
-79.18	1.87
-78.49	2.08
-79.96	1.82
-82.84	1.70
-85.22	1.57
-86.70	1.36
-86.81	1.29
-86.88	1.43
-86.74	1.24
-86.85	1.14
-87.18	0.66
-87.57	0.06
-88.19	-1.50
-88.19	-2.62
-88.83	-4.70
-89.50	-6.18
-89.82	-6.99
-89.92	-8.58
-90.87	-9.82
-91.29	-11.28
-91.57	-12.74
-91.24	-13.48
-90.67	-14.74
-90.53	-15.88
-90.47	-17.52
-90.91	-18.43
-91.03	-18.71
-91.29	-20.00
-94.10	-21.27
-94.90	-21.23
-93.99	-21.22
-91.39	-21.50
-90.42	-22.26
-90.18	-20.95
-88.46	-20.35
-87.47	-18.72
-87.73	-18.74
-90.77	-17.55
-91.55	-18.14
-90.91	-18.90
-90.27	-17.38
-92.62	-15.59
-93.46	-16.08
-90.80	-17.16
-88.91	-18.20
-91.29	-14.70
-91.50	-15.62
-90.56	-17.28
-89.84	-17.59
-89.60	-16.40
-89.77	-15.75
-90.01	-15.58
-90.31	-13.99
-90.31	-13.99
-90.95	-13.41
-91.24	-12.85
-91.88	-12.62
-91.32	-13.66
-91.52	-12.98
-91.57	-13.46
-91.28	-13.39
-90.54	-12.20
-90.18	-12.13
-89.96	-11.82
-89.15	-11.83
-88.83	-12.73
-86.71	-13.91
-86.04	-14.58
-88.66	-13.21
-89.83	-13.57
-90.06	-13.96
-90.68	-12.94
-90.84	-12.54
-90.72	-12.35
-89.87	-10.93
-89.29	-11.11
-88.89	-11.01
-88.27	-9.06
-88.20	-7.33
-87.89	-4.37
-88.08	-2.05
-88.65	0.10
-88.10	2.91
-88.88	5.26
-89.08	8.38
-89.49	8.34
-89.71	8.40
-89.89	10.21
-89.98	13.62
-90.05	17.11
-90.36	19.65
-90.71	21.65
-91.01	23.69
-91.13	23.70
-90.89	22.56
-90.26	22.03
-89.15	21.59
-87.85	21.29
-86.66	22.40
-85.76	24.13
-84.91	26.12
-84.65	26.85
-84.21	27.08
-83.94	26.64
-83.97	26.00
-84.13	25.12
-84.02	24.01
-83.98	22.62
-83.66	21.22
-83.70	19.45
-83.48	17.47
-83.09	16.68
-83.09	16.68
-82.49	14.90
-82.49	14.90
-82.11	13.88
-82.35	13.34
-82.59	13.01
-82.76	12.37
-82.83	11.53
-82.49	10.84
-82.36	9.64
-82.43	9.53
-82.58	8.89
-82.76	8.58
-82.81	8.39
-82.77	8.12
-82.74	8.29
-82.70	8.24
-82.67	8.39
-82.79	7.98
-82.72	8.04
-82.73	8.26
-82.71	8.35
-82.63	8.77
-82.67	9.05
-82.61	8.96
-82.53	8.76
-82.40	8.68
-82.43	8.61
-82.52	8.76
-82.66	9.97
-83.03	10.98
-83.26	13.48
-83.54	15.09
-84.27	17.09
-85.08	18.94
-85.92	21.39
-86.54	24.14
-86.65	27.60
-86.98	30.15
-87.06	33.26
-87.72	34.50
-88.12	36.33
-88.59	37.20
-89.12	38.75
-89.22	40.05
-89.08	41.49
-88.83	42.27
-89.08	43.31
-89.22	43.37
-89.59	43.30
-89.61	43.28
-89.40	43.13
-89.37	42.95
-89.01	42.95
-89.21	42.89
-89.20	43.05
-89.38	42.80
-89.18	42.85
-89.26	42.67
-89.15	43.10
-89.08	42.62
-88.98	42.84
-88.83	42.61
-88.71	42.70
-88.74	42.76
-88.67	42.76
-88.52	42.56
-88.54	42.57
-88.53	42.40
-88.35	42.44
-88.30	42.32
-88.49	42.20
-88.51	42.24
-88.46	42.08
-88.48	42.27
-88.43	42.13
-88.53	42.44
-88.50	42.10
-88.42	42.34
-88.41	41.93
-88.19	42.21
-88.34	42.13
-88.33	42.26
-88.41	42.18
-88.41	42.58
-88.38	42.35
-88.28	42.67
-88.64	42.49
-88.50	42.66
-88.43	42.52
-88.52	42.45
-88.63	42.50
-88.67	42.51
-88.58	42.59
-88.66	42.30
-88.77	42.67
-88.95	42.24
-89.27	42.55
-90.64	41.77
-91.61	41.64
-92.99	40.78
-94.73	40.18
-97.41	39.31
-100.31	38.38
-103.03	37.34
-105.48	36.95
-107.33	36.23
-108.65	35.71
-109.67	35.02
-110.52	34.43
-111.08	33.45
-111.19	32.53
-111.09	31.63
-111.36	30.91
-112.06	30.00
-112.82	29.20
-113.61	27.98
-114.72	26.46
-115.96	24.39
-117.08	21.90
-118.41	19.75
-119.66	18.05
-120.76	17.39
-121.38	16.65
-121.63	16.06
-121.95	15.20
-122.17	13.12
-122.64	11.55
-123.29	9.91
-123.80	8.61
-123.97	7.37
-124.16	6.08
-124.41	3.70
-124.88	1.39
-125.03	-1.28
-125.32	-2.86
-124.96	-4.90
-124.78	-6.55
-124.37	-8.48
-123.58	-12.03
-121.87	-15.55
-119.60	-17.96
-116.56	-19.30
-113.07	-23.34
-109.67	-27.24
-105.02	-31.70
-102.66	-33.25
-99.50	-31.39
-96.87	-33.09
-96.19	-36.00
-96.32	-37.29
-96.52	-37.64
-97.54	-37.01
-97.65	-35.95
-97.82	-36.57
-97.92	-36.87
-97.95	-37.27
-98.24	-36.89
-98.66	-36.54
-98.84	-36.16
-98.55	-35.59
-98.30	-35.71
-98.06	-35.29
-97.93	-35.50
-97.82	-35.86
-97.90	-36.33
-98.12	-36.16
-98.36	-35.58
-98.68	-35.06
-98.82	-33.91
-98.56	-33.33
-98.31	-32.51
-98.13	-31.73
-97.95	-29.48
-97.21	-27.51
-96.44	-24.44
-95.69	-21.95
-95.33	-20.10
-94.90	-19.05
-94.64	-17.35
-94.31	-14.89
-94.35	-12.63
-94.30	-9.39
-94.55	-6.94
-94.51	-3.37
-94.79	-1.26
-94.88	0.79
-95.20	1.02
-95.53	0.91
-95.64	0.19
-95.59	-0.17
-95.46	1.21
-95.41	1.85
-95.43	2.36
-95.35	2.14
-95.46	2.63
-95.35	3.14
-95.20	2.94
-94.97	2.92
-94.97	2.55
-95.03	2.38
-94.98	2.69
-95.03	2.81
-95.17	2.87
-95.28	2.54
-95.30	2.29
-95.22	1.70
-95.10	1.04
-94.89	0.95
-94.68	0.82
-94.47	0.85
-94.25	0.68
-94.20	0.48
-93.79	0.27
-93.18	-0.02
-91.75	-0.45
-89.70	-1.29
-87.13	-2.29
-84.07	-3.05
-81.09	-4.22
-78.36	-4.29
-75.08	-5.31
-72.59	-5.43
-69.73	-5.62
-67.41	-5.82
-64.25	-6.16
-61.43	-6.72
-59.30	-6.95
-57.02	-7.41
-54.97	-7.93
-52.81	-8.28
-50.89	-8.58
-48.48	-8.60
-46.52	-8.95
-44.68	-9.31
-42.76	-10.22
-40.80	-11.21
-39.03	-12.22
-36.93	-13.03
-35.15	-13.92
-33.32	-14.54
-31.86	-14.78
-30.42	-15.42
-29.34	-16.01
-27.65	-16.33
-26.46	-16.38
-25.22	-16.27
-24.08	-16.19
-22.83	-15.94
-22.02	-15.55
-21.42	-15.42
-21.13	-15.69
-20.66	-16.07
-20.62	-16.32
-20.17	-16.04
-20.13	-16.09
-20.12	-15.85
-20.14	-15.72
-20.37	-15.68
-20.53	-15.56
-20.67	-15.29
-20.80	-15.17
-20.95	-15.20
-21.19	-15.25
-21.50	-15.07
-21.64	-15.06
-21.51	-15.17
-21.78	-15.05
-21.81	-14.91
-21.84	-14.96
-21.84	-14.72
-21.99	-14.53
-22.15	-14.40
-22.28	-14.44
-22.18	-14.50
-22.53	-14.54
-22.76	-14.45
-22.96	-14.35
-23.02	-14.38
-22.95	-14.49
-22.92	-14.52
-23.05	-14.48
-23.29	-14.48
-23.57	-14.56
-23.69	-14.48
-23.84	-14.56
-23.79	-14.58
-23.88	-14.84
-23.95	-14.98
-24.30	-15.23
-24.60	-15.68
-24.50	-15.79
-24.61	-15.86
-24.84	-15.76
-24.98	-15.82
-25.12	-15.85
-25.15	-15.87
-25.22	-15.89
-25.20	-15.90
-25.19	-16.02
-25.39	-16.02
-25.44	-16.20
-25.47	-16.53
-25.55	-16.69
-25.54	-16.80
-25.46	-16.80
-25.40	-16.89
-25.42	-16.88
-25.27	-17.09
-25.29	-17.20
-25.43	-17.22
-25.54	-17.19
-25.56	-17.08
-25.59	-17.04
-25.63	-17.06
-25.76	-17.05
-25.62	-17.02
-25.66	-17.01
-25.81	-16.95
-25.68	-17.01
-25.86	-17.05
-25.98	-17.01
-26.03	-16.91
-26.04	-16.86
-26.13	-16.85
-26.18	-16.75
-26.28	-16.86
-26.36	-16.90
-26.33	-16.96
-26.32	-16.94
-26.36	-16.86
-26.46	-16.80
-26.48	-16.71
-26.62	-16.66
-26.65	-16.49
-26.52	-16.48
-26.61	-16.54
-26.74	-16.66
-26.75	-16.50
-26.84	-16.46
-26.91	-16.35
-26.97	-16.22
-27.02	-16.33
-27.08	-16.13
-26.97	-16.34
-26.87	-16.34
-26.97	-16.53
-27.11	-16.42
-26.93	-16.60
-27.02	-16.59
-27.02	-16.68
-27.07	-16.78
-27.06	-16.85
-26.97	-16.84
-26.93	-16.93
-26.89	-17.00
-26.88	-17.12
-26.95	-17.10
-26.91	-17.18
-26.95	-17.23
-27.10	-17.16
-27.08	-17.32
-27.08	-17.30
-27.05	-17.27
-27.06	-17.21
-26.92	-17.24
-26.97	-17.16
-27.05	-17.18
-27.23	-17.26
-27.40	-17.15
-27.27	-17.15
-27.23	-17.16
-27.17	-17.19
-27.33	-17.28
-27.47	-17.11
-27.43	-17.04
-27.45	-17.05
-27.49	-17.01
-27.51	-17.04
-27.41	-17.14
-27.37	-17.04
-27.37	-17.05
-27.39	-17.13
-27.45	-17.01
-27.71	-17.05
-27.52	-17.14
-27.43	-17.14
-27.47	-17.25
-27.46	-17.31
-27.63	-17.34
-27.61	-17.32
-27.63	-17.39
-27.65	-17.36
-27.68	-17.30
-27.65	-17.25
-27.63	-17.36
-27.69	-17.38
-27.62	-17.39
-27.70	-17.38
-27.72	-17.46
-27.60	-17.58
-27.54	-17.54
-27.37	-17.60
-27.31	-17.62
-27.37	-17.55
-27.60	-17.59
-27.78	-17.58
-28.03	-17.57
-28.02	-17.52
-27.95	-17.64
-28.00	-17.75
-28.05	-17.89
-28.31	-17.99
-28.43	-17.96
-28.48	-17.83
-28.68	-17.70
-28.93	-17.83
-29.03	-17.86
-29.21	-17.84
-29.14	-17.96
-29.31	-18.03
-29.57	-17.99
-29.96	-17.93
-30.18	-17.66
-30.46	-17.65
-30.44	-17.65
-30.58	-17.63
-30.78	-17.66
-31.12	-17.84
-32.22	-18.20
-33.90	-18.56
-37.08	-19.38
-40.55	-20.57
-44.11	-22.69
-47.72	-25.73
-50.66	-27.94
-53.66	-30.93
-55.23	-33.21
-56.62	-36.40
-58.97	-40.08
-60.66	-43.43
-62.64	-47.32
-64.10	-50.55
-65.55	-53.41
-67.14	-54.35
-67.96	-56.06
-68.76	-57.39
-69.34	-58.81
-69.60	-59.38
-70.26	-59.64
-70.34	-60.57
-70.85	-60.60
-71.23	-60.34
-71.06	-60.78
-70.82	-61.01
-70.24	-60.62
-69.69	-60.35
-69.05	-60.26
-68.89	-59.94
-68.62	-59.96
-68.62	-59.99
-68.77	-60.00
-68.92	-60.02
-69.31	-59.92
-69.00	-59.85
-69.31	-59.74
-69.80	-59.48
-70.54	-59.11
-71.48	-58.43
-72.94	-57.41
-74.32	-56.40
-75.91	-55.74
-77.51	-55.09
-79.65	-53.98
-81.67	-52.69
-85.39	-50.75
-90.51	-48.19
-95.81	-44.91
-101.18	-42.26
-105.70	-40.36
-110.86	-39.13
-113.81	-38.23
-115.59	-37.25
-116.74	-36.43
-118.58	-35.03
-120.56	-33.84
-122.82	-32.95
-124.51	-32.03
-126.41	-31.16
-128.64	-30.30
-131.04	-28.65
-133.22	-27.17
-135.46	-25.40
-137.68	-23.68
-140.61	-21.62
-143.11	-19.62
-145.66	-17.95
-148.42	-16.39
-150.75	-15.26
-152.72	-14.94
-154.42	-15.28
-156.09	-15.85
-157.97	-16.17
-159.63	-15.87
-161.69	-15.02
-163.19	-14.39
-164.53	-13.59
-166.04	-12.75
-167.13	-12.18
-167.95	-12.11
-168.77	-11.89
-169.71	-11.68
-170.80	-11.31
-171.90	-10.86
-173.05	-10.34
-174.09	-10.01
-175.05	-9.96
-175.78	-9.85
-176.46	-9.63
-177.64	-9.49
-179.35	-8.41
178.57	-6.26
177.63	-4.97
177.55	-3.86
177.79	-3.16
177.62	-2.68
177.27	-2.21
176.45	-1.85
175.89	-1.67
175.40	-1.57
174.95	-1.79
174.45	-1.56
174.09	-1.52
173.88	-1.32
173.85	-1.49
173.75	-1.75
173.60	-1.81
173.06	-2.08
172.51	-2.11
172.40	-2.44
172.00	-4.11
171.22	-6.29
170.01	-8.39
168.85	-10.31
167.38	-11.45
166.32	-12.80
165.47	-13.32
164.83	-13.78
164.19	-13.72
163.69	-13.58
163.52	-13.12
163.59	-12.77
163.81	-12.88
164.37	-13.22
164.57	-13.59
164.84	-13.71
165.11	-13.62
165.51	-13.50
165.83	-13.32
166.17	-13.42
166.64	-13.44
166.65	-13.38
166.59	-13.20
166.49	-13.27
166.29	-13.46
166.34	-13.99
166.30	-14.38
166.30	-14.58
166.40	-14.69
166.44	-14.70
166.50	-14.81
166.65	-14.34
166.57	-13.57
166.58	-13.48
166.78	-13.52
166.72	-13.90
166.88	-14.26
166.98	-14.53
166.96	-14.77
167.13	-14.68
167.14	-14.67
167.16	-14.76
167.16	-14.82
167.25	-15.13
167.62	-15.16
167.83	-15.05
167.97	-15.08
168.11	-14.89
167.90	-14.91
167.64	-14.83
167.65	-14.93
167.59	-14.85
167.78	-14.83
167.94	-14.90
168.21	-14.92
168.36	-15.01
168.35	-14.87
168.15	-14.59
168.05	-14.51
168.13	-14.45
168.30	-14.39
168.59	-14.30
168.67	-14.08
168.86	-14.11
169.07	-14.00
169.11	-13.92
169.17	-13.88
169.41	-13.62
169.52	-13.31
169.81	-13.16
169.98	-13.20
170.07	-13.35
170.07	-13.41
169.85	-13.36
169.94	-13.39
169.91	-13.32
170.08	-13.20
170.15	-13.25
170.13	-13.24
170.15	-13.40
170.23	-13.58
170.15	-13.67
170.14	-13.64
170.16	-13.65
170.14	-13.58
170.14	-13.55
170.29	-13.59
170.30	-13.73
170.37	-13.69
170.42	-13.74
170.39	-13.88
170.53	-13.88
170.50	-14.18
170.77	-14.27
170.83	-14.31
170.93	-14.27
170.93	-14.10
171.02	-14.11
171.17	-14.27
171.37	-14.64
171.49	-14.54
171.42	-14.17
171.20	-13.98
170.98	-13.88
171.26	-13.89
171.48	-13.97
171.72	-14.13
172.11	-14.34
172.79	-14.30
173.70	-14.28
175.19	-14.04
176.82	-13.68
178.63	-13.59
-179.78	-13.23
-178.06	-12.95
-175.79	-12.70
-173.78	-12.50
-171.81	-12.48
-169.77	-12.29
-167.63	-12.35
-165.43	-12.21
-163.82	-12.12
-161.57	-12.52
-158.25	-13.01
-153.44	-14.05
-146.18	-15.21
-138.63	-15.08
-131.22	-14.65
-122.70	-15.19
-114.28	-15.09
-104.71	-15.07
-94.55	-15.52
-84.52	-16.64
-75.61	-16.06
-68.81	-15.96
-63.16	-15.54
-56.61	-14.49
-49.81	-14.30
-44.95	-14.17
-40.39	-13.77
-37.57	-14.00
-35.43	-13.63
-33.75	-13.49
-31.58	-12.72
-28.90	-12.71
-26.91	-13.38
-25.28	-14.47
-24.52	-15.72
-23.46	-17.27
-22.71	-19.08
-21.72	-19.96
-20.54	-21.15
-19.22	-22.14
-17.85	-24.14
-15.72	-26.89
-14.13	-28.67
-12.37	-29.63
-10.83	-29.67
-8.96	-29.30
-6.86	-29.38
-4.52	-29.54
-2.40	-29.66
-0.28	-29.67
1.36	-30.13
3.37	-30.75
4.86	-31.23
6.38	-31.43
7.60	-31.90
8.71	-32.10
9.25	-32.67
10.14	-33.30
10.84	-33.96
11.41	-34.55
12.03	-35.22
12.47	-35.89
12.41	-36.29
12.17	-36.95
11.88	-37.40
11.93	-37.72
11.86	-38.06
11.94	-38.10
11.82	-38.18
11.79	-38.59
12.01	-38.82
12.76	-39.12
13.34	-39.26
13.51	-39.51
13.42	-39.77
13.25	-39.87
12.77	-39.88
12.00	-40.13
11.91	-40.15
11.97	-40.72
12.23	-40.62
12.31	-40.56
12.30	-40.62
12.06	-40.62
11.64	-40.84
11.42	-41.03
11.23	-41.30
10.98	-41.32
11.02	-41.49
10.72	-41.43
10.82	-41.64
10.60	-42.05
10.22	-42.38
10.28	-42.49
10.61	-42.44
10.72	-42.43
10.81	-42.53
10.46	-42.63
10.27	-42.75
10.23	-42.73
10.14	-42.71
9.84	-42.56
9.31	-42.68
8.68	-42.72
8.08	-42.82
7.84	-42.80
7.64	-42.84
7.29	-42.89
6.54	-42.90
6.07	-42.88
5.28	-42.58
2.42	-41.04
0.10	-39.25
-1.12	-37.98
-1.74	-37.00
-1.60	-37.30
-1.15	-37.73
-0.48	-38.50
-0.47	-39.50
-0.66	-39.86
-1.26	-39.26
-1.19	-38.47
-0.95	-37.74
-0.46	-37.15
0.27	-36.92
0.88	-36.75
1.03	-36.87
1.19	-37.41
1.03	-37.74
0.82	-38.10
-0.22	-37.60
-0.81	-36.93
-0.90	-36.18
-0.44	-35.80
-0.07	-35.77
0.19	-35.85
-0.20	-35.87
-0.71	-35.29
-1.37	-34.75
-1.64	-33.91
-2.00	-33.10
-2.54	-32.44
-3.71	-31.74
-4.16	-30.94
-4.82	-30.18
-5.26	-29.42
-5.54	-28.58
-5.71	-27.87
-5.92	-27.44
-5.99	-27.16
-6.10	-27.40
-6.29	-28.05
-6.98	-28.72
-7.84	-29.28
-9.42	-28.85
-11.30	-28.65
-13.27	-28.60
-16.11	-28.65
-18.61	-28.98
-23.06	-29.05
-28.82	-29.18
-34.39	-28.89
-39.35	-28.91
-43.95	-28.95
-48.07	-28.75
-51.69	-28.77
-54.83	-29.14
-58.95	-29.81
-62.94	-29.96
-66.41	-30.31
-69.46	-30.41
-71.71	-30.57
-73.62	-30.83
-75.09	-30.94
-76.38	-31.22
-77.23	-30.97
-77.58	-31.33
-77.59	-31.18
-77.39	-30.96
-77.39	-30.96
-78.18	-31.06
-78.34	-31.07
-78.66	-30.97
-78.82	-31.16
-78.82	-31.16
-79.08	-30.91
-79.25	-30.91
-79.69	-30.75
-79.96	-31.04
-79.97	-31.15
-80.12	-31.25
-81.36	-31.14
-82.18	-30.64
-83.64	-30.28
-88.70	-29.62
-93.79	-29.10
-99.56	-28.81
-105.14	-28.38
-109.62	-27.67
-113.07	-26.81
-113.77	-26.19
-113.29	-26.46
-111.39	-26.85
-108.86	-27.21
-106.54	-27.56
-103.58	-27.65
-98.27	-27.69
-93.94	-27.61
-88.16	-27.28
-80.11	-27.05
-72.94	-27.16
-67.38	-27.25
-65.25	-27.06
-65.40	-27.00
-68.29	-26.50
-70.80	-26.38
-74.87	-26.35
-79.25	-26.59
-84.29	-26.59
-89.39	-26.61
-92.52	-26.96
-94.47	-26.68
-95.24	-26.48
-94.04	-26.42
-92.11	-26.48
-89.59	-26.84
-87.35	-27.18
-86.27	-27.77
-86.35	-28.50
-86.59	-28.40
-86.96	-28.14
-86.90	-28.12
-87.15	-27.67
-87.18	-27.56
-87.07	-27.59
-86.85	-27.73
-85.42	-27.54
-84.53	-27.48
-82.76	-27.53
-78.83	-27.07
-75.95	-27.05
-74.18	-27.24
-72.98	-27.20
-73.19	-27.30
-74.02	-27.66
-75.66	-27.73
-76.77	-27.88
-77.67	-27.90
-78.10	-27.78
-77.82	-27.70
-77.33	-27.65
-76.69	-27.69
-76.50	-27.75
-76.44	-27.88
-76.44	-27.88
-76.34	-27.95
-76.35	-28.09
-76.15	-28.12
-76.05	-28.48
-76.02	-28.49
-76.06	-28.78
-76.08	-28.70
-76.26	-28.20
-76.22	-27.47
-76.07	-26.50
-76.09	-25.50
-75.91	-24.90
-75.40	-24.71
-75.11	-24.64
-74.69	-25.06
-74.54	-25.18
-74.43	-25.08
-74.19	-25.09
-73.85	-25.00
-73.40	-24.83
-72.69	-24.76
-72.09	-24.59
-71.58	-24.94
-71.22	-25.01
-71.04	-25.25
-71.21	-25.13
-71.34	-25.01
-71.33	-25.16
-71.21	-25.68
-70.94	-26.09
-70.80	-26.22
-71.11	-26.15
-70.92	-26.69
-70.86	-26.62
-70.69	-27.22
-70.97	-27.34
-71.07	-27.75
-71.36	-27.89
-71.22	-27.93
-70.87	-28.10
-70.30	-28.42
-70.43	-28.44
-71.14	-29.02
-70.68	-28.46
-69.93	-28.31
-69.37	-27.98
-69.68	-28.22
-68.96	-27.81
-68.61	-28.02
-68.67	-28.67
-68.71	-28.27
-68.65	-28.65
-68.74	-29.30
-68.59	-29.61
-68.47	-29.23
-67.98	-28.67
-67.41	-28.45
-66.72	-28.52
-66.18	-30.06
-67.24	-29.57
-68.86	-29.02
-69.32	-29.15
-69.19	-29.39
-69.49	-29.52
-68.19	-29.88
-67.05	-30.04
-65.09	-30.17
-63.07	-29.66
-63.89	-30.64
-64.30	-30.25
-63.89	-30.88
-63.57	-30.94
-63.10	-30.58
-62.96	-29.98
-62.96	-30.12
-63.22	-29.61
-63.43	-29.42
-63.54	-28.99
-62.91	-28.86
-62.41	-28.68
-62.08	-28.81
-61.56	-28.65
-60.58	-27.67
-58.63	-26.85
-56.28	-26.52
-54.46	-26.50
-53.66	-26.85
-53.16	-26.57
-52.62	-26.82
-51.99	-27.31
-51.37	-27.62
-50.96	-28.16
-50.51	-28.08
-50.24	-28.30
-49.74	-28.03
