90.05	0.00
-16.44	14.49
-16.22	14.63
-15.85	14.63
-15.85	14.63
-15.13	14.16
-14.84	13.79
-14.84	13.79
-14.85	13.75
-14.85	13.75
-15.07	14.07
-14.67	14.16
-14.67	14.16
-13.64	14.12
-12.85	13.87
-12.85	13.87
-11.79	13.18
-10.16	11.82
-10.16	11.82
-7.75	9.89
-5.49	7.94
-5.49	7.94
-3.89	6.72
-3.52	6.38
-3.52	6.38
-3.84	6.93
-3.84	6.93
-4.36	7.75
-4.21	7.80
-4.21	7.80
-3.93	7.46
-3.39	6.94
-3.39	6.94
-2.87	6.05
-2.26	5.54
-2.26	5.54
-1.95	6.00
-2.09	6.49
-2.09	6.49
-2.34	6.64
-2.45	6.78
-2.45	6.78
-2.56	6.67
-2.56	6.67
-2.53	6.58
-2.70	6.43
-2.70	6.43
-2.92	6.61
-3.07	6.56
-3.07	6.56
-3.05	6.57
-2.97	6.51
-2.97	6.51
-3.03	6.43
-3.08	6.32
-3.08	6.32
-3.00	6.19
-2.88	6.31
-2.88	6.31
-2.73	6.30
-2.67	6.33
-2.67	6.33
-2.59	6.32
-2.62	6.38
-2.62	6.38
-2.44	6.41
-2.30	6.56
-2.30	6.56
-2.11	6.70
-2.03	6.86
-2.03	6.86
-2.01	6.79
-1.76	6.62
-1.76	6.62
-1.63	6.55
-1.72	6.67
-1.72	6.67
-1.96	6.72
-2.03	6.73
-2.03	6.73
-1.89	6.73
-1.89	6.73
-1.80	6.80
-1.85	6.96
-1.85	6.96
-1.81	6.95
-1.78	6.85
-1.78	6.85
-1.68	6.61
-1.55	6.37
-1.55	6.37
-1.23	6.37
-0.98	6.82
-0.98	6.82
-0.63	6.92
-0.15	6.72
-0.15	6.72
0.39	6.56
1.03	6.22
1.03	6.22
1.65	5.76
2.24	5.58
2.24	5.58
2.90	5.15
3.37	4.98
3.37	4.98
3.75	4.89
3.91	4.97
3.91	4.97
4.02	5.43
4.08	5.50
4.08	5.50
3.93	5.51
3.93	5.51
3.82	5.45
3.57	5.33
3.57	5.33
3.56	4.79
3.14	4.16
3.14	4.16
2.38	3.73
1.72	3.55
1.72	3.55
1.46	3.20
0.34	3.64
0.34	3.64
-0.56	4.19
-1.12	4.35
-1.12	4.35
-1.12	4.65
-1.31	4.42
-1.31	4.42
-1.72	4.26
-2.05	4.11
-2.05	4.11
-1.53	4.09
-0.27	4.22
-0.27	4.22
0.96	4.32
1.63	4.36
1.63	4.36
2.08	4.50
2.08	4.50
2.69	4.53
3.52	4.38
3.52	4.38
4.11	4.52
4.69	4.94
4.69	4.94
5.25	5.38
5.69	5.60
5.69	5.60
5.98	5.54
6.11	5.19
6.11	5.19
5.93	5.12
5.38	5.05
5.38	5.05
4.73	5.21
4.04	5.27
4.04	5.27
3.66	5.02
3.23	4.67
3.23	4.67
2.74	4.67
2.18	4.78
2.18	4.78
1.49	4.60
1.49	4.60
1.21	4.25
1.29	3.98
1.29	3.98
1.10	4.12
0.73	4.24
0.73	4.24
0.42	4.31
0.11	4.24
0.11	4.24
-0.20	4.08
-0.40	4.09
-0.40	4.09
-0.35	4.00
-0.02	3.94
-0.02	3.94
0.11	3.80
0.13	4.02
0.13	4.02
-0.05	4.27
-0.12	4.24
-0.12	4.24
-0.30	4.23
-0.68	4.25
-0.68	4.25
-0.91	4.28
-0.91	4.28
-1.50	4.78
-2.08	5.18
-2.08	5.18
-2.61	5.62
-3.55	6.29
-3.55	6.29
-4.49	7.34
-5.11	8.15
-5.11	8.15
-5.56	8.74
-5.96	8.89
-5.96	8.89
-6.28	8.65
-6.65	8.15
-6.65	8.15
-6.91	7.82
-7.32	7.44
-7.32	7.44
-7.65	6.71
-8.03	5.76
-8.03	5.76
-8.13	5.40
-8.32	5.55
-8.32	5.55
-8.48	5.60
-8.59	5.72
-8.59	5.72
-8.44	5.65
-8.44	5.65
-8.16	5.54
-7.66	5.04
-7.66	5.04
-6.88	4.76
-5.98	4.57
-5.98	4.57
-5.21	4.50
-4.78	4.83
-4.78	4.83
-3.91	4.85
-2.69	4.78
-2.69	4.78
-1.66	4.76
-0.93	4.88
-0.93	4.88
-0.72	5.10
-0.68	5.00
-0.68	5.00
-0.50	5.37
-0.33	5.74
-0.33	5.74
-0.36	5.63
-0.56	5.86
-0.56	5.86
-0.85	5.83
-0.85	5.83
-1.12	5.71
-1.35	5.60
-1.35	5.60
-1.68	5.72
-1.74	5.51
-1.74	5.51
-1.85	5.58
-2.06	5.84
-2.06	5.84
-2.33	6.12
-2.59	6.18
-2.59	6.18
-2.78	6.35
-3.09	6.32
-3.09	6.32
-3.36	6.44
-3.59	6.51
-3.59	6.51
-3.96	6.57
-4.15	6.50
-4.15	6.50
-4.21	6.45
-4.32	6.70
-4.32	6.70
-4.56	6.85
-5.05	7.22
-5.05	7.22
-5.85	7.39
-5.85	7.39
-6.49	7.29
-7.29	6.74
-7.29	6.74
-7.81	6.03
-7.65	5.73
-7.65	5.73
-7.20	5.40
-6.86	4.87
-6.86	4.87
-6.85	4.66
-6.74	4.92
-6.74	4.92
-6.51	4.84
-6.50	4.76
-6.50	4.76
-6.58	4.81
-6.82	4.57
-6.82	4.57
-7.21	4.60
-7.12	4.28
-7.12	4.28
-7.07	3.88
-7.28	3.63
-7.28	3.63
-7.61	3.64
-8.14	3.58
-8.14	3.58
-8.51	3.31
-8.89	3.37
-8.89	3.37
-9.10	3.17
-9.10	3.17
-9.41	3.47
-9.46	3.11
-9.46	3.11
-8.79	3.15
-8.53	2.90
-8.53	2.90
-8.50	2.94
-8.84	3.12
-8.84	3.12
-8.73	3.02
-8.60	2.76
-8.60	2.76
-8.54	2.84
-8.42	2.69
-8.42	2.69
-8.29	2.99
-8.15	2.88
-8.15	2.88
-8.09	3.16
-8.09	3.16
-8.06	2.80
-7.90	2.69
-7.90	2.69
-8.09	2.97
-8.25	2.29
-8.25	2.29
-8.39	2.90
-8.45	2.21
-8.45	2.21
-8.33	2.66
-8.30	2.76
-8.30	2.76
-8.65	2.82
-8.69	2.76
-8.69	2.76
-8.47	2.56
-8.28	2.55
-8.28	2.55
-8.06	2.40
-8.06	2.40
-8.01	2.61
-7.97	2.55
-7.97	2.55
-7.99	2.54
-8.13	2.50
-8.13	2.50
-8.34	2.17
-8.74	2.13
-8.74	2.13
-8.78	1.89
-9.08	1.43
-9.08	1.43
-9.59	1.39
-9.89	1.62
-9.89	1.62
-9.98	1.82
-9.98	1.82
-10.41	1.33
-9.89	0.74
-9.89	0.74
-9.45	-0.20
-9.89	0.18
-9.89	0.18
-10.21	-1.04
-10.25	-1.35
-10.25	-1.35
-8.99	-1.71
-8.89	-0.52
-8.89	-0.52
-9.25	-0.36
-10.69	0.33
-10.69	0.33
-12.59	0.32
-13.09	0.21
-13.09	0.21
-11.52	-0.47
-10.65	-0.04
-10.65	-0.04
-10.67	0.02
-10.92	0.55
-10.92	0.55
-10.86	-0.32
-10.58	-0.53
-10.58	-0.53
-10.70	-0.59
-10.70	-0.59
-10.89	-0.86
-10.26	-1.07
-10.26	-1.07
-10.12	-1.25
-10.44	-0.97
-10.44	-0.97
-10.00	-0.36
-9.82	-0.44
-9.82	-0.44
-9.96	-0.69
-9.90	-0.23
-9.90	-0.23
-9.62	-0.41
-9.20	-0.92
-9.20	-0.92
-9.08	-0.75
-9.32	-0.86
-9.32	-0.86
-9.36	-0.48
-9.30	-0.34
-9.30	-0.34
-9.25	-0.52
-9.05	-0.42
-9.05	-0.42
-8.50	-0.44
-7.69	-0.66
-7.69	-0.66
-7.01	-0.50
-7.01	-0.50
-6.78	-0.61
-6.70	-0.81
-6.70	-0.81
-6.41	-0.81
-6.15	-1.12
-6.15	-1.12
-6.25	-0.98
-6.49	-0.95
-6.49	-0.95
-6.98	-0.31
-7.32	-0.10
-7.32	-0.10
-7.38	0.17
-7.35	0.23
-7.35	0.23
-7.48	0.13
-8.15	0.39
-8.15	0.39
-8.79	0.53
-9.23	0.31
-9.23	0.31
-9.77	0.63
-10.57	1.00
-10.57	1.00
-11.18	2.24
-11.72	2.97
-11.72	2.97
-11.86	2.93
-11.86	2.93
-11.89	2.88
-12.19	2.79
-12.19	2.79
-13.08	2.82
-13.68	3.03
-13.68	3.03
-13.84	3.15
-13.71	2.77
-13.71	2.77
-13.71	2.89
-13.57	2.70
-13.57	2.70
-13.30	2.53
-13.00	2.37
-13.00	2.37
-12.66	2.46
-12.26	2.48
-12.26	2.48
-12.01	2.45
-11.73	2.23
-11.73	2.23
-11.51	2.03
-11.25	1.78
-11.25	1.78
-11.04	1.81
-11.04	1.81
-10.81	1.93
-10.81	1.93
-10.81	1.93
-10.83	1.90
-10.96	1.95
-10.96	1.95
-10.94	2.11
-11.01	2.10
-11.01	2.10
-10.97	2.18
-11.11	2.47
-11.11	2.47
-11.08	2.55
-11.05	2.80
-11.05	2.80
-10.96	2.75
-11.01	2.68
-11.01	2.68
-11.02	2.56
-10.94	2.50
-10.94	2.50
-10.86	2.54
-10.89	2.68
-10.89	2.68
-10.99	2.71
-10.94	2.44
-10.94	2.44
-10.82	2.34
-10.76	2.29
-10.76	2.29
-10.91	2.46
-10.91	2.46
-10.96	2.58
-10.78	2.55
-10.78	2.55
-10.69	2.49
-10.71	2.50
-10.71	2.50
-10.73	2.43
-10.59	2.44
-10.59	2.44
-10.54	2.46
-10.51	2.44
-10.51	2.44
-10.57	2.43
-10.59	2.31
-10.59	2.31
-10.63	2.46
-10.69	2.83
-10.69	2.83
-10.86	2.65
-10.87	2.65
-10.87	2.65
-10.88	2.49
-10.96	2.76
-10.96	2.76
-11.00	2.58
-11.00	2.58
-10.94	2.30
-10.99	2.12
-10.99	2.12
-11.06	2.27
-10.97	2.38
-10.97	2.38
-10.87	2.49
-10.86	2.50
-10.86	2.50
-10.83	2.55
-10.79	2.67
-10.79	2.67
-10.67	2.79
-10.73	2.96
-10.73	2.96
-10.69	2.84
-10.58	2.65
-10.58	2.65
-10.53	2.77
-10.39	2.97
-10.39	2.97
-10.33	3.19
-10.34	3.49
-10.34	3.49
-10.17	3.42
-10.17	3.42
-10.17	3.66
-10.27	3.00
-10.27	3.00
-10.37	2.75
-10.26	2.55
-10.26	2.55
-9.94	2.40
-9.56	2.29
-9.56	2.29
-9.02	2.22
-8.51	2.08
-8.51	2.08
-8.25	2.09
-7.84	2.20
-7.84	2.20
-7.41	2.35
-7.23	2.52
-7.23	2.52
-7.09	2.58
-7.09	2.58
-7.08	2.64
-7.29	2.77
-7.29	2.77
-7.58	2.62
-8.09	3.48
-8.09	3.48
-8.94	3.21
-9.71	3.52
-9.71	3.52
-10.51	3.54
-11.31	3.29
-11.31	3.29
-11.99	3.61
-12.85	3.90
-12.85	3.90
-13.49	3.87
-13.89	4.27
-13.89	4.27
-14.17	4.19
-14.49	3.78
-14.49	3.78
-14.68	4.07
-15.01	3.97
-15.01	3.97
-15.55	4.12
-15.55	4.12
-16.57	3.87
-17.58	3.66
-17.58	3.66
-18.37	3.35
-18.97	3.54
-18.97	3.54
-19.22	3.60
-19.56	3.83
-19.56	3.83
-20.09	3.86
-20.73	3.98
-20.73	3.98
-20.96	3.80
-20.91	3.62
-20.91	3.62
-21.17	3.38
-21.63	3.46
-21.63	3.46
-21.99	3.51
-21.99	3.51
-22.05	3.57
-22.01	3.58
-22.01	3.58
-22.35	3.53
-22.65	3.63
-22.65	3.63
-22.74	3.71
-22.79	3.99
-22.79	3.99
-22.89	4.04
-22.78	3.89
-22.78	3.89
-22.75	3.94
-22.73	3.96
-22.73	3.96
-22.66	3.93
-22.57	4.16
-22.57	4.16
-22.54	4.18
-22.39	4.09
-22.39	4.09
-22.51	3.98
-22.51	3.98
-22.62	4.00
-22.86	4.09
-22.86	4.09
-22.86	4.19
-23.01	4.19
-23.01	4.19
-23.25	4.15
-23.32	3.95
-23.32	3.95
-23.36	4.08
-23.08	4.15
-23.08	4.15
-23.13	4.16
-23.13	4.16
-23.09	4.32
-23.07	4.30
-23.07	4.30
-22.88	4.19
-22.53	4.01
-22.53	4.01
-22.26	4.10
-22.10	3.93
-22.10	3.93
-21.78	3.95
-21.38	3.85
-21.38	3.85
-21.02	3.84
-20.80	3.93
-20.80	3.93
-20.47	3.89
-20.47	3.89
-19.99	3.79
-19.49	3.66
-19.49	3.66
-19.24	3.69
-18.97	3.82
-18.97	3.82
-18.78	3.86
-18.50	4.05
-18.50	4.05
-18.23	4.05
-18.10	3.98
-18.10	3.98
-18.11	3.99
-17.90	3.90
-17.90	3.90
-17.74	4.11
-17.74	4.11
-17.78	3.96
-17.72	3.98
-17.72	3.98
-17.73	4.06
-17.73	4.01
-17.73	4.01
-17.64	3.91
-17.61	3.95
-17.61	3.95
-17.88	4.06
-18.45	4.13
-18.45	4.13
-19.29	4.43
-20.13	4.72
-20.13	4.72
-20.92	4.86
-21.81	4.80
-21.81	4.80
-21.92	4.63
-21.88	4.54
-21.88	4.54
-22.12	4.44
-22.51	4.30
-22.51	4.30
-22.91	4.27
-22.91	4.27
-23.18	4.35
-23.51	4.63
-23.51	4.63
-23.98	4.16
-24.35	4.37
-24.35	4.37
-24.93	4.08
-25.78	4.08
-25.78	4.08
-26.68	4.27
-26.68	4.27
-28.11	4.22
-29.54	4.08
-29.54	4.08
-31.52	3.87
-33.41	4.12
-33.41	4.12
-35.00	4.09
-36.48	4.25
-36.48	4.25
-36.97	4.37
-37.35	4.79
-37.35	4.79
-37.39	4.49
-37.26	4.21
-37.26	4.21
-37.05	3.97
-37.29	4.25
-37.29	4.25
-37.87	4.27
-38.59	4.37
-38.59	4.37
-39.52	4.49
-39.52	4.49
-40.64	4.20
-41.51	4.06
-41.51	4.06
-41.86	3.99
-41.71	3.86
-41.71	3.86
-41.45	3.72
-41.80	3.67
-41.80	3.67
-43.15	3.25
-45.99	2.94
-45.99	2.94
-47.89	3.03
-48.94	3.27
-48.94	3.27
-50.18	3.65
-50.18	3.65
-51.65	3.73
-53.13	3.97
-53.13	3.97
-53.77	4.42
-53.92	4.71
-53.92	4.71
-53.83	4.96
-53.62	4.93
-53.62	4.93
-53.80	4.98
-54.66	4.66
-54.66	4.66
-55.93	4.03
-57.50	3.38
-57.50	3.38
-59.14	3.00
-59.14	3.00
-61.27	2.92
-62.07	3.71
-62.07	3.71
-61.69	3.45
-61.28	3.36
-61.28	3.36
-60.53	3.54
-60.47	3.56
-60.47	3.56
-60.02	2.94
-60.34	3.04
-60.34	3.04
-60.34	3.10
-60.48	3.68
-60.48	3.68
-60.57	4.08
-60.12	4.97
-60.12	4.97
-58.80	5.86
-56.84	7.11
-56.84	7.11
-53.62	7.49
-51.10	7.92
-51.10	7.92
-49.94	8.26
-49.94	8.26
-49.50	8.16
-49.71	7.81
-49.71	7.81
-50.80	7.76
-51.73	7.18
-51.73	7.18
-52.15	6.83
-52.88	6.61
-52.88	6.61
-53.60	6.54
-54.48	6.74
-54.48	6.74
-55.46	6.25
-56.07	5.75
-56.07	5.75
-56.52	6.33
-56.52	6.33
-56.92	6.38
-57.27	6.60
-57.27	6.60
-57.72	6.97
-58.56	7.84
-58.56	7.84
-59.19	8.60
-59.99	9.45
-59.99	9.45
-60.87	10.67
-61.91	12.18
-61.91	12.18
-62.37	12.73
-61.63	12.79
-61.63	12.79
-60.64	13.66
-59.65	15.00
-59.65	15.00
-59.20	16.58
-58.28	18.82
-58.28	18.82
-56.80	20.90
-55.88	21.05
-55.88	21.05
-55.16	21.73
-55.16	21.73
-54.98	21.96
-54.41	21.90
-54.41	21.90
-53.66	23.28
-52.30	24.08
-52.30	24.08
-50.63	23.85
-49.08	23.69
-49.08	23.69
-48.35	23.51
-48.39	23.31
-48.39	23.31
-48.32	22.39
-48.15	21.41
-48.15	21.41
-48.50	20.35
-48.67	18.79
-48.67	18.79
-48.91	17.31
-48.91	17.31
-49.55	15.87
-49.86	15.95
-49.86	15.95
-49.86	16.09
-49.04	16.78
-49.04	16.78
-48.43	16.96
-47.98	16.57
-47.98	16.57
-46.98	16.03
-45.62	15.95
-45.62	15.95
-43.80	16.71
-42.80	16.85
-42.80	16.85
-42.59	16.71
-42.07	17.66
-42.07	17.66
-41.51	17.46
-41.23	17.23
-41.23	17.23
-41.16	17.37
-41.16	17.37
-41.08	17.24
-40.79	17.06
-40.79	17.06
-40.42	17.08
-39.75	17.46
-39.75	17.46
-39.00	17.29
-38.37	17.29
-38.37	17.29
-37.78	17.69
-37.62	18.58
-37.62	18.58
-37.97	19.93
-38.40	21.27
-38.40	21.27
-38.63	21.94
-38.63	21.94
-38.65	22.23
-38.68	22.46
-38.68	22.46
-38.83	22.75
-38.64	22.90
-38.64	22.90
-38.52	23.12
-38.43	23.41
-38.43	23.41
-38.19	23.57
-38.25	23.76
-38.25	23.76
-38.18	23.72
-38.04	23.70
-38.04	23.70
-37.73	23.75
-37.73	23.75
-37.69	23.89
-37.62	24.21
-37.62	24.21
-37.39	24.96
-37.16	25.67
-37.16	25.67
-36.75	26.06
-36.53	26.23
-36.53	26.23
-36.30	26.13
-36.11	26.09
-36.11	26.09
-36.11	26.32
-36.24	26.96
-36.24	26.96
-36.38	27.67
-36.38	27.67
-36.61	28.63
-36.74	29.57
-36.74	29.57
-36.72	30.05
-36.67	30.09
-36.67	30.09
-36.87	29.85
-37.07	29.71
-37.07	29.71
-37.09	29.48
-37.09	29.42
-37.09	29.42
-37.26	29.37
-37.37	29.35
-37.37	29.35
-37.25	29.17
-37.25	29.17
-37.26	28.99
-37.16	28.71
-37.16	28.71
-37.45	28.40
-37.52	27.75
-37.52	27.75
-37.55	26.84
-37.95	25.78
-37.95	25.78
-38.69	24.85
-39.64	23.53
-39.64	23.53
-40.45	22.60
-41.48	22.35
-41.48	22.35
-42.51	22.34
-42.51	22.34
-43.53	22.35
-44.52	22.03
-44.52	22.03
-45.69	21.74
-47.40	21.31
-47.40	21.31
-49.63	20.83
-51.66	20.20
-51.66	20.20
-52.73	19.66
-53.36	18.73
-53.36	18.73
-53.56	17.66
-53.98	16.53
-53.98	16.53
-54.77	15.06
-55.99	13.45
-55.99	13.45
-57.42	11.91
-57.42	11.91
-58.54	10.74
-59.80	9.94
-59.80	9.94
-61.08	9.15
-62.07	8.58
-62.07	8.58
-62.99	8.24
-63.77	7.57
-63.77	7.57
-64.44	7.15
-65.00	6.83
-65.00	6.83
-65.61	6.69
-66.14	6.61
-66.14	6.61
-66.73	6.48
-66.73	6.48
-67.33	6.32
-67.79	6.14
-67.79	6.14
-67.91	5.93
-68.18	5.82
-68.18	5.82
-68.49	5.59
-68.88	5.54
-68.88	5.54
-69.33	5.23
-70.03	5.26
-70.03	5.26
-71.03	5.27
-72.58	5.20
-72.58	5.20
-74.52	4.98
-74.52	4.98
-75.63	4.89
-75.74	4.87
-75.74	4.87
-75.51	4.94
-75.69	4.86
-75.69	4.86
-76.27	4.60
-76.65	4.19
-76.65	4.19
-76.94	3.54
-77.41	3.19
-77.41	3.19
-78.12	3.06
-78.12	3.06
-78.94	3.18
-79.62	3.18
-79.62	3.18
-80.91	3.56
-81.81	3.78
-81.81	3.78
-82.15	3.53
-81.91	3.64
-81.91	3.64
-81.97	3.76
-82.41	4.04
-82.41	4.04
-83.29	4.27
-83.29	4.27
-83.97	4.38
-84.38	4.41
-84.38	4.41
-84.70	4.42
-84.75	4.41
-84.75	4.41
-85.05	4.38
-85.37	4.25
-85.37	4.25
-85.71	4.26
-86.17	4.19
-86.17	4.19
-86.52	4.28
-87.09	4.23
-87.09	4.23
-87.58	4.25
-87.99	4.39
-87.99	4.39
-88.22	4.40
-88.22	4.40
-88.30	4.42
-88.53	4.52
-88.53	4.52
-88.92	4.51
-89.25	4.78
-89.25	4.78
-89.34	4.72
-89.33	4.55
-89.33	4.55
-89.52	4.74
-89.49	4.69
-89.49	4.69
-89.34	4.65
-89.31	4.66
-89.31	4.66
-89.23	4.51
-88.88	4.30
-88.88	4.30
-88.39	3.94
-88.43	3.36
-88.43	3.36
-89.35	2.86
-89.35	2.86
-91.05	2.04
-93.46	1.35
-93.46	1.35
-94.80	0.96
-94.83	0.78
-94.83	0.78
-94.83	0.86
-95.01	0.83
-95.01	0.83
-95.40	0.75
-95.94	0.82
-95.94	0.82
-96.19	0.69
-96.86	0.55
-96.86	0.55
-97.49	0.49
-97.90	0.68
-97.90	0.68
-98.33	1.08
-98.84	1.26
-98.84	1.26
-99.20	1.17
-99.54	1.28
-99.54	1.28
-99.75	1.35
-99.75	1.35
-100.07	1.21
-100.37	1.09
-100.37	1.09
-100.65	0.93
-101.05	0.72
-101.05	0.72
-101.69	0.68
-102.58	0.48
-102.58	0.48
-103.09	0.49
-103.56	0.43
-103.56	0.43
-104.23	0.43
-104.93	0.46
-104.93	0.46
-105.64	0.55
-106.57	0.46
-106.57	0.46
-107.22	0.33
-107.85	0.34
-107.85	0.34
-108.57	0.34
-108.57	0.34
-109.29	0.38
-109.78	0.46
-109.78	0.46
-110.08	0.39
-110.41	0.55
-110.41	0.55
-110.72	0.60
-110.93	0.66
-110.93	0.66
-111.29	0.45
-111.67	0.33
-111.67	0.33
-112.16	0.44
-112.63	0.33
-112.63	0.33
-113.40	0.19
-114.04	0.10
-114.04	0.10
-114.59	-0.11
-115.29	-0.24
-115.29	-0.24
-115.92	-0.32
-116.45	-0.71
-116.45	-0.71
-117.03	-1.15
-117.03	-1.15
-117.56	-1.51
-118.00	-1.71
-118.00	-1.71
-118.22	-1.73
-118.09	-1.71
-118.09	-1.71
-118.04	-1.53
-118.02	-1.45
-118.02	-1.45
-117.76	-1.52
-117.67	-1.55
-117.67	-1.55
-117.73	-1.44
-117.57	-1.49
-117.57	-1.49
-117.57	-1.49
-117.31	-1.57
-117.31	-1.57
-117.21	-1.61
-117.25	-1.44
-117.25	-1.44
-117.05	-1.46
-116.82	-1.39
-116.82	-1.39
-116.69	-1.25
-116.37	-1.15
-116.37	-1.15
-116.05	-1.08
-116.05	-1.08
-115.64	-0.97
-115.27	-0.66
-115.27	-0.66
-114.63	-0.56
-114.11	-0.35
-114.11	-0.35
-113.31	-0.31
-112.67	-0.02
-112.67	-0.02
-111.79	0.48
-110.67	0.90
-110.67	0.90
-108.86	1.56
-107.08	2.21
-107.08	2.21
-105.73	2.56
-104.71	2.81
-104.71	2.81
-103.97	3.51
-103.97	3.51
-103.20	4.17
-102.78	4.71
-102.78	4.71
-102.20	5.15
-101.68	5.34
-101.68	5.34
-101.14	5.42
-100.48	5.53
-100.48	5.53
-100.14	5.80
-99.62	6.14
-99.62	6.14
-99.24	6.65
-98.83	7.06
-98.83	7.06
-98.50	7.42
-98.50	7.42
-98.29	7.48
-98.20	7.62
-98.20	7.62
-98.05	7.99
-97.99	8.26
-97.99	8.26
-97.79	8.44
-97.58	8.58
-97.58	8.58
-97.40	8.88
-97.47	9.23
-97.47	9.23
-97.50	9.48
-97.15	9.74
-97.15	9.74
-96.73	10.01
-96.24	10.43
-96.24	10.43
-96.06	10.91
-95.71	11.19
-95.71	11.19
-95.49	11.53
-95.19	11.89
-95.19	11.89
-94.79	12.16
-94.79	12.16
-94.42	12.48
-93.93	12.91
-93.93	12.91
-93.49	13.30
-92.89	13.47
-92.89	13.47
-92.55	13.43
-92.28	13.80
-92.28	13.80
-91.88	13.96
-91.44	14.26
-91.44	14.26
-90.94	14.58
-90.02	14.79
-90.02	14.79
-89.30	14.88
-88.57	15.07
-88.57	15.07
-87.84	15.33
-86.42	15.90
-86.42	15.90
-85.16	16.43
-84.31	17.27
-84.31	17.27
-83.68	17.74
-83.38	17.90
-83.38	17.90
-83.22	18.15
-82.69	17.94
-82.69	17.94
-82.10	17.16
-82.10	17.16
-81.30	16.34
-79.80	15.30
-79.80	15.30
-78.24	13.98
-76.64	12.84
-76.64	12.84
-75.39	11.59
-74.60	10.80
-74.60	10.80
-74.14	10.26
-73.92	9.85
-73.92	9.85
-73.69	9.29
-73.47	8.53
-73.47	8.53
-73.22	7.95
-72.81	7.51
-72.81	7.51
-72.32	6.96
-72.00	6.58
-72.00	6.58
-71.87	6.30
-71.73	6.35
-71.73	6.35
-71.69	6.37
-71.52	6.32
-71.52	6.32
-71.16	5.88
-71.16	5.88
-70.47	5.21
-69.80	5.16
-69.80	5.16
-69.22	5.14
-68.72	5.15
-68.72	5.15
-68.29	4.97
-67.63	4.54
-67.63	4.54
-66.98	4.59
-66.38	4.62
-66.38	4.62
-65.75	4.65
-64.97	4.87
-64.97	4.87
-64.04	5.02
-63.06	5.34
-63.06	5.34
-62.07	5.66
-61.09	5.87
-61.09	5.87
-60.18	6.03
-59.31	6.28
-59.31	6.28
-58.40	6.41
-58.40	6.41
-57.83	6.36
-57.52	6.45
-57.52	6.45
-57.10	6.39
-56.67	6.31
-56.67	6.31
-56.01	6.42
-55.30	6.54
-55.30	6.54
-54.37	6.74
-53.50	6.69
-53.50	6.69
-52.68	6.68
-51.88	7.01
-51.88	7.01
-51.52	7.10
-51.14	7.09
-51.14	7.09
-50.62	7.03
-49.97	6.82
-49.97	6.82
-49.38	6.62
-48.69	6.42
-48.69	6.42
-48.08	6.24
-47.42	6.03
-47.42	6.03
-47.03	5.83
-46.62	5.62
-46.62	5.62
-46.38	5.37
-46.38	5.37
-46.05	5.31
-46.05	5.35
-46.05	5.35
-45.67	5.34
-45.24	5.42
-45.24	5.42
-44.62	5.41
-43.70	5.39
-43.70	5.39
-42.65	5.44
-41.73	5.82
-41.73	5.82
-40.76	6.15
-39.77	6.33
-39.77	6.33
-38.84	6.56
-37.79	6.59
-37.79	6.59
-36.98	6.65
-36.38	6.91
-36.38	6.91
-35.83	6.98
-35.11	7.06
-35.11	7.06
-34.34	6.99
-33.76	6.91
-33.76	6.91
-33.30	6.96
-33.30	6.96
-32.75	6.95
-32.08	6.97
-32.08	6.97
-31.58	6.99
-30.86	6.92
-30.86	6.92
-29.89	6.89
-29.06	6.91
-29.06	6.91
-28.09	6.76
-27.24	6.85
-27.24	6.85
-26.64	7.23
-26.41	7.51
-26.41	7.51
-26.25	7.70
-26.00	7.85
-26.00	7.85
-25.80	7.85
-25.43	7.85
-25.43	7.85
-25.13	7.91
-25.13	7.91
-24.90	7.85
-24.67	7.89
-24.67	7.89
-24.13	7.67
-23.66	7.66
-23.66	7.66
-23.18	7.41
-22.77	7.44
-22.77	7.44
-22.27	7.54
-21.70	7.72
-21.70	7.72
-21.24	7.78
-21.01	7.72
-21.01	7.72
-20.69	7.67
-20.54	7.77
-20.54	7.77
-20.33	7.79
-20.05	7.88
-20.05	7.88
-19.88	7.98
-19.88	7.98
-19.45	7.90
-19.00	7.96
-19.00	7.96
-18.12	7.87
-17.59	7.94
-17.59	7.94
-16.97	7.94
-16.60	8.08
-16.60	8.08
-16.46	8.24
-16.18	8.43
-16.18	8.43
-15.91	8.27
-15.38	8.23
-15.38	8.23
-14.92	8.23
-14.76	8.32
-14.76	8.32
-14.51	8.39
-14.28	8.60
-14.28	8.60
-13.83	8.70
-13.22	8.98
-13.22	8.98
-12.83	9.15
-12.83	9.15
-12.24	9.15
-11.87	9.28
-11.87	9.28
-11.33	9.30
-10.91	9.24
-10.91	9.24
-10.46	9.27
-9.62	9.42
-9.62	9.42
-8.62	9.61
-7.70	10.29
-7.70	10.29
-7.06	10.93
-6.07	11.36
-6.07	11.36
-5.31	11.15
-4.39	10.84
-4.39	10.84
-3.80	10.74
-3.28	10.85
-3.28	10.85
-2.84	10.49
-2.73	11.03
-2.73	11.03
-2.74	10.86
-2.74	10.86
-2.94	11.03
-3.20	10.99
-3.20	10.99
-2.75	11.20
-1.79	11.02
-1.79	11.02
-0.71	10.79
0.43	10.49
0.43	10.49
1.53	10.57
2.26	10.72
2.26	10.72
2.66	10.66
3.23	10.55
3.23	10.55
3.73	10.58
4.17	10.69
4.17	10.69
4.38	10.58
4.87	10.69
4.87	10.69
5.18	10.77
5.18	10.77
5.15	11.00
5.61	11.04
5.61	11.04
6.01	10.96
6.53	11.08
6.53	11.08
6.85	11.24
7.43	11.45
7.43	11.45
8.33	11.31
9.13	11.58
9.13	11.58
10.22	12.32
11.05	12.95
11.05	12.95
11.71	13.33
12.46	13.38
12.46	13.38
13.05	13.11
13.38	13.26
13.38	13.26
13.21	13.08
13.21	13.08
13.17	12.93
13.56	12.67
13.56	12.67
13.75	12.72
14.12	12.76
14.12	12.76
14.53	12.73
14.96	12.96
14.96	12.96
15.64	12.74
16.69	12.91
16.69	12.91
17.58	12.85
18.83	12.86
18.83	12.86
20.08	12.74
21.15	12.56
21.15	12.56
21.34	12.35
21.16	12.45
21.16	12.45
21.43	12.49
21.43	12.49
22.07	12.41
22.53	12.53
22.53	12.53
22.70	12.72
23.04	12.72
23.04	12.72
23.41	12.61
23.82	12.67
23.82	12.67
24.66	12.47
25.60	12.26
25.60	12.26
26.40	12.05
27.21	11.82
27.21	11.82
27.84	11.84
28.53	11.92
28.53	11.92
29.09	12.37
29.55	12.54
29.55	12.54
30.17	12.83
30.17	12.83
30.88	12.83
31.11	12.90
31.11	12.90
31.72	12.95
32.20	12.86
32.20	12.86
32.27	13.01
32.46	13.47
32.46	13.47
32.69	13.44
32.98	13.53
32.98	13.53
33.12	13.46
33.64	13.37
33.64	13.37
34.29	13.81
35.02	13.57
35.02	13.57
35.16	14.06
34.84	14.71
34.84	14.71
35.04	14.72
35.04	14.72
35.27	14.92
35.36	15.03
35.36	15.03
35.58	15.46
36.05	15.64
36.05	15.64
36.47	16.19
36.77	16.68
36.77	16.68
36.99	17.06
37.32	16.98
37.32	16.98
37.81	17.04
37.98	16.99
37.98	16.99
38.07	17.11
38.07	17.11
38.46	17.17
38.69	17.23
38.69	17.23
38.89	17.17
39.24	17.19
39.24	17.19
39.69	17.17
40.15	17.08
40.15	17.08
40.74	17.10
41.08	17.20
41.08	17.20
41.45	17.18
41.45	17.18
41.97	17.25
42.35	17.29
42.35	17.29
43.08	17.64
43.67	17.87
43.67	17.87
44.28	18.07
44.89	18.19
44.89	18.19
45.18	18.04
45.81	17.90
45.81	17.90
46.22	17.62
46.76	17.43
46.76	17.43
47.67	17.10
49.11	16.75
49.11	16.75
50.03	16.25
50.03	16.25
50.89	15.95
51.81	15.24
51.81	15.24
52.59	14.63
53.73	13.90
53.73	13.90
54.77	13.50
54.94	13.16
54.94	13.16
55.15	13.21
55.47	13.12
55.47	13.12
55.92	13.08
56.47	12.99
56.47	12.99
56.77	13.22
56.77	13.22
57.03	13.23
57.53	12.73
57.53	12.73
58.09	12.59
58.43	12.49
58.43	12.49
58.73	12.35
58.92	12.48
58.92	12.48
59.28	12.49
59.69	12.73
59.69	12.73
60.18	12.92
60.55	13.03
60.55	13.03
61.10	13.35
61.50	13.65
61.50	13.65
61.74	14.03
61.74	14.03
61.94	14.20
62.30	14.07
62.30	14.07
62.42	14.02
62.50	14.12
62.50	14.12
62.75	14.10
62.44	14.30
62.44	14.30
62.31	14.42
62.13	14.52
62.13	14.52
62.05	14.57
62.18	14.53
62.18	14.53
62.51	14.70
62.51	14.70
62.77	14.91
62.83	15.04
62.83	15.04
62.87	15.29
63.36	14.86
63.36	14.86
63.70	14.76
63.75	14.78
63.75	14.78
63.66	14.92
63.84	14.84
63.84	14.84
64.12	14.67
64.12	14.67
64.39	14.20
64.80	13.33
64.80	13.33
65.68	12.38
66.25	11.60
66.25	11.60
66.62	10.61
67.22	10.00
67.22	10.00
67.76	9.40
67.83	9.33
67.83	9.33
67.52	9.14
67.56	8.73
67.56	8.73
67.64	8.16
67.64	8.08
67.64	8.08
67.42	8.25
67.42	8.25
67.41	7.92
67.23	7.19
67.23	7.19
67.07	6.28
66.98	5.04
66.98	5.04
66.54	4.45
65.87	3.43
65.87	3.43
65.35	2.38
64.20	1.45
64.20	1.45
63.35	1.00
62.89	0.92
