90.05	0.00
30.21	-19.00
30.21	-19.00
28.10	-19.02
28.10	-19.02
25.61	-19.50
25.61	-19.50
27.49	-17.85
27.49	-17.85
29.57	-16.50
29.57	-16.50
29.57	-16.50
29.23	-16.24
29.23	-16.24
28.04	-15.90
28.04	-15.90
26.17	-15.16
26.17	-15.16
22.33	-14.29
22.33	-14.29
15.92	-13.04
15.92	-13.04
7.90	-11.21
2.99	-10.56
1.91	-10.57
1.91	-10.57
2.97	-10.60
2.97	-10.60
4.10	-10.35
4.22	-10.11
4.22	-10.11
3.77	-9.99
3.77	-9.99
3.52	-10.19
3.52	-10.19
3.52	-10.19
3.38	-10.28
3.38	-10.28
3.38	-10.28
3.62	-10.10
3.62	-10.10
3.88	-10.14
3.88	-10.14
3.88	-10.14
3.89	-10.14
3.89	-10.14
4.23	-9.92
4.23	-9.92
4.23	-9.92
4.62	-9.77
4.62	-9.77
5.12	-9.79
5.12	-9.79
5.01	-9.86
5.01	-9.86
5.05	-9.92
5.05	-9.92
5.09	-10.00
5.09	-10.00
5.26	-9.90
5.26	-9.90
5.41	-9.70
5.41	-9.70
5.41	-9.70
5.58	-9.59
5.58	-9.59
5.54	-9.73
5.54	-9.73
5.46	-9.64
5.46	-9.64
5.46	-9.64
5.26	-9.55
5.26	-9.55
5.24	-9.58
5.24	-9.58
5.24	-9.58
5.25	-9.58
5.22	-9.81
5.22	-9.81
5.28	-9.91
5.28	-9.91
5.26	-9.88
5.26	-9.88
5.37	-9.72
5.37	-9.72
5.33	-9.67
5.33	-9.67
5.52	-9.86
5.52	-9.86
5.66	-10.06
5.66	-10.06
5.57	-9.97
5.53	-9.94
5.53	-9.94
5.63	-9.92
5.66	-10.10
5.66	-10.10
5.66	-10.10
5.67	-10.08
5.67	-10.08
5.60	-10.09
5.60	-10.09
5.59	-10.17
5.66	-10.20
5.66	-10.20
5.91	-10.81
5.91	-10.81
5.91	-10.81
6.23	-11.66
6.71	-11.90
6.71	-11.90
7.37	-12.80
7.37	-12.80
7.79	-13.91
7.79	-13.91
8.97	-17.50
8.97	-17.50
9.86	-20.26
9.86	-20.26
11.00	-23.69
11.00	-23.69
12.24	-26.92
12.24	-26.92
14.00	-31.45
16.12	-39.62
16.12	-39.62
19.01	-46.92
19.01	-46.92
20.66	-52.04
20.66	-52.04
21.73	-54.96
22.20	-57.84
22.03	-59.74
22.03	-59.74
22.58	-61.49
22.58	-61.49
24.64	-63.14
24.64	-63.14
25.75	-65.24
25.75	-65.24
26.32	-66.39
27.30	-66.97
27.30	-66.97
27.30	-66.97
28.55	-67.97
31.79	-69.93
42.11	-75.52
42.11	-75.52
60.55	-80.39
60.55	-80.39
60.55	-80.39
53.48	-79.28
53.48	-79.28
52.14	-78.58
52.14	-78.58
53.85	-78.55
53.85	-78.55
54.76	-78.43
54.76	-78.43
54.39	-78.06
54.39	-78.06
49.56	-76.61
43.68	-74.58
33.40	-71.52
33.40	-71.52
26.59	-68.93
26.59	-68.93
23.72	-65.20
23.72	-65.20
19.80	-57.76
19.80	-57.76
15.29	-43.55
15.29	-43.55
14.20	-33.17
14.20	-33.17
14.89	-25.69
14.89	-25.69
13.83	-23.34
13.83	-23.34
13.25	-20.30
13.25	-20.30
13.56	-15.92
13.56	-15.92
16.65	-7.20
15.55	0.27
15.55	0.27
15.55	0.27
11.95	3.12
11.95	3.12
9.10	5.35
9.10	5.35
8.35	4.87
8.35	4.87
7.75	4.28
7.75	4.28
7.18	3.18
7.18	3.18
6.07	1.98
3.84	0.99
3.84	0.99
0.29	-0.05
0.29	-0.05
-0.48	-0.57
-0.48	-0.57
0.04	-0.68
0.76	-1.05
0.76	-1.05
1.29	-1.10
1.99	-0.95
1.99	-0.95
2.75	-1.57
3.22	-2.77
3.22	-2.77
3.40	-4.66
3.40	-4.66
3.40	-4.66
3.89	-5.76
4.51	-6.39
4.51	-6.39
6.80	-7.59
9.94	-9.21
9.94	-9.21
11.69	-10.01
12.82	-10.76
12.82	-10.76
16.08	-11.22
16.08	-11.22
23.94	-11.96
23.94	-11.96
32.36	-13.08
32.36	-13.08
38.19	-12.36
38.19	-12.36
39.59	-12.02
39.59	-12.02
41.91	-12.49
41.91	-12.49
41.91	-12.49
43.07	-12.96
43.07	-12.96
44.23	-12.98
44.96	-13.05
45.45	-13.26
45.45	-13.26
45.63	-13.66
45.63	-13.66
46.23	-13.73
46.23	-13.73
46.92	-13.37
46.92	-13.37
47.56	-13.34
47.84	-13.22
47.84	-13.22
47.71	-13.11
47.71	-13.11
47.06	-13.06
47.06	-13.06
46.28	-12.94
46.28	-12.94
45.87	-13.09
45.87	-13.09
45.72	-13.04
45.72	-13.04
45.73	-13.31
45.73	-13.31
45.17	-13.25
45.17	-13.25
44.08	-13.21
44.08	-13.21
42.32	-12.97
42.32	-12.97
40.68	-12.91
40.68	-12.91
40.81	-13.20
40.81	-13.20
41.00	-13.23
41.00	-13.23
40.87	-13.19
40.50	-13.09
40.50	-13.09
40.50	-13.09
39.39	-12.53
39.39	-12.53
36.17	-10.00
36.17	-10.00
36.17	-10.00
35.11	-10.80
35.11	-10.80
32.95	-11.36
32.95	-11.36
32.27	-11.07
32.27	-11.07
31.83	-10.92
31.10	-10.95
31.10	-10.95
30.51	-11.26
30.51	-11.26
29.72	-11.18
29.14	-11.16
29.14	-11.16
28.55	-10.96
28.55	-10.96
28.01	-10.77
28.01	-10.77
27.55	-10.51
27.47	-10.54
27.47	-10.54
27.37	-10.54
27.37	-10.54
27.47	-10.60
27.47	-10.60
27.60	-10.75
27.60	-10.75
27.60	-10.70
27.77	-10.86
27.77	-10.86
27.93	-10.79
27.93	-10.79
28.05	-10.79
28.06	-10.84
28.06	-10.84
27.95	-10.75
27.95	-10.75
28.07	-10.78
28.07	-10.78
28.15	-10.86
28.12	-10.78
28.12	-10.78
28.12	-10.78
27.81	-10.78
27.81	-10.78
27.72	-10.85
27.72	-10.85
27.73	-10.82
27.73	-10.82
27.64	-10.79
27.64	-10.79
27.57	-10.68
27.57	-10.68
27.45	-10.77
27.45	-10.77
27.50	-10.33
27.50	-10.33
27.48	-10.23
27.48	-10.23
27.46	-10.18
27.45	-10.08
27.45	-10.08
27.43	-10.10
27.43	-10.10
27.39	-9.93
27.39	-9.93
27.08	-9.47
26.63	-8.53
26.63	-8.53
26.15	-6.73
26.15	-6.73
26.15	-6.73
26.04	-4.82
26.11	-2.45
26.11	-2.45
26.33	-1.15
26.60	-0.91
26.98	-2.28
26.98	-2.28
28.17	-4.54
28.17	-4.54
29.48	-6.17
29.48	-6.17
31.19	-6.95
31.19	-6.95
32.96	-7.19
34.65	-7.11
34.65	-7.11
34.65	-7.11
36.01	-7.03
36.01	-7.03
38.04	-7.15
38.04	-7.15
38.04	-7.15
38.36	-7.30
38.36	-7.30
38.67	-7.41
39.33	-7.46
39.33	-7.46
40.31	-7.74
41.66	-7.72
42.99	-7.86
42.99	-7.86
44.31	-7.94
44.31	-7.94
44.31	-7.94
45.25	-7.81
46.40	-7.89
46.40	-7.89
47.62	-7.76
49.21	-7.81
49.21	-7.81
49.21	-7.81
51.07	-7.97
51.07	-7.97
54.92	-8.58
54.92	-8.58
56.69	-8.88
56.69	-8.88
58.06	-9.17
58.06	-9.17
59.05	-9.50
59.05	-9.50
59.97	-9.81
60.91	-9.91
62.24	-10.04
62.24	-10.04
63.64	-10.34
63.64	-10.34
65.14	-10.32
65.14	-10.32
66.76	-10.37
66.76	-10.37
68.36	-10.54
68.36	-10.54
69.67	-10.70
69.67	-10.70
72.69	-10.64
72.69	-10.64
74.55	-10.68
74.55	-10.68
76.57	-11.24
76.57	-11.24
78.75	-11.25
78.75	-11.25
80.88	-11.21
80.88	-11.21
83.03	-11.13
83.03	-11.13
87.13	-11.03
87.13	-11.03
89.28	-11.39
89.28	-11.39
91.74	-11.86
91.74	-11.86
94.09	-12.44
96.24	-12.87
96.24	-12.87
97.87	-13.30
97.87	-13.30
99.42	-13.66
99.42	-13.66
100.57	-13.96
100.57	-13.96
101.59	-14.30
102.31	-14.42
102.31	-14.42
103.13	-14.66
103.13	-14.66
103.67	-14.85
103.67	-14.85
104.02	-15.00
104.02	-15.00
103.72	-14.99
103.72	-14.99
103.18	-14.94
102.33	-14.85
102.33	-14.85
101.40	-14.91
101.40	-14.91
99.87	-15.17
99.87	-15.17
98.36	-15.17
98.36	-15.17
96.95	-15.51
95.35	-15.72
95.35	-15.72
93.51	-15.87
93.51	-15.87
91.89	-16.24
89.99	-16.45
89.99	-16.45
89.06	-16.95
89.06	-16.95
88.47	-17.36
88.47	-17.36
88.42	-17.43
88.42	-17.43
88.35	-17.51
88.35	-17.51
87.94	-17.21
87.94	-17.21
85.02	-17.72
85.02	-17.72
84.38	-18.01
84.38	-18.01
83.98	-18.09
83.43	-18.65
83.43	-18.65
83.09	-19.21
83.09	-19.21
82.74	-19.29
82.74	-19.29
82.60	-19.43
82.60	-19.43
82.51	-19.24
82.51	-19.24
82.55	-19.29
82.55	-19.29
83.15	-19.67
83.15	-19.67
83.22	-19.89
82.50	-19.16
82.50	-19.16
81.29	-18.27
81.29	-18.27
80.62	-18.54
80.62	-18.54
80.41	-18.61
80.41	-18.61
80.72	-19.49
81.07	-19.67
81.07	-19.67
81.15	-19.17
81.15	-19.17
80.93	-19.10
80.93	-19.10
80.52	-18.98
80.21	-20.54
80.21	-20.54
79.46	-18.84
79.46	-14.46
79.46	-14.46
78.92	-10.54
78.92	-10.54
78.16	-8.34
78.16	-8.34
76.68	-7.90
76.68	-7.90
75.24	-9.01
74.50	-10.53
74.50	-10.53
73.74	-13.12
71.96	-14.22
71.96	-14.22
70.63	-15.36
70.63	-15.36
70.49	-16.64
70.49	-16.64
69.37	-17.80
67.41	-18.12
67.41	-18.12
65.27	-17.86
65.27	-17.86
63.44	-18.15
61.45	-19.15
61.45	-19.15
59.45	-20.12
59.45	-20.12
59.45	-20.12
55.54	-21.66
55.54	-21.66
54.39	-21.95
54.39	-21.95
54.39	-21.95
54.38	-21.52
53.22	-21.54
50.94	-21.68
50.94	-21.68
48.55	-21.19
48.55	-21.19
46.04	-20.99
43.78	-20.65
43.78	-20.65
43.54	-22.46
43.54	-22.46
43.17	-24.60
41.12	-24.43
41.12	-24.43
34.05	-23.54
34.05	-23.54
27.13	-23.13
20.18	-23.51
20.18	-23.51
12.76	-24.00
12.76	-24.00
7.52	-25.16
3.30	-25.16
3.30	-25.16
-0.94	-25.50
-0.94	-25.50
-5.63	-26.28
-5.63	-26.28
-8.13	-26.39
-9.83	-26.26
-9.83	-26.26
-11.25	-26.51
-11.25	-26.51
-12.99	-26.02
-13.64	-25.42
-13.64	-25.42
-14.10	-25.28
-14.10	-25.28
-16.81	-24.45
-22.27	-23.28
-22.27	-23.28
-28.59	-22.91
-28.59	-22.91
-32.79	-22.93
-32.79	-22.93
-35.39	-23.15
-35.93	-22.62
-35.93	-22.62
-35.98	-22.00
-35.98	-22.00
-36.91	-21.62
-38.53	-21.61
-38.53	-21.61
-38.76	-21.62
-38.76	-21.62
-39.08	-22.09
-39.08	-22.09
-39.58	-22.78
-39.93	-22.60
-39.93	-22.60
-41.34	-22.94
-41.34	-22.94
-42.99	-23.36
-42.99	-23.36
-44.48	-23.04
-47.11	-22.36
-47.11	-22.36
-50.82	-21.71
-53.37	-21.42
-53.37	-21.42
-55.42	-21.61
-55.42	-21.61
-56.59	-21.47
-57.26	-21.62
-57.26	-21.62
-57.62	-21.21
-57.62	-21.21
-58.06	-20.90
-58.06	-20.90
-58.47	-21.00
-58.48	-20.88
-58.48	-20.88
-58.03	-20.86
-58.03	-20.86
-57.59	-20.72
-57.14	-20.24
-57.14	-20.24
-57.14	-20.24
-56.80	-20.06
-56.80	-20.06
-56.44	-18.61
-56.44	-18.61
-56.39	-15.11
-56.39	-15.11
-55.90	-11.24
-55.90	-11.24
-55.90	-11.24
-53.71	-10.82
-53.71	-10.82
-52.05	-10.42
-52.05	-10.42
-50.37	-9.62
-50.37	-9.62
-48.48	-9.25
-48.48	-9.25
-46.69	-8.91
-46.69	-8.91
-43.71	-8.24
-43.71	-8.24
-42.15	-7.97
-42.15	-7.97
-39.96	-7.82
-39.96	-7.82
-37.26	-7.89
-37.26	-7.89
-34.94	-7.89
-33.08	-7.75
-33.08	-7.75
-31.36	-7.89
-31.36	-7.89
-29.25	-7.65
-25.86	-7.76
-25.86	-7.76
-22.13	-7.77
-22.13	-7.77
-18.43	-7.92
-18.43	-7.92
-14.85	-8.33
-14.85	-8.33
-8.10	-8.50
-8.10	-8.50
-5.09	-8.51
-5.09	-8.51
-2.11	-9.00
-2.11	-9.00
0.53	-9.56
3.06	-9.94
3.06	-9.94
3.06	-9.94
5.70	-10.74
5.70	-10.74
11.14	-11.34
11.14	-11.34
11.14	-11.34
13.87	-12.28
17.17	-12.64
17.17	-12.64
20.38	-12.89
20.38	-12.89
23.66	-12.54
23.66	-12.54
26.32	-12.32
26.32	-12.32
28.06	-12.19
28.06	-12.19
28.62	-12.25
28.62	-12.25
28.44	-12.39
28.44	-12.39
28.02	-12.48
27.62	-12.42
27.62	-12.42
27.38	-12.46
27.38	-12.46
27.90	-12.40
27.90	-12.40
28.83	-12.15
30.47	-11.83
30.47	-11.83
30.47	-11.83
32.42	-11.67
34.21	-11.38
34.21	-11.38
36.05	-11.17
40.09	-10.92
48.78	-10.26
48.78	-10.26
60.14	-9.16
60.14	-9.16
60.14	-9.16
67.95	-8.44
67.95	-8.44
73.29	-8.83
73.29	-8.83
73.29	-8.83
73.74	-8.95
74.00	-8.77
74.95	-8.65
74.95	-8.65
75.65	-8.56
75.65	-8.56
76.23	-8.66
76.65	-8.73
76.65	-8.73
76.76	-8.60
76.76	-8.60
76.76	-8.60
76.81	-8.46
76.48	-8.24
76.48	-8.24
76.37	-8.15
76.37	-8.15
76.41	-7.98
76.41	-7.98
76.53	-7.62
76.53	-7.62
76.53	-7.62
76.56	-7.08
76.44	-6.15
76.44	-6.15
75.95	-5.66
75.88	-5.58
75.88	-5.58
76.15	-5.48
76.15	-5.48
76.15	-5.48
76.28	-5.69
76.28	-5.69
76.28	-5.69
76.31	-5.85
76.31	-5.88
76.31	-5.88
76.21	-5.74
76.32	-5.78
76.32	-5.78
76.50	-5.83
76.50	-5.83
76.50	-5.83
76.56	-5.79
76.56	-5.79
76.56	-5.79
76.63	-5.73
76.58	-5.82
76.58	-5.82
76.48	-5.93
76.47	-5.87
76.47	-5.87
76.35	-6.02
76.35	-6.02
76.35	-6.02
76.34	-6.38
76.34	-6.38
76.40	-6.56
76.40	-6.56
76.19	-6.60
75.92	-6.64
75.92	-6.64
75.73	-6.56
75.73	-6.56
75.73	-6.56
75.36	-6.61
75.36	-6.61
75.17	-6.69
75.17	-6.69
75.17	-6.69
75.06	-6.68
75.09	-6.91
75.09	-6.91
75.00	-6.89
75.03	-7.14
75.03	-7.14
74.88	-6.91
74.85	-7.16
74.85	-7.16
74.88	-7.45
74.88	-7.45
74.88	-7.45
75.18	-7.78
75.34	-7.69
75.34	-7.69
75.48	-7.68
75.49	-7.79
75.49	-7.79
75.61	-7.96
75.68	-7.84
75.68	-7.84
75.90	-7.61
75.90	-7.61
75.90	-7.61
76.13	-7.76
76.41	-8.05
76.41	-8.05
76.99	-8.31
76.99	-8.31
78.02	-8.63
78.02	-8.63
79.34	-9.05
80.87	-9.52
80.87	-9.52
82.20	-9.88
82.20	-9.88
84.64	-10.55
84.64	-10.55
86.24	-10.99
86.24	-10.99
88.10	-11.31
88.10	-11.31
89.56	-11.84
89.56	-11.84
90.18	-12.00
90.18	-12.00
90.80	-12.19
91.51	-12.20
91.51	-12.20
92.35	-12.43
92.35	-12.43
93.22	-12.53
93.22	-12.53
94.15	-12.58
94.15	-12.58
96.79	-12.34
96.79	-12.34
96.79	-12.34
98.84	-12.35
100.62	-12.87
100.62	-12.87
102.08	-12.96
103.50	-12.92
103.50	-12.92
105.05	-12.42
105.05	-12.42
105.05	-12.42
107.62	-11.97
107.62	-11.97
107.62	-11.97
108.45	-11.93
109.02	-11.47
109.02	-11.47
109.63	-11.15
110.27	-10.93
110.27	-10.93
111.07	-10.99
111.07	-10.99
111.07	-10.99
114.42	-11.29
114.42	-11.29
114.42	-11.29
115.48	-11.05
116.31	-11.07
116.31	-11.07
116.74	-11.57
116.35	-11.83
116.35	-11.83
115.58	-11.78
115.58	-11.78
115.58	-11.78
113.80	-11.49
113.80	-11.49
113.80	-11.49
112.42	-11.50
111.55	-11.04
111.55	-11.04
110.60	-9.51
108.19	-4.93
108.19	-4.93
105.15	-1.81
105.15	-1.81
103.01	-0.02
101.57	0.76
101.57	0.76
99.68	0.70
99.68	0.70
99.68	0.70
96.18	0.10
89.79	0.13
89.79	0.13
83.32	0.31
77.47	0.22
77.47	0.22
73.12	0.36
67.05	0.23
67.05	0.23
59.17	-0.52
59.17	-0.52
59.17	-0.52
47.01	-1.18
47.01	-1.18
43.97	-0.91
43.97	-0.91
41.80	-0.75
41.80	-0.75
39.83	-0.83
39.83	-0.83
38.45	-0.77
38.45	-0.77
37.05	-0.50
35.43	-0.45
35.43	-0.45
34.05	-0.30
34.05	-0.30
32.75	0.19
31.37	1.23
31.37	1.23
29.48	3.51
29.48	3.51
24.90	6.90
20.38	10.08
20.38	10.08
17.80	12.46
16.34	14.08
16.34	14.08
16.34	14.08
15.13	15.16
12.85	16.16
12.85	16.16
10.47	17.90
9.22	19.97
9.22	19.97
8.46	22.20
8.46	22.20
7.88	24.03
7.88	24.03
7.48	25.50
7.13	25.56
7.13	25.56
6.88	25.23
6.44	25.46
6.44	25.46
5.98	25.86
5.98	25.86
5.18	24.79
5.18	24.79
4.73	22.98
4.73	22.98
2.80	12.05
2.80	12.05
2.80	12.05
1.38	8.01
1.38	8.01
-0.46	3.17
-3.40	-0.42
-3.40	-0.42
-5.68	-3.09
-7.41	-4.59
-7.41	-4.59
-8.68	-5.16
-9.25	-5.52
-9.25	-5.52
-9.67	-5.67
-9.67	-5.67
-9.67	-5.67
-10.14	-5.40
-10.71	-5.28
-10.71	-5.28
-11.65	-5.31
-13.29	-5.40
-13.29	-5.40
-16.00	-5.35
-16.00	-5.35
-19.80	-5.38
-19.80	-5.38
-23.67	-5.89
-28.52	-6.38
-33.65	-6.60
-33.65	-6.60
-38.15	-6.71
-38.15	-6.71
-43.65	-6.85
-43.65	-6.85
-49.85	-7.15
-55.02	-7.72
-55.02	-7.72
-59.12	-8.30
-59.12	-8.30
-62.24	-8.78
-62.24	-8.78
-64.96	-9.24
-64.96	-9.24
-67.62	-9.55
-67.62	-9.55
-70.30	-9.79
-70.30	-9.79
-73.64	-10.04
-73.64	-10.04
-74.37	-9.85
-74.37	-9.85
-75.25	-9.87
-76.31	-9.87
-76.31	-9.87
-77.13	-9.83
-77.13	-9.83
-77.47	-10.09
-77.47	-10.09
-77.38	-9.97
-77.38	-9.97
-77.34	-9.82
-77.34	-9.82
-76.82	-10.39
-76.82	-10.39
-76.70	-10.56
-76.70	-10.56
-76.09	-10.32
-75.53	-10.28
-75.53	-10.28
-75.02	-10.05
-75.02	-10.05
-74.85	-10.06
-74.85	-10.06
-74.57	-9.89
-74.57	-9.89
-74.93	-10.21
-74.93	-10.21
-74.35	-10.31
-74.35	-10.31
-73.90	-9.97
-73.90	-9.97
-73.84	-10.59
-73.84	-10.59
-73.70	-10.65
-73.98	-10.45
-73.98	-10.45
-74.09	-9.80
-74.09	-9.80
-74.52	-9.14
-74.78	-8.31
-74.78	-8.31
-75.18	-8.04
-75.18	-8.04
-75.43	-7.76
-75.43	-7.76
-75.29	-8.00
-75.29	-8.00
-74.83	-7.95
-74.83	-7.95
-74.36	-7.60
-74.36	-7.60
-73.56	-6.30
-73.56	-6.30
-73.10	-5.64
-73.10	-5.64
-72.51	-5.49
-72.51	-5.49
-71.76	-5.38
-71.76	-5.38
-70.64	-5.92
-70.64	-5.92
-68.53	-5.94
-68.53	-5.94
-67.48	-6.42
-67.48	-6.42
-66.29	-6.98
-65.11	-7.79
-65.11	-7.79
-63.91	-8.32
-63.91	-8.32
-62.59	-8.92
-62.59	-8.92
-61.37	-9.29
-61.37	-9.29
-59.28	-9.82
-59.28	-9.82
-56.82	-10.47
-56.82	-10.47
-54.75	-11.03
-54.75	-11.03
-49.98	-12.45
-49.98	-12.45
-49.98	-12.45
-47.60	-12.98
-47.60	-12.98
-43.52	-12.95
-43.52	-12.95
-42.39	-12.77
-42.39	-12.77
-42.39	-12.77
-40.49	-12.58
-40.49	-12.58
-39.00	-12.86
-39.00	-12.86
-39.00	-12.86
-37.05	-13.89
-37.05	-13.89
-31.97	-16.68
-31.97	-16.68
-29.86	-18.52
-29.86	-18.52
-27.77	-20.08
-25.53	-21.45
-25.53	-21.45
-23.67	-22.31
-23.67	-22.31
-22.29	-22.38
-22.29	-22.38
-21.23	-22.13
-21.23	-22.13
-20.62	-22.13
-20.62	-22.13
-20.28	-22.08
-19.93	-22.35
-19.93	-22.35
-19.78	-22.59
-19.78	-22.59
-19.38	-22.60
-19.38	-22.60
-19.06	-22.68
-19.06	-22.68
-18.88	-22.74
-18.88	-22.74
-18.75	-22.54
-18.75	-22.54
-18.62	-22.17
-18.62	-22.17
-18.40	-21.52
-18.40	-21.52
-17.60	-21.15
-17.60	-21.15
-17.51	-20.64
-17.51	-20.64
-17.38	-19.58
-17.38	-19.58
-17.26	-18.04
-17.26	-18.04
-17.45	-16.34
-17.59	-14.62
-17.59	-14.62
-17.61	-12.53
-17.69	-10.15
-17.69	-10.15
-17.27	-6.55
-17.27	-6.55
-16.39	-2.94
-16.39	-2.94
-15.01	-0.55
-15.01	-0.55
-13.68	1.28
-13.68	1.28
-12.98	2.26
-12.98	2.26
-12.44	4.13
-12.44	4.13
-12.57	4.71
-12.57	4.71
-12.66	5.21
-12.66	5.21
-12.62	6.05
-12.50	7.20
-12.50	7.20
-12.33	8.36
-12.33	8.36
-11.96	9.28
-11.62	9.74
-11.62	9.74
-11.12	9.71
-11.12	9.71
-10.80	9.56
-11.07	9.39
-11.07	9.39
-11.43	9.25
-11.43	9.25
-11.71	8.87
-11.69	8.23
-11.69	8.23
-11.74	7.87
-11.74	7.87
-11.92	7.74
-11.92	7.74
-12.10	7.28
-12.16	7.01
-12.16	7.01
-12.27	7.00
-12.27	7.00
-12.29	6.80
-12.30	6.59
-12.30	6.59
-12.01	6.26
-12.01	6.26
-11.72	5.97
-11.21	5.45
-11.21	5.45
-10.36	4.83
-10.36	4.83
-9.08	4.02
-9.08	4.02
-7.02	2.45
-3.47	0.15
-3.47	0.15
1.86	-3.17
1.86	-3.17
7.34	-4.63
12.39	-5.21
12.39	-5.21
18.88	-6.02
18.88	-6.02
26.36	-6.77
35.96	-8.30
35.96	-8.30
43.83	-8.20
43.83	-8.20
48.02	-9.17
48.02	-9.17
50.00	-9.96
51.08	-10.58
51.08	-10.58
52.25	-10.46
52.25	-10.46
53.26	-10.53
54.43	-10.77
54.43	-10.77
55.46	-11.00
55.46	-11.00
56.31	-11.12
56.95	-11.08
56.95	-11.08
57.53	-11.00
57.53	-11.00
57.53	-11.00
58.00	-10.83
58.56	-11.04
58.56	-11.04
58.60	-11.11
58.62	-11.11
58.62	-11.11
58.59	-10.99
58.52	-10.91
58.52	-10.91
58.49	-10.84
58.49	-10.84
58.31	-10.77
58.31	-10.77
58.27	-10.81
58.27	-10.81
58.10	-10.65
58.10	-10.65
57.86	-10.67
57.68	-10.65
57.49	-10.83
57.49	-10.83
57.21	-11.16
57.21	-11.16
57.21	-11.16
56.26	-11.34
56.26	-11.34
54.94	-11.18
54.94	-11.18
52.48	-10.96
52.48	-10.96
48.77	-10.83
48.77	-10.83
44.00	-11.00
44.00	-11.00
39.64	-11.51
35.99	-12.29
35.99	-12.29
32.02	-12.59
32.02	-12.59
27.40	-12.79
27.40	-12.79
22.96	-12.71
18.65	-13.00
18.65	-13.00
15.81	-12.96
14.42	-12.60
14.42	-12.60
14.42	-12.60
13.03	-12.48
13.03	-12.48
12.69	-12.42
12.69	-12.42
12.69	-12.42
11.65	-12.45
11.65	-12.45
11.15	-12.57
11.15	-12.57
10.82	-12.37
10.82	-12.37
10.39	-12.62
10.39	-12.62
10.20	-13.30
10.20	-13.30
9.92	-13.12
9.92	-13.12
8.75	-13.77
8.75	-13.77
5.91	-14.01
5.91	-14.01
1.17	-14.47
1.17	-14.47
-6.09	-14.53
-6.09	-14.53
-12.89	-14.73
-12.89	-14.73
-22.57	-15.35
-22.57	-15.35
-25.51	-15.65
-25.51	-15.65
-28.42	-15.66
-28.42	-15.66
-31.92	-15.86
-31.92	-15.86
-36.74	-16.21
-36.74	-16.21
-40.86	-16.84
-40.86	-16.84
-43.94	-17.31
-45.83	-17.28
-45.83	-17.28
-47.02	-17.60
-47.02	-17.60
-47.69	-17.65
-47.69	-17.65
-49.01	-17.76
-49.01	-17.76
-49.01	-17.76
-49.44	-18.04
-49.49	-18.06
-49.49	-18.06
-49.71	-18.23
-49.90	-18.22
-49.90	-18.22
-49.90	-18.22
-50.16	-18.15
-50.20	-18.33
-50.08	-18.42
-50.08	-18.42
-49.99	-18.50
-49.99	-18.50
-49.85	-18.59
-49.85	-18.59
-49.81	-18.63
-49.81	-18.63
-49.68	-18.68
-49.68	-18.68
-49.70	-18.98
-49.70	-18.98
-50.32	-19.65
-50.32	-19.65
-51.47	-19.53
-51.47	-19.53
-52.88	-19.17
-52.88	-19.17
-53.87	-19.09
-53.87	-19.09
-56.23	-19.84
-60.06	-19.99
-60.06	-19.99
-62.76	-19.75
-62.76	-19.75
-63.95	-19.75
-63.95	-19.75
-65.70	-20.42
-65.70	-20.42
-66.40	-20.55
-66.40	-20.55
-67.03	-20.45
-67.03	-20.45
-67.58	-20.88
-67.58	-20.88
-67.97	-22.08
-67.97	-22.08
-68.04	-24.31
-68.04	-24.31
-67.01	-35.39
-67.01	-35.39
-65.77	-39.55
-65.77	-39.55
-65.11	-40.41
-65.88	-40.23
-65.88	-40.23
-66.14	-40.56
-66.14	-40.56
-66.14	-40.56
-66.00	-43.17
-66.15	-44.80
-66.15	-44.80
-66.59	-44.77
-66.31	-43.97
-66.31	-43.97
-65.90	-43.54
-65.73	-43.12
-65.73	-43.12
-65.73	-43.12
-65.77	-42.71
-65.77	-42.71
-64.76	-41.75
-64.76	-41.75
-64.76	-41.75
-64.78	-40.56
-64.11	-38.12
-64.11	-38.12
-63.63	-34.87
-63.63	-34.87
-62.89	-30.56
-62.89	-30.56
-61.74	-27.04
-61.58	-25.15
-61.58	-25.15
-61.42	-23.62
-61.20	-22.61
-61.20	-22.61
-60.77	-21.10
-60.77	-21.10
-60.94	-19.80
-60.94	-19.80
-61.27	-18.61
-61.27	-18.61
-61.30	-17.51
-61.30	-17.51
-60.97	-16.76
-60.97	-16.76
-60.91	-16.41
-60.91	-16.41
-60.77	-16.28
-60.77	-16.28
-61.31	-16.93
-61.31	-16.93
-65.61	-22.58
-65.61	-22.58
-71.31	-25.37
-71.31	-25.37
-71.31	-25.37
-75.79	-25.79
-75.79	-25.79
-78.41	-24.95
-78.41	-24.95
-79.26	-24.59
-79.26	-24.59
-80.97	-24.65
-80.97	-24.65
-83.37	-23.91
-85.86	-22.85
-85.86	-22.85
-88.02	-21.88
-89.97	-20.89
-89.97	-20.89
-92.22	-19.85
-92.22	-19.85
-93.92	-18.76
-93.92	-18.76
-95.30	-17.29
-95.30	-17.29
-96.25	-15.98
-97.05	-13.56
-97.05	-13.56
-98.26	-11.95
-98.26	-11.95
-99.13	-9.99
-99.13	-9.99
-99.67	-7.89
-99.67	-7.89
-99.45	-5.30
-98.93	-3.62
-98.93	-3.62
-98.23	-2.43
-97.28	-0.59
-97.28	-0.59
-96.25	0.46
-96.25	0.46
-95.19	1.10
-95.19	1.10
-93.82	1.17
-93.82	1.17
-90.69	2.86
-90.69	2.86
-88.98	4.74
-88.98	4.74
-86.72	7.28
-86.72	7.28
-84.75	10.17
-84.75	10.17
-83.79	12.47
-82.89	14.49
-81.95	16.26
-81.95	16.26
-81.33	17.79
-81.33	17.79
-80.73	18.60
-80.73	18.60
-80.31	19.02
-80.31	19.02
-80.28	19.51
-80.28	19.51
-79.99	19.98
-79.99	19.98
-79.83	20.04
-79.57	19.96
-79.57	19.96
-79.52	20.07
-79.54	20.05
-79.54	20.05
-79.56	20.06
-79.26	19.98
-79.26	19.98
-79.24	19.71
-79.24	19.71
-79.24	19.38
-79.24	19.38
-79.39	19.45
-79.39	19.45
-79.26	19.33
-79.26	19.33
-78.31	20.09
-78.31	20.09
-77.53	20.10
-77.53	20.10
-77.27	19.91
-77.27	19.91
-77.29	19.82
-77.29	19.82
-77.08	19.77
-77.08	19.77
-76.31	19.65
-76.31	19.65
-76.23	19.61
-76.23	19.61
-76.14	19.50
-76.14	19.50
-75.86	19.43
-75.86	19.43
-75.86	19.25
-75.86	19.25
-76.07	19.24
-76.07	19.24
-76.04	19.38
-76.04	19.38
-75.77	19.12
-75.77	19.12
-75.75	18.82
-75.75	18.82
-74.93	18.41
-74.93	18.41
-72.90	17.71
-72.90	17.71
-68.32	16.84
-68.32	16.84
-66.72	16.28
-66.72	16.28
-65.39	15.73
-65.39	15.73
-63.33	15.21
-63.33	15.21
-60.82	14.81
-60.82	14.81
-53.52	13.72
-53.52	13.72
-49.63	13.06
-49.63	13.06
-46.31	12.83
-46.31	12.83
-43.50	12.62
-43.50	12.62
-40.65	12.31
-40.65	12.31
-37.39	12.10
-37.39	12.10
-31.04	11.77
-31.04	11.77
-27.54	10.77
-27.54	10.77
-24.42	9.41
-24.42	9.41
-21.35	8.60
-21.35	8.60
-18.50	8.05
-18.50	8.05
-12.20	6.52
-12.20	6.52
-8.44	6.28
-8.44	6.28
-4.02	6.35
-4.02	6.35
-1.59	6.62
-1.59	6.62
-0.36	6.58
-0.36	6.58
1.56	6.30
1.56	6.30
7.26	4.86
7.26	4.86
10.20	3.24
10.20	3.24
12.77	2.01
12.77	2.01
14.87	1.15
14.87	1.15
17.28	0.32
17.28	0.32
23.13	-1.83
23.13	-1.83
26.01	-3.81
26.01	-3.81
26.01	-3.81
29.31	-4.99
33.33	-5.77
33.33	-5.77
36.85	-6.27
39.86	-6.82
39.86	-6.82
42.84	-7.33
45.30	-7.71
45.30	-7.71
47.35	-7.72
47.35	-7.72
47.35	-7.72
52.25	-5.86
52.25	-5.86
54.13	-5.56
54.13	-5.56
54.86	-5.42
54.87	-5.40
54.87	-5.40
54.55	-5.28
54.55	-5.28
53.78	-5.22
53.78	-5.22
53.16	-5.27
52.50	-5.27
52.50	-5.27
52.36	-5.26
52.36	-5.26
52.36	-5.26
52.32	-5.36
52.32	-5.36
52.32	-5.36
52.02	-5.51
51.00	-5.56
51.00	-5.56
49.81	-5.66
48.04	-5.90
48.04	-5.90
44.98	-5.86
42.37	-5.57
42.37	-5.57
41.21	-5.20
41.21	-5.20
41.21	-5.20
38.86	-5.41
35.28	-5.62
35.28	-5.62
31.06	-5.80
26.45	-6.08
26.45	-6.08
22.96	-6.31
20.54	-6.25
20.54	-6.25
18.73	-5.59
18.73	-5.59
18.73	-5.59
16.61	-5.24
14.58	-5.22
14.58	-5.22
13.44	-5.16
12.84	-5.18
12.84	-5.18
12.66	-5.31
12.35	-5.02
12.35	-5.02
11.88	-4.13
11.88	-4.13
11.88	-4.13
11.29	-3.88
11.26	-3.97
11.26	-3.97
11.27	-4.02
10.89	-3.85
10.89	-3.85
10.61	-3.81
10.36	-3.72
10.36	-3.72
10.16	-3.61
10.16	-3.61
10.08	-3.45
10.08	-3.45
9.91	-3.43
9.91	-3.43
9.81	-3.35
9.81	-3.35
9.52	-3.45
9.52	-3.45
9.51	-3.61
9.51	-3.61
9.32	-3.63
9.32	-3.63
9.13	-3.51
9.13	-3.51
8.84	-3.52
8.79	-3.65
8.79	-3.65
8.58	-3.68
8.23	-3.76
8.23	-3.76
8.23	-3.76
8.12	-3.80
7.87	-3.83
7.77	-3.90
7.77	-3.90
7.69	-3.78
7.69	-3.78
7.69	-3.78
7.61	-3.79
7.48	-3.77
7.55	-3.83
7.55	-3.83
7.55	-3.81
7.51	-3.74
7.51	-3.74
7.46	-3.65
7.46	-3.65
7.51	-3.57
7.51	-3.57
7.54	-3.40
7.54	-3.40
7.52	-3.33
7.52	-3.33
7.43	-3.33
7.43	-3.33
7.36	-3.36
7.36	-3.36
7.40	-3.39
7.40	-3.39
7.29	-3.58
7.29	-3.58
7.27	-3.68
7.22	-3.71
7.22	-3.71
7.23	-3.59
7.23	-3.59
7.18	-3.53
7.18	-3.53
7.26	-3.52
7.05	-3.45
7.13	-3.56
7.13	-3.56
7.06	-3.59
7.06	-3.59
7.06	-3.54
7.06	-3.54
6.94	-3.39
6.94	-3.39
6.66	-3.26
6.66	-3.26
6.52	-3.30
6.52	-3.30
6.43	-3.12
6.39	-3.03
6.39	-3.03
6.17	-3.00
6.17	-3.00
6.20	-3.19
6.09	-3.17
6.09	-3.17
6.25	-3.26
6.25	-3.26
6.45	-3.31
6.38	-3.24
6.38	-3.24
6.68	-3.35
6.68	-3.35
7.40	-3.31
9.86	-2.99
9.86	-2.99
15.88	-2.25
15.88	-2.25
23.98	-2.05
31.93	-1.83
31.93	-1.83
37.46	-1.78
37.46	-1.78
41.29	-1.80
44.75	-1.44
44.75	-1.44
48.70	-1.16
48.70	-1.16
53.11	-0.86
58.17	-0.93
58.17	-0.93
63.69	-0.78
63.69	-0.78
68.60	-0.58
68.60	-0.58
73.05	-0.08
76.57	0.21
76.57	0.21
79.49	0.27
79.49	0.27
82.19	0.55
82.19	0.55
84.57	0.67
84.57	0.67
86.73	0.85
88.45	1.45
88.45	1.45
89.66	1.89
89.66	1.89
91.61	3.21
91.61	3.21
93.18	3.80
93.18	3.80
95.23	4.14
97.47	4.44
97.47	4.44
98.30	4.41
98.30	4.41
99.83	5.04
99.83	5.04
101.77	5.95
101.77	5.95
102.88	6.79
103.36	6.70
103.36	6.70
103.22	5.48
103.22	5.48
103.41	4.52
103.94	4.33
103.94	4.33
104.67	4.88
104.67	4.88
105.16	5.02
105.00	4.94
105.00	4.94
104.33	4.66
104.33	4.66
103.83	4.45
103.40	4.47
103.40	4.47
103.39	4.16
103.39	4.16
103.45	3.84
103.45	3.84
103.29	4.02
102.61	4.54
102.61	4.54
101.71	5.47
101.71	5.47
101.15	5.87
101.09	6.71
101.09	6.71
101.13	7.93
101.13	7.93
101.34	10.07
101.34	10.07
101.48	12.70
101.91	15.06
101.91	15.06
103.12	17.92
103.12	17.92
104.07	22.01
104.40	25.42
104.40	25.42
104.38	26.83
104.38	26.83
104.33	27.73
104.33	27.73
104.34	29.34
104.13	30.96
104.13	30.96
102.98	31.77
102.98	31.77
101.45	33.22
101.45	33.22
100.14	36.24
99.36	38.59
99.36	38.59
98.63	40.08
98.63	40.08
97.73	40.89
97.73	40.89
96.49	41.02
96.15	41.12
96.15	41.12
96.91	41.21
96.91	41.21
97.60	40.48
97.01	40.10
97.01	40.10
96.09	39.73
96.09	39.73
95.30	38.73
95.30	38.73
92.98	37.34
90.57	35.96
90.57	35.96
88.91	33.76
88.91	33.76
87.46	31.04
86.70	26.62
86.70	26.62
86.20	21.38
86.20	21.38
84.52	16.16
82.70	11.55
82.70	11.55
81.12	6.97
81.12	6.97
79.44	3.25
79.44	3.25
79.44	3.25
75.21	-1.95
75.21	-1.95
72.97	-3.56
72.97	-3.56
70.67	-5.39
67.58	-7.23
67.58	-7.23
63.70	-9.34
63.70	-9.34
59.76	-13.40
59.76	-13.40
55.46	-17.79
50.58	-19.50
50.58	-19.50
45.76	-20.41
45.76	-20.41
40.95	-19.47
35.77	-18.62
35.77	-18.62
31.52	-17.74
31.52	-17.74
28.24	-17.15
25.10	-16.02
25.10	-16.02
21.82	-14.50
21.82	-14.50
18.05	-13.66
18.05	-13.66
14.93	-13.68
12.05	-13.79
12.05	-13.79
10.33	-13.97
10.33	-13.97
9.03	-13.95
7.45	-13.79
7.45	-13.79
5.02	-13.79
5.02	-13.79
1.31	-13.77
1.31	-13.77
-3.82	-14.58
-9.22	-15.04
-9.22	-15.04
-14.14	-14.86
-14.14	-14.86
-18.50	-14.36
-23.72	-13.78
-23.72	-13.78
-30.28	-13.00
-30.28	-13.00
-37.10	-12.86
-37.10	-12.86
-42.69	-12.59
-45.26	-11.97
-45.26	-11.97
-46.24	-11.49
-46.24	-11.49
-46.75	-11.06
-46.75	-11.06
-47.13	-11.06
-47.63	-11.18
-47.63	-11.18
-47.69	-11.46
-47.69	-11.46
-47.70	-11.69
-47.63	-11.66
-47.63	-11.66
-47.35	-11.87
-47.35	-11.87
-47.09	-11.96
-47.09	-11.96
-47.08	-11.87
-46.91	-11.81
-46.91	-11.81
-47.08	-11.85
-47.08	-11.85
-47.15	-11.92
-47.24	-11.81
-47.24	-11.81
-47.15	-11.92
-47.15	-11.92
-47.12	-12.00
-47.00	-12.25
-47.00	-12.25
-47.12	-12.44
-47.12	-12.44
-47.15	-12.52
-47.15	-12.71
-47.15	-12.71
-47.17	-12.84
-47.17	-12.84
-47.16	-12.87
-47.16	-12.87
-47.35	-12.95
-47.65	-12.98
-47.65	-12.98
-47.88	-13.11
-47.88	-13.11
-48.20	-13.03
-48.32	-12.94
-48.32	-12.94
-48.25	-13.01
-48.25	-13.01
-48.26	-13.09
-48.36	-13.23
-48.36	-13.23
-48.32	-13.30
-48.32	-13.30
-48.23	-13.44
-48.23	-13.44
-48.39	-13.43
-48.45	-13.37
-48.45	-13.37
-48.17	-13.30
-48.17	-13.30
-48.03	-13.32
-48.08	-13.27
-48.08	-13.27
-48.07	-13.28
-48.07	-13.28
-48.10	-13.10
-48.06	-13.10
-48.06	-13.10
-48.33	-12.99
-48.33	-12.99
-48.52	-12.93
-48.52	-12.93
-48.53	-12.92
-48.44	-12.92
-48.44	-12.92
-48.44	-12.80
-48.44	-12.80
-48.44	-12.82
-48.41	-12.78
-48.41	-12.78
-48.38	-12.83
-48.38	-12.83
-48.30	-12.77
-48.30	-12.77
-48.18	-12.81
-48.08	-12.89
-48.08	-12.89
-48.07	-12.84
-48.07	-12.84
-48.09	-12.80
-48.09	-12.80
-47.99	-12.82
-47.82	-12.87
-47.82	-12.87
-47.92	-12.90
-47.92	-12.90
-47.85	-13.00
