90.05	0.00
-89.00	-28.06
-89.00	-28.06
-89.00	-28.06
-90.38	-28.89
-90.38	-28.89
-90.38	-28.89
-90.38	-28.89
-91.23	-26.28
-91.23	-26.28
-91.23	-26.28
-92.76	-23.53
-92.76	-23.53
-92.76	-23.53
-93.68	-20.03
-93.68	-20.03
-93.68	-20.03
-93.68	-20.03
-94.46	-19.59
-94.46	-19.59
-94.46	-19.59
-97.58	-15.63
-97.58	-15.63
-97.58	-15.63
-100.93	-13.19
-100.93	-13.19
-100.93	-13.19
-100.93	-13.19
-101.87	-11.09
-101.87	-11.09
-101.87	-11.09
-101.11	-9.73
-101.11	-9.73
-101.11	-9.73
-99.77	-8.45
-99.77	-8.45
-99.77	-8.45
-99.77	-8.45
-99.81	-7.01
-99.81	-7.01
-99.81	-7.01
-99.06	-5.29
-99.06	-5.29
-99.06	-5.29
-98.34	-5.79
-98.34	-5.79
-98.34	-5.79
-98.34	-5.79
-97.77	-4.73
-97.77	-4.73
-97.77	-4.73
-97.90	-4.17
-97.90	-4.17
-97.90	-4.17
-97.91	-3.73
-97.91	-3.73
-97.91	-3.73
-97.91	-3.73
-97.69	-3.98
-97.69	-3.98
-97.69	-3.98
-97.93	-3.81
-97.93	-3.81
-97.93	-3.81
-98.00	-3.29
-98.00	-3.29
-98.00	-3.29
-98.00	-3.29
-97.97	-2.86
-97.97	-2.86
-97.97	-2.86
-97.77	-2.55
-97.77	-2.55
-97.77	-2.55
-97.77	-2.55
-97.77	-2.55
-97.55	-3.17
-97.55	-3.17
-97.97	-3.47
-97.97	-3.47
-97.97	-3.47
-97.74	-3.49
-97.74	-3.49
-97.74	-3.49
-97.74	-3.49
-97.39	-3.03
-97.39	-3.03
-97.39	-3.03
-97.28	-2.25
-97.28	-2.25
-97.28	-2.25
-96.94	-2.69
-96.94	-2.69
-96.94	-2.69
-96.94	-2.69
-96.88	-2.49
-96.88	-2.49
-96.88	-2.49
-96.88	-2.49
-96.94	-2.70
-96.94	-2.70
-97.01	-3.06
-97.01	-3.06
-97.01	-3.06
-97.01	-3.06
-96.90	-2.74
-96.90	-2.74
-96.90	-2.74
-96.90	-2.74
-96.85	-2.97
-96.85	-2.97
-96.69	-3.20
-96.69	-3.20
-96.69	-3.20
-96.69	-3.20
-96.69	-3.59
-96.69	-3.59
-96.69	-3.59
-96.82	-3.67
-96.82	-3.67
-96.82	-3.67
-96.82	-3.67
-97.27	-3.41
-97.27	-3.41
-97.27	-3.41
-97.27	-3.41
-97.53	-3.29
-97.53	-3.29
-97.59	-3.36
-97.59	-3.36
-97.59	-3.36
-97.59	-3.36
-97.84	-3.37
-97.84	-3.37
-97.84	-3.37
-97.84	-3.37
-97.61	-3.44
-97.61	-3.44
-97.59	-3.25
-97.59	-3.25
-97.59	-3.25
-97.59	-3.25
-97.62	-2.94
-97.62	-2.94
-97.62	-2.94
-97.62	-2.94
-97.37	-3.19
-97.37	-3.19
-97.42	-2.88
-97.42	-2.88
-97.42	-2.88
-97.42	-2.88
-97.81	-2.88
-97.81	-2.88
-97.81	-2.88
-97.81	-2.88
-97.93	-3.11
-97.93	-3.11
-97.72	-2.65
-97.72	-2.65
-97.72	-2.65
-97.72	-2.65
-97.63	-2.53
-97.63	-2.53
-97.63	-2.53
-97.63	-2.53
-98.06	-2.86
-98.06	-2.86
-97.99	-2.84
-97.99	-2.84
-97.99	-2.84
-97.99	-2.84
-98.13	-2.81
-98.13	-2.81
-98.13	-2.81
-98.13	-2.81
-98.15	-2.70
-98.15	-2.70
-97.96	-2.52
-97.96	-2.52
-97.96	-2.52
-97.96	-2.52
-97.86	-2.50
-97.86	-2.50
-97.86	-2.50
-97.86	-2.50
-97.88	-2.65
-97.88	-2.65
-97.88	-2.65
-97.88	-2.65
-97.91	-2.60
-97.91	-2.60
-97.91	-2.69
-97.91	-2.69
-97.91	-2.69
-97.91	-2.69
-97.70	-2.68
-97.70	-2.68
-97.70	-2.68
-97.70	-2.68
-97.80	-2.50
-97.80	-2.50
-97.75	-2.42
-97.75	-2.42
-97.75	-2.42
-97.75	-2.55
-97.75	-2.55
-97.75	-2.55
-97.75	-2.55
-97.76	-2.46
-97.76	-2.46
-97.76	-2.46
-97.76	-2.46
-97.72	-2.50
-97.72	-2.50
-97.67	-2.49
-97.67	-2.49
-97.67	-2.49
-97.67	-2.49
-97.49	-2.24
-97.49	-2.24
-97.49	-2.24
-97.49	-2.24
-97.51	-2.18
-97.51	-2.18
-97.51	-2.18
-97.51	-2.18
-97.42	-2.28
-97.42	-2.28
-97.77	-2.24
-97.77	-2.24
-97.77	-2.24
-97.77	-2.24
-97.97	-2.33
-97.97	-2.33
-97.97	-2.33
-97.97	-2.33
-100.80	-0.69
-100.80	-0.69
-105.76	0.38
-105.76	0.38
-105.76	0.38
-105.76	0.38
-111.03	2.30
-111.03	2.30
-111.03	2.30
-117.33	2.60
-117.33	2.60
-117.33	2.60
-117.33	2.60
-122.18	2.73
-122.18	2.73
-128.95	2.57
-128.95	2.57
-128.95	2.57
-128.95	2.57
-133.81	2.11
-133.81	2.11
-133.81	2.11
-133.81	2.11
-136.67	1.53
-136.67	1.53
-138.27	1.55
-138.27	1.55
-138.27	1.55
-138.27	1.55
-138.27	1.55
-141.07	1.15
-141.07	1.15
-143.25	0.61
-143.25	0.61
-143.25	0.61
-143.25	0.61
-144.45	0.46
-144.45	0.46
-144.45	0.46
-144.45	0.46
-146.46	0.56
-146.46	0.56
-148.53	-0.11
-148.53	-0.11
-148.53	-0.11
-148.53	-0.11
-150.17	-0.61
-150.17	-0.61
-150.17	-0.61
-150.17	-0.61
-151.91	-0.62
-151.91	-0.62
-155.50	-1.22
-155.50	-1.22
-155.50	-1.22
-155.50	-1.22
-160.22	-2.12
-160.22	-2.12
-160.22	-2.12
-160.22	-2.12
-162.40	-2.36
-162.40	-2.36
-163.50	-3.49
-163.50	-3.49
-163.50	-3.49
-163.50	-3.49
-164.60	-3.17
-164.60	-3.17
-164.60	-3.17
-164.60	-3.17
-165.77	-3.81
-165.77	-3.81
-167.04	-5.39
-167.04	-5.39
-167.04	-5.39
-167.04	-5.39
-167.04	-5.39
-168.13	-5.59
-168.13	-5.59
-168.13	-5.59
-168.10	-6.46
-168.10	-6.46
-168.10	-6.46
-168.60	-7.24
-168.60	-7.24
-168.60	-7.24
-168.60	-7.24
-168.51	-7.33
-168.51	-7.33
-168.51	-7.33
-168.31	-7.16
-168.31	-7.16
-168.31	-7.16
-168.07	-6.86
-168.07	-6.86
-168.07	-6.86
-167.57	-6.71
-167.57	-6.71
-167.57	-6.71
-167.57	-6.71
-166.90	-6.39
-166.90	-6.39
-166.90	-6.39
-166.90	-6.39
-166.72	-6.45
-166.72	-6.45
-166.20	-6.19
-166.20	-6.19
-166.20	-6.19
-166.20	-6.19
-165.49	-5.95
-165.49	-5.95
-165.49	-5.95
-165.49	-5.95
-165.30	-5.88
-165.30	-5.88
-164.33	-5.96
-164.33	-5.96
-164.33	-5.96
-163.66	-5.92
-163.66	-5.92
-163.66	-5.92
-163.66	-5.92
-161.41	-5.56
-161.41	-5.56
-161.41	-5.56
-161.41	-5.56
-156.46	-5.75
-156.46	-5.75
-156.46	-5.75
-155.49	-5.52
-155.49	-5.52
-155.49	-5.52
-154.39	-5.22
-154.39	-5.22
-154.39	-5.22
-153.78	-5.29
-153.78	-5.29
-153.78	-5.29
-153.78	-5.29
-153.78	-5.29
-152.82	-5.04
-152.82	-5.04
-152.82	-5.04
-151.62	-4.85
-151.62	-4.85
-151.62	-4.85
-149.92	-4.61
-149.92	-4.61
-149.92	-4.61
-148.63	-4.79
-148.63	-4.79
-148.63	-4.79
-148.63	-4.79
-147.46	-4.37
-147.46	-4.37
-147.46	-4.37
-147.30	-4.52
-147.30	-4.52
-147.30	-4.52
-147.30	-4.52
-146.21	-4.41
-146.21	-4.41
-144.11	-4.20
-144.11	-4.20
-144.11	-4.20
-144.11	-4.20
-141.60	-4.50
-141.60	-4.50
-141.60	-4.50
-141.60	-4.50
-139.63	-4.29
-139.63	-4.29
-139.63	-4.29
-139.25	-4.28
-139.25	-4.28
-139.25	-4.28
-138.51	-4.33
-138.51	-4.33
-138.51	-4.33
-138.51	-4.33
-137.46	-4.17
-137.46	-4.17
-137.46	-4.17
-136.66	-4.13
-136.66	-4.13
-136.66	-4.13
-135.63	-4.47
-135.63	-4.47
-135.63	-4.47
-133.89	-4.72
-133.89	-4.72
-133.89	-4.72
-133.89	-4.72
-130.99	-5.07
-130.99	-5.07
-130.99	-5.07
-127.37	-5.01
-127.37	-5.01
-127.37	-5.01
-125.11	-5.14
-125.11	-5.14
-125.11	-5.14
-122.61	-5.38
-122.61	-5.38
-122.61	-5.38
-122.61	-5.38
-120.22	-5.36
-120.22	-5.36
-120.22	-5.36
-120.22	-5.36
-117.32	-5.07
-117.32	-5.07
-113.19	-4.82
-113.19	-4.82
-113.19	-4.82
-113.19	-4.82
-109.88	-4.17
-109.88	-4.17
-109.88	-4.17
-109.88	-4.17
-107.38	-3.76
-107.38	-3.76
-104.56	-3.87
-104.56	-3.87
-104.56	-3.87
-104.56	-3.87
-101.96	-4.00
-101.96	-4.00
-101.96	-4.00
-100.44	-3.99
-100.44	-3.99
-100.44	-3.99
-100.44	-3.99
-99.91	-4.17
-99.91	-4.17
-99.91	-4.17
-99.91	-4.17
-98.53	-4.32
-98.53	-4.32
-97.53	-4.16
-97.53	-4.16
-97.53	-4.16
-97.53	-4.16
-94.58	-4.58
-94.58	-4.58
-94.58	-4.58
-94.02	-4.24
-94.02	-4.24
-94.02	-4.24
-95.04	-4.01
-95.04	-4.01
-95.04	-4.01
-95.04	-4.01
-95.04	-4.01
-94.45	-4.09
-94.45	-4.09
-94.45	-4.09
-94.56	-3.98
-94.56	-3.98
-94.56	-3.98
-94.55	-3.97
-94.55	-3.97
-94.55	-3.97
-95.11	-3.78
-95.11	-3.78
-95.11	-3.78
-98.68	-3.22
-98.68	-3.22
-98.68	-3.22
-98.68	-3.22
-108.02	-3.07
-108.02	-3.07
-108.02	-3.07
-114.87	-2.86
-114.87	-2.86
-114.87	-2.86
-114.87	-2.86
-117.29	-2.74
-117.29	-2.74
-117.29	-2.74
-119.45	-3.16
-119.45	-3.16
-119.45	-3.16
-120.37	-3.41
-120.37	-3.41
-120.37	-3.41
-120.37	-3.41
-120.56	-3.87
-120.56	-3.87
-120.56	-3.87
-121.14	-4.01
-121.14	-4.01
-121.14	-4.01
-121.21	-4.01
-121.21	-4.01
-121.21	-4.01
-121.21	-4.01
-121.46	-4.20
-121.46	-4.20
-121.46	-4.20
-121.28	-4.03
-121.28	-4.03
-121.28	-4.03
-121.28	-4.03
-120.91	-4.07
-120.91	-4.07
-120.91	-4.07
-120.59	-3.40
-120.59	-3.40
-120.59	-3.40
-119.62	0.22
-119.62	0.22
-119.62	0.22
-119.62	0.22
-119.47	4.90
-119.47	4.90
-119.47	4.90
-119.25	10.20
-119.25	10.20
-119.25	10.20
-120.18	15.11
-120.18	15.11
-120.18	15.11
-120.18	15.11
-121.93	17.49
-121.93	17.49
-121.93	17.49
-123.58	19.90
-123.58	19.90
-123.58	19.90
-124.88	21.29
-124.88	21.29
-124.88	21.29
-124.88	21.29
-125.09	21.14
-125.09	21.14
-125.09	21.14
-125.84	21.20
-125.84	21.20
-125.84	21.20
-125.84	21.20
-130.14	20.58
-130.14	20.58
-130.14	20.58
-137.82	20.38
-137.82	20.38
-137.82	20.38
-142.75	18.90
-142.75	18.90
-142.75	18.90
-142.75	18.90
-145.71	18.20
-145.71	18.20
-145.71	18.20
-148.89	17.39
-148.89	17.39
-148.89	17.39
-151.10	16.82
-151.10	16.82
-151.10	16.82
-151.10	16.82
-153.16	15.64
-153.16	15.64
-153.16	15.64
-155.19	14.67
-155.19	14.67
-155.19	14.67
-157.05	13.48
-157.05	13.48
-157.05	13.48
-157.05	13.48
-158.12	12.09
-158.12	12.09
-158.12	12.09
-159.95	10.49
-159.95	10.49
-159.95	10.49
-161.92	7.83
-161.92	7.83
-161.92	7.83
-161.92	7.83
-164.69	5.24
-164.69	5.24
-164.69	5.24
-166.19	3.86
-166.19	3.86
-166.19	3.86
-166.19	3.86
-167.21	2.67
-167.21	2.67
-167.21	2.67
-167.17	2.26
-167.17	2.26
-167.17	2.26
-166.76	2.06
-166.76	2.06
-166.76	2.06
-166.76	2.06
-166.33	1.42
-166.33	1.42
-166.33	1.42
-165.50	1.26
-165.50	1.26
-165.50	1.26
-164.86	1.12
-164.86	1.12
-164.86	1.12
-164.86	1.12
-164.13	1.09
-164.13	1.09
-164.13	1.09
-163.76	0.98
-163.76	0.98
-163.76	0.98
-163.09	1.27
-163.09	1.27
-163.09	1.27
-163.09	1.27
-162.12	1.19
-162.12	1.19
-162.12	1.19
-160.43	1.22
-160.43	1.22
-160.43	1.22
-160.01	1.58
-160.01	1.58
-160.01	1.58
-160.01	1.58
-160.01	1.58
-159.71	1.70
-159.71	1.70
-159.71	1.70
-159.11	1.98
-159.11	1.98
-158.59	2.01
-158.59	2.01
-158.59	2.01
-158.59	2.01
-157.84	1.84
-157.84	1.84
-157.84	1.84
-157.61	1.78
-157.61	1.78
-157.61	1.78
-157.61	1.78
-157.37	1.76
-157.37	1.76
-157.37	1.76
-156.90	2.06
-156.90	2.06
-156.90	2.06
-156.52	2.06
-156.52	2.06
-156.52	2.06
-156.52	2.06
-154.72	2.14
-154.72	2.14
-154.72	2.14
-154.72	2.14
-151.64	2.16
-151.64	2.16
-151.16	2.27
-151.16	2.27
-151.16	2.27
-151.16	2.27
-151.10	2.14
-151.10	2.14
-151.10	2.14
-150.51	2.47
-150.51	2.47
-150.51	2.47
-150.44	2.31
-150.44	2.31
-150.44	2.31
-150.44	2.31
-150.21	2.73
-150.21	2.73
-150.21	2.73
-149.77	1.30
-149.77	1.30
-149.77	1.30
-148.18	1.24
-148.18	1.24
-148.18	1.24
-148.18	1.24
-144.16	2.01
-144.16	2.01
-144.16	2.01
-142.84	-0.08
-142.84	-0.08
-142.84	-0.08
-142.84	-0.08
-139.64	-0.25
-139.64	-0.25
-139.64	-0.25
-130.32	-0.01
-130.32	-0.01
-130.32	-0.01
-118.74	-0.24
-118.74	-0.24
-118.74	-0.24
-118.74	-0.24
-108.73	0.25
-108.73	0.25
-108.73	0.25
-104.49	1.64
-104.49	1.64
-104.49	1.64
-99.20	2.49
-99.20	2.49
-99.20	2.49
-99.20	2.49
-99.20	2.49
-95.24	3.80
-95.24	3.80
-94.56	3.14
-94.56	3.14
-94.56	3.14
-94.56	3.14
-93.65	1.92
-93.65	1.92
-93.65	1.92
-93.65	1.92
-89.20	2.16
-89.20	2.16
-84.89	0.79
-84.89	0.79
-84.89	0.79
-84.89	0.79
-82.19	-3.57
-82.19	-3.57
-82.19	-3.57
-82.19	-3.57
-81.01	2.39
-81.01	2.39
-78.27	1.73
-78.27	1.73
-78.27	1.73
-78.27	1.73
-75.20	0.31
-75.20	0.31
-75.20	0.31
-75.20	0.31
-68.96	1.97
-68.96	1.97
-61.33	-1.80
-61.33	-1.80
-61.33	-1.80
-61.33	-1.80
-56.18	-1.68
-56.18	-1.68
-56.18	-1.68
-56.18	-1.68
-52.74	-3.89
-52.74	-3.89
-47.58	-5.66
-47.58	-5.66
-47.58	-5.66
-47.58	-5.66
-47.97	-4.46
-47.97	-4.46
-47.97	-4.46
-47.97	-4.46
-44.60	-5.03
-44.60	-5.03
-42.05	-4.54
-42.05	-4.54
-42.05	-4.54
-42.05	-4.54
-39.74	-5.10
-39.74	-5.10
-39.74	-5.10
-39.74	-5.10
-36.74	-6.11
-36.74	-6.11
-33.68	-6.05
-33.68	-6.05
-33.68	-6.05
-33.68	-6.05
-31.22	-6.17
-31.22	-6.17
-31.22	-6.17
-31.22	-6.17
-29.03	-6.15
-29.03	-6.15
-25.11	-6.11
-25.11	-6.11
-25.11	-6.11
-25.11	-6.11
-23.27	-5.67
-23.27	-5.67
-23.27	-5.67
-23.27	-5.67
-22.12	-5.49
-22.12	-5.49
-21.20	-5.91
-21.20	-5.91
-21.20	-5.91
-21.20	-5.91
-20.13	-6.06
-20.13	-6.06
-20.13	-6.06
-20.13	-6.06
-19.70	-5.39
-19.70	-5.39
-19.70	-5.39
-19.70	-5.39
-19.56	-4.48
-19.56	-4.48
-20.14	-4.25
-20.14	-4.25
-20.14	-4.25
-20.14	-4.25
-21.34	-3.27
-21.34	-3.27
-21.34	-3.27
-21.34	-3.27
-23.86	-2.53
-23.86	-2.53
-26.72	-2.08
-26.72	-2.08
-26.72	-2.08
-26.72	-2.08
-29.07	-2.31
-29.07	-2.31
-29.07	-2.31
-29.07	-2.31
-30.83	-2.29
-30.83	-2.29
-35.30	-1.66
-35.30	-1.66
-35.30	-1.66
-35.30	-1.66
-40.36	-1.24
-40.36	-1.24
-40.36	-1.24
-40.36	-1.24
-45.67	-0.44
-45.67	-0.44
-48.57	-0.80
-48.57	-0.80
-48.57	-0.80
-48.57	-0.80
-51.62	-2.49
-51.62	-2.49
-51.62	-2.49
-51.62	-2.49
-53.90	-3.92
-53.90	-3.92
-56.82	-6.56
-56.82	-6.56
-56.82	-6.56
-56.82	-6.56
-60.58	-9.60
-60.58	-9.60
-60.58	-9.60
-60.58	-9.60
-65.99	-14.26
-65.99	-14.26
-68.88	-15.11
-68.88	-15.11
-68.88	-15.11
-68.88	-15.11
-70.78	-14.70
-70.78	-14.70
-70.78	-14.70
-72.07	-13.62
-72.07	-13.62
-72.07	-13.62
-74.23	-11.38
-74.23	-11.38
-74.23	-11.38
-74.23	-11.38
-74.23	-11.38
-76.91	-10.50
-76.91	-10.50
-76.91	-10.50
-79.46	-8.76
-79.46	-8.76
-79.46	-8.76
-81.03	-7.15
-81.03	-7.15
-81.03	-7.15
-82.85	-5.37
-82.85	-5.37
-82.85	-5.37
-86.47	-5.41
-86.47	-5.41
-86.47	-5.41
-86.47	-5.41
-91.03	-5.63
-91.03	-5.63
-91.03	-5.63
-94.02	-5.91
-94.02	-5.91
-94.02	-5.91
-94.02	-5.91
-94.02	-5.91
-95.73	-5.75
-95.73	-5.75
-96.70	-5.98
-96.70	-5.98
-96.70	-5.98
-97.86	-5.79
-97.86	-5.79
-97.86	-5.79
-97.86	-5.79
-98.39	-5.13
-98.39	-5.13
-98.39	-5.13
-98.48	-4.67
-98.48	-4.67
-98.48	-4.67
-97.74	-4.71
-97.74	-4.71
-97.74	-4.71
-97.74	-4.71
-97.74	-4.71
-97.03	-4.64
-97.03	-4.64
-97.03	-4.64
-96.27	-4.80
-96.27	-4.80
-96.27	-4.80
-95.80	-4.73
-95.80	-4.73
-95.80	-4.73
-95.42	-4.63
-95.42	-4.63
-95.42	-4.63
-95.19	-4.46
-95.19	-4.46
-95.19	-4.46
-95.29	-4.65
-95.29	-4.65
-95.29	-4.65
-95.29	-4.65
-95.62	-4.87
-95.62	-4.87
-95.62	-4.87
-95.62	-4.87
-96.12	-4.44
-96.12	-4.44
-96.95	-4.49
-96.95	-4.49
-96.95	-4.49
-96.95	-4.49
-100.59	-3.49
-100.59	-3.49
-100.59	-3.49
-100.59	-3.49
-111.92	-2.29
-111.92	-2.29
-111.92	-2.29
-120.06	-2.51
-120.06	-2.51
-120.06	-2.51
-124.93	-2.37
-124.93	-2.37
-124.93	-2.37
-124.93	-2.37
-127.88	-2.94
-127.88	-2.94
-127.88	-2.94
-129.73	-3.42
-129.73	-3.42
-129.73	-3.42
-130.80	-3.54
-130.80	-3.54
-130.80	-3.54
-131.32	-3.96
-131.32	-3.96
-131.32	-3.96
-131.32	-3.96
-131.32	-3.96
-131.23	-4.15
-131.23	-4.15
-131.23	-4.15
-131.22	-4.13
-131.22	-4.13
-131.22	-4.13
-131.53	-4.42
-131.53	-4.42
-131.53	-4.42
-131.07	-3.99
-131.07	-3.99
-131.07	-3.99
-131.07	-3.99
-131.03	-4.13
-131.03	-4.13
-131.03	-4.13
-130.88	-4.21
-130.88	-4.21
-130.88	-4.21
-131.10	-4.32
-131.10	-4.32
-131.10	-4.32
-131.51	-4.29
-131.51	-4.29
-131.51	-4.29
-131.51	-4.29
-131.68	-3.89
-131.68	-3.89
-131.68	-3.89
-131.71	-3.80
-131.71	-3.80
-131.71	-3.80
-131.56	-3.70
-131.56	-3.70
-131.56	-3.70
-131.56	-3.70
-131.77	-3.12
-131.77	-3.12
-131.77	-3.12
-132.21	-2.14
-132.21	-2.14
-132.21	-2.14
-132.21	-2.14
-135.91	-3.34
-135.91	-3.34
-135.91	-3.34
-141.65	-3.83
-141.65	-3.83
-141.65	-3.83
-141.65	-3.83
-145.49	-4.20
-145.49	-4.20
-145.49	-4.20
-149.24	-5.80
-149.24	-5.80
-149.24	-5.80
-152.22	-6.64
-152.22	-6.64
-152.22	-6.64
-154.00	-7.53
-154.00	-7.53
-154.00	-7.53
-155.77	-8.79
-155.77	-8.79
-155.77	-8.79
-155.77	-8.79
-155.77	-8.79
-156.33	-9.01
-156.33	-9.01
-156.33	-9.01
-156.20	-10.22
-156.20	-10.22
-156.20	-10.22
-157.29	-10.97
-157.29	-10.97
-157.29	-10.97
-158.29	-10.59
-158.29	-10.59
-158.29	-10.59
-159.67	-11.18
-159.67	-11.18
-159.67	-11.18
-159.67	-11.18
-159.95	-11.15
-159.95	-11.15
-159.95	-11.15
-160.60	-11.29
-160.60	-11.29
-160.60	-11.29
-161.26	-11.78
-161.26	-11.78
-161.26	-11.78
-161.26	-11.78
-161.26	-11.78
-161.44	-11.69
-161.44	-11.69
-162.58	-12.09
-162.58	-12.09
-162.58	-12.09
-163.35	-11.94
-163.35	-11.94
-163.35	-11.94
-163.35	-11.94
-163.88	-11.93
-163.88	-11.93
-163.88	-11.93
-164.85	-12.33
-164.85	-12.33
-164.85	-12.33
-165.99	-12.28
-165.99	-12.28
-165.99	-12.28
-165.99	-12.28
-165.99	-12.28
-166.51	-12.14
-166.51	-12.14
-166.51	-12.14
-166.46	-12.07
-166.46	-12.07
-166.45	-12.73
-166.45	-12.73
-166.45	-12.73
-166.45	-12.73
-166.18	-12.68
-166.18	-12.68
-166.18	-12.68
-165.13	-12.63
-165.13	-12.63
-165.13	-12.63
-165.13	-12.63
-163.12	-13.08
-163.12	-13.08
-163.12	-13.08
-163.12	-13.08
-162.69	-13.24
-162.69	-13.24
-162.56	-12.81
-162.56	-12.81
-162.56	-12.81
-162.56	-12.81
-162.03	-12.98
-162.03	-12.98
-162.03	-12.98
-162.03	-12.98
-161.43	-13.05
-161.43	-13.05
-161.43	-13.05
-160.87	-13.00
-160.87	-13.00
-160.87	-13.00
-160.33	-12.81
-160.33	-12.81
-160.33	-12.81
-159.40	-12.16
-159.40	-12.16
-159.40	-12.16
-159.40	-12.16
-159.11	-12.02
-159.11	-12.02
-159.11	-12.02
-158.78	-11.85
-158.78	-11.85
-158.78	-11.85
-158.78	-11.85
-158.52	-11.68
-158.52	-11.68
-158.52	-11.68
-158.36	-11.41
-158.36	-11.41
-158.36	-11.41
-158.52	-11.15
-158.52	-11.15
-158.52	-11.15
-158.52	-11.15
-156.93	-10.70
-156.93	-10.70
-156.93	-10.70
-156.66	-10.83
-156.66	-10.83
-156.66	-10.83
-157.07	-10.39
-157.07	-10.39
-157.07	-10.39
-157.07	-10.39
-156.80	-9.89
-156.80	-9.89
-156.80	-9.89
-156.26	-10.00
-156.26	-10.00
-156.26	-10.00
-156.32	-9.89
-156.32	-9.89
-156.32	-9.89
-156.32	-9.89
-156.20	-9.36
-156.20	-9.36
-156.20	-9.36
-156.14	-9.92
-156.14	-9.92
-156.14	-9.92
-155.53	-9.45
-155.53	-9.45
-155.53	-9.45
-155.53	-9.45
-144.05	-10.46
-144.05	-10.46
-144.05	-10.46
-125.90	-10.39
-125.90	-10.39
-125.90	-10.39
-115.63	-13.73
-115.63	-13.73
-115.63	-13.73
-115.63	-13.73
-108.97	-14.20
-108.97	-14.20
-108.97	-14.20
-104.03	-14.96
-104.03	-14.96
-104.03	-14.96
-104.03	-14.96
-101.15	-14.92
-101.15	-14.92
-101.15	-14.92
-100.81	-14.79
-100.81	-14.79
-100.81	-14.79
-100.91	-14.47
-100.91	-14.47
-100.91	-14.47
-100.91	-14.47
-100.49	-14.56
-100.49	-14.56
-100.49	-14.56
-100.12	-14.77
-100.12	-14.77
-100.12	-14.77
-100.12	-14.77
-100.20	-14.22
-100.20	-14.22
-100.20	-14.22
-100.75	-14.07
-100.75	-14.07
-100.75	-14.07
-100.96	-13.98
-100.96	-13.98
-100.96	-13.98
-100.96	-13.98
-100.98	-14.09
-100.98	-14.09
-100.98	-14.09
-101.44	-14.09
-101.44	-14.09
-101.44	-14.09
-102.33	-15.68
-102.33	-15.68
-102.33	-15.68
-102.33	-15.68
-103.73	-15.99
-103.73	-15.99
-103.73	-15.99
-106.23	-16.63
-106.23	-16.63
-106.23	-16.63
-110.44	-17.63
-110.44	-17.63
-110.44	-17.63
-110.44	-17.63
-112.76	-18.44
-112.76	-18.44
-112.76	-18.44
-115.43	-22.07
-115.43	-22.07
-115.43	-22.07
-115.43	-22.07
-119.53	-25.74
-119.53	-25.74
-119.53	-25.74
-124.25	-31.20
-124.25	-31.20
-124.25	-31.20
-128.54	-33.92
-128.54	-33.92
-128.54	-33.92
-128.54	-33.92
-131.90	-36.44
-131.90	-36.44
-131.90	-36.44
-135.28	-39.61
-135.28	-39.61
-135.28	-39.61
-135.83	-40.54
-135.83	-40.54
-135.83	-40.54
-135.83	-40.54
-136.99	-42.10
-136.99	-42.10
-136.99	-42.10
-138.85	-42.62
-138.85	-42.62
-138.85	-42.62
-141.91	-43.07
-141.91	-43.07
-141.91	-43.07
-141.91	-43.07
-148.25	-43.51
-148.25	-43.51
-148.25	-43.51
-154.76	-40.43
-154.76	-40.43
-154.76	-40.43
-162.00	-39.92
-162.00	-39.92
-162.00	-39.92
-162.00	-39.92
-167.33	-39.52
-167.33	-39.52
-167.33	-39.52
-169.37	-38.09
-169.37	-38.09
-169.37	-38.09
-169.37	-38.09
-171.23	-37.20
-171.23	-37.20
-171.23	-37.20
-174.22	-37.53
-174.22	-37.53
-174.22	-37.53
-173.97	-37.49
-173.97	-37.49
-173.97	-37.49
-173.97	-37.49
-173.94	-37.20
-173.94	-37.20
-173.94	-37.20
-174.04	-36.82
-174.04	-36.82
-174.04	-36.82
-173.85	-35.83
-173.85	-35.83
-173.85	-35.83
-173.85	-35.83
-173.72	-35.55
-173.72	-35.55
-173.72	-35.55
-172.86	-34.67
-172.86	-34.67
-172.86	-34.67
-171.92	-34.30
-171.92	-34.30
-171.92	-34.30
-171.92	-34.30
-171.70	-33.09
-171.70	-33.09
-171.70	-33.09
-172.01	-32.01
-172.01	-32.01
-172.01	-32.01
-173.51	-30.00
-173.51	-30.00
-173.51	-30.00
-173.51	-30.00
-174.06	-28.19
-174.06	-28.19
-174.06	-28.19
-173.26	-26.32
-173.26	-26.32
-173.26	-26.32
-171.72	-25.68
-171.72	-25.68
-171.72	-25.68
-171.72	-25.68
-170.86	-25.50
-170.86	-25.50
-170.86	-25.50
-169.73	-25.01
-169.73	-25.01
-169.73	-25.01
-169.73	-25.01
-168.12	-24.78
-168.12	-24.78
-168.12	-24.78
-167.66	-25.09
-167.66	-25.09
-167.66	-25.09
-166.22	-27.61
-166.22	-27.61
-166.22	-27.61
-166.22	-27.61
-164.90	-27.83
-164.90	-27.83
-164.90	-27.83
-164.90	-27.83
-164.16	-30.83
-164.16	-30.83
-160.30	-33.30
-160.30	-33.30
-160.30	-33.30
-160.30	-33.30
-160.30	-33.30
-157.06	-34.00
-157.06	-34.00
-156.26	-35.39
-156.26	-35.39
-156.26	-35.39
-156.32	-34.52
-156.32	-34.52
-156.32	-34.52
-156.32	-34.52
-155.33	-33.55
-155.33	-33.55
-155.33	-33.55
-157.28	-29.84
-157.28	-29.84
-157.28	-29.84
-161.81	-25.62
-161.81	-25.62
-161.81	-25.62
-161.81	-25.62
-162.35	-23.12
-162.35	-23.12
-162.35	-23.12
-162.35	-23.12
-161.36	-21.96
-161.36	-21.96
-160.42	-21.48
-160.42	-21.48
-160.42	-21.48
-160.42	-21.48
-160.13	-21.20
-160.13	-21.20
-160.13	-21.20
-160.13	-21.20
-159.33	-20.14
-159.33	-20.14
-159.33	-20.14
-159.33	-20.14
-159.05	-19.86
-159.05	-19.86
-159.48	-19.60
-159.48	-19.60
-159.48	-19.60
-159.48	-19.60
-160.30	-19.04
-160.30	-19.04
-160.30	-19.04
-160.30	-19.04
-161.00	-16.54
-161.00	-16.54
-160.79	-15.92
-160.79	-15.92
-160.79	-15.92
-160.79	-15.92
-152.03	-13.42
-152.03	-13.42
-152.03	-13.42
-152.03	-13.42
-138.36	-11.66
-138.36	-11.66
-126.36	-8.69
-126.36	-8.69
-126.36	-8.69
-126.36	-8.69
-118.24	-6.16
-118.24	-6.16
-118.24	-6.16
-118.24	-6.16
-109.59	-5.01
-109.59	-5.01
-102.21	-4.89
-102.21	-4.89
-102.21	-4.89
-102.21	-4.89
-97.15	-3.89
-97.15	-3.89
-97.15	-3.89
-97.15	-3.89
-93.28	-2.47
-93.28	-2.47
-91.93	-2.47
-91.93	-2.47
-91.93	-2.47
-91.93	-2.47
-90.79	-3.28
-90.79	-3.28
-90.79	-3.28
-90.79	-3.28
-90.58	-4.17
-90.58	-4.17
-90.66	-4.36
-90.66	-4.36
-90.66	-4.36
-90.66	-4.36
-90.61	-3.27
-90.61	-3.27
-90.61	-3.27
-90.61	-3.27
-91.22	-2.28
-91.22	-2.28
-91.90	-2.67
-91.90	-2.67
-91.90	-2.67
-91.90	-2.67
-92.34	-2.57
-92.34	-2.57
-92.34	-2.57
-92.34	-2.57
-93.72	-1.65
-93.72	-1.65
-95.89	-1.81
-95.89	-1.81
-95.89	-1.81
-95.89	-1.81
-97.77	-1.55
-97.77	-1.55
-97.77	-1.55
-97.77	-1.55
-99.51	-1.46
-99.51	-1.46
-99.51	-1.46
-101.00	-1.73
-101.00	-1.73
-101.00	-1.73
-101.00	-1.73
-101.20	-1.94
-101.20	-1.94
-101.49	-2.16
-101.49	-2.16
-101.49	-2.16
-101.49	-2.16
-102.20	-2.02
-102.20	-2.02
-102.20	-2.02
-102.20	-2.02
-102.53	-1.88
-102.53	-1.88
-103.20	-1.43
-103.20	-1.43
-103.20	-1.43
-103.20	-1.43
-104.28	-1.30
-104.28	-1.30
-104.28	-1.30
-104.28	-1.30
-104.47	-1.01
-104.47	-1.01
-104.47	-1.01
-103.48	-1.12
-103.48	-1.12
-103.48	-1.12
-103.48	-1.12
-101.91	0.55
-101.91	0.55
-98.56	1.42
-98.56	1.42
-98.56	1.42
-98.56	1.42
-91.31	-2.27
-91.31	-2.27
-91.31	-2.27
-91.31	-2.27
-77.76	-6.30
-77.76	-6.30
-72.77	-8.45
-72.77	-8.45
-72.77	-8.45
-72.77	-8.45
-67.50	-9.93
-67.50	-9.93
-67.50	-9.93
-64.12	-11.41
-64.12	-11.41
-64.12	-11.41
-64.12	-11.41
-62.32	-10.54
-62.32	-10.54
-62.32	-10.54
-62.32	-10.54
-62.25	-10.46
-62.25	-10.46
-62.24	-9.12
-62.24	-9.12
-62.24	-9.12
-62.24	-9.12
-62.22	-9.56
-62.22	-9.56
-62.22	-9.56
-62.22	-9.56
-62.70	-8.58
-62.70	-8.58
-62.73	-8.67
-62.73	-8.67
-62.73	-8.67
-63.17	-7.74
-63.17	-7.74
-63.17	-7.74
-63.17	-7.74
-64.21	-5.03
-64.21	-5.03
-64.21	-5.03
-64.21	-5.03
-65.74	-3.74
-65.74	-3.74
-67.22	-3.02
-67.22	-3.02
-67.22	-3.02
-67.22	-3.02
-68.68	-1.75
-68.68	-1.75
-68.68	-1.75
-70.02	0.23
-70.02	0.23
-70.02	0.23
-70.02	0.23
-73.00	4.74
-73.00	4.74
-73.00	4.74
-77.72	10.65
-77.72	10.65
-77.72	10.65
-83.12	18.18
-83.12	18.18
-83.12	18.18
-89.85	27.64
-89.85	27.64
-89.85	27.64
-89.85	27.64
-89.85	27.64
-94.80	31.89
-94.80	31.89
-94.80	31.89
-95.75	33.22
-95.75	33.22
-95.75	33.22
-97.92	33.13
-97.92	33.13
-97.92	33.13
-97.92	33.13
-99.25	32.88
-99.25	32.88
-99.97	32.53
-99.97	32.53
-99.97	32.53
-99.97	32.53
-100.14	33.01
-100.14	33.01
-100.14	33.01
-100.14	33.01
-100.48	32.58
-100.48	32.58
-100.48	32.58
-100.86	32.03
-100.86	32.03
-100.86	32.03
-101.46	31.64
-101.46	31.64
-101.46	31.64
-102.33	31.84
-102.33	31.84
-102.33	31.84
-102.71	31.36
-102.71	31.36
-102.71	31.36
-102.71	31.36
-102.71	31.36
-103.53	30.48
-103.53	30.48
-103.53	30.48
-104.36	29.05
-104.36	29.05
-104.36	29.05
-105.18	27.73
-105.18	27.73
-105.18	27.73
-105.76	25.37
-105.76	25.37
-105.76	25.37
-105.76	25.37
-106.00	20.49
-106.00	20.49
-106.00	20.49
-107.35	16.58
-107.35	16.58
-107.35	16.58
-107.96	12.45
-107.96	12.45
-107.96	12.45
-107.28	8.47
-107.28	8.47
-107.28	8.47
-107.28	8.47
-107.28	8.47
-105.71	4.47
-105.71	4.47
-105.71	4.47
-105.43	3.01
-105.43	3.01
-105.43	3.01
-105.52	1.98
-105.52	1.98
-105.52	1.98
-105.62	0.81
-105.62	0.81
-105.62	0.81
-105.00	0.39
-105.00	0.39
-105.00	0.39
-105.00	0.39
-105.21	0.50
-105.21	0.50
-105.21	0.50
-105.32	0.02
-105.32	0.02
-105.32	0.02
-104.98	0.08
-104.98	0.08
-104.98	0.08
-104.62	0.03
-104.62	0.03
-104.62	0.03
-104.62	0.03
-104.62	0.03
-104.38	-0.24
-104.38	-0.24
-103.63	-0.09
-103.63	-0.09
-103.63	-0.09
-103.63	-0.09
-103.63	-0.09
-103.46	-0.10
-103.46	-0.10
-103.69	0.03
-103.69	0.03
-103.69	0.03
-103.49	0.03
-103.49	0.03
-103.49	0.03
-103.49	0.03
-103.49	0.03
-103.29	-0.25
-103.29	-0.25
-103.29	-0.25
-103.37	-0.09
-103.37	-0.09
-103.37	-0.09
-103.29	0.23
-103.29	0.23
-103.29	0.23
-103.15	0.20
-103.15	0.20
-103.15	0.20
-103.15	0.20
-103.99	0.01
-103.99	0.01
-105.04	1.25
-105.04	1.25
-105.04	1.25
-105.04	1.25
-106.42	2.80
-106.42	2.80
-106.42	2.80
-106.42	2.80
-108.39	2.12
-108.39	2.12
-108.39	2.12
-109.11	3.54
-109.11	3.54
-109.11	3.54
-110.46	6.87
-110.46	6.87
-110.46	6.87
-110.46	6.87
-112.38	10.06
-112.38	10.06
-112.38	10.06
-112.38	10.06
-114.97	11.30
-114.97	11.30
-117.02	12.49
-117.02	12.49
-117.02	12.49
-117.02	12.49
-117.73	13.45
-117.73	13.45
-117.73	13.45
-119.53	12.48
-119.53	12.48
-119.53	12.48
-120.76	12.81
-120.76	12.81
-120.76	12.81
-120.76	12.81
-120.74	11.31
-120.74	11.31
-120.74	11.31
-120.74	11.31
-120.80	9.67
-120.80	9.67
-120.80	9.67
-122.14	8.13
-122.14	8.13
-122.14	8.13
-123.82	7.46
-123.82	7.46
-123.82	7.46
-123.65	7.18
-123.65	7.18
-123.65	7.18
-123.65	7.18
-122.84	6.70
-122.84	6.70
-122.84	6.70
-122.84	6.70
-118.93	5.56
-118.93	5.56
-116.27	4.26
-116.27	4.26
-116.27	4.26
-116.27	4.26
-113.95	3.04
-113.95	3.04
-113.95	3.04
-112.12	2.39
-112.12	2.39
-112.12	2.39
-110.99	1.68
-110.99	1.68
-110.99	1.68
-110.99	1.68
-110.30	1.91
-110.30	1.91
-110.30	1.91
-109.81	1.99
-109.81	1.99
-109.81	1.99
-109.81	1.99
-109.55	2.18
-109.55	2.18
-109.55	2.18
-109.30	2.10
-109.30	2.10
-109.30	2.10
-109.18	1.69
-109.18	1.69
-109.18	1.69
-109.18	1.69
-108.80	1.88
-108.80	1.88
-108.80	1.88
-108.32	1.37
-108.32	1.37
-108.32	1.37
-107.77	1.34
-107.77	1.34
-107.77	1.34
-107.77	1.34
-108.12	1.20
-108.12	1.20
-108.12	1.20
-108.39	0.97
-108.39	0.97
-108.39	0.97
-108.39	0.97
-107.53	0.78
-107.53	0.78
-107.53	0.78
-105.59	0.18
-105.59	0.18
-105.59	0.18
-104.55	0.17
-104.55	0.17
-104.55	0.17
-104.55	0.17
-104.22	0.01
-104.22	0.01
-104.22	0.01
-103.82	-0.02
-103.82	-0.02
-103.82	-0.02
-102.94	0.26
-102.94	0.26
-102.94	0.26
-102.94	0.26
-103.64	1.22
-103.64	1.22
-103.64	1.22
-105.93	2.07
-105.93	2.07
-105.93	2.07
-109.36	3.52
-109.36	3.52
-109.36	3.52
-109.36	3.52
-112.67	5.80
-112.67	5.80
-112.67	5.80
-114.69	8.17
-114.69	8.17
-114.69	8.17
-114.69	8.17
-116.89	9.59
-116.89	9.59
-116.89	9.59
-119.44	11.17
-119.44	11.17
-119.44	11.17
-124.97	11.79
-124.97	11.79
-124.97	11.79
-124.97	11.79
-128.59	12.10
-128.59	12.10
-128.59	12.10
-129.57	12.53
-129.57	12.53
-129.57	12.53
-133.64	16.40
-133.64	16.40
-133.64	16.40
-133.64	16.40
-136.26	21.57
-136.26	21.57
-136.26	21.57
-136.88	27.90
-136.88	27.90
-136.88	27.90
-136.54	30.47
-136.54	30.47
-136.54	30.47
-136.54	30.47
-134.60	34.35
-134.60	34.35
-134.60	34.35
-134.21	36.60
-134.21	36.60
-134.21	36.60
-134.21	36.60
-133.39	37.55
-133.39	37.55
-133.39	37.55
-132.97	38.22
-132.97	38.22
-132.97	38.22
-132.74	38.38
-132.74	38.38
-132.74	38.38
-132.74	38.38
-131.89	39.16
-131.89	39.16
-131.89	39.16
-132.22	40.25
-132.22	40.25
-132.22	40.25
-131.79	41.09
-131.79	41.09
-131.79	41.09
-131.79	41.09
-132.40	40.78
-132.40	40.78
-132.40	40.78
-132.30	40.64
-132.30	40.64
-132.30	40.64
-132.43	40.47
-132.43	40.47
-132.43	40.47
-132.43	40.47
-132.78	39.96
-132.78	39.96
-132.78	39.96
-132.31	39.80
-132.31	39.80
-132.31	39.80
-132.31	39.80
-133.19	39.66
-133.19	39.66
-133.19	39.66
-134.91	39.64
-134.91	39.64
-134.91	39.64
-138.91	39.49
-138.91	39.49
-138.91	39.49
-138.91	39.49
-144.46	39.03
-144.46	39.03
-144.46	39.03
-148.23	38.52
-148.23	38.52
-148.23	38.52
-150.43	37.90
-150.43	37.90
-150.43	37.90
-150.43	37.90
-153.24	37.13
-153.24	37.13
-153.24	37.13
-156.11	35.94
-156.11	35.94
-156.11	35.94
-157.31	35.46
-157.31	35.46
-157.31	35.46
-157.31	35.46
-158.24	34.69
-158.24	34.69
-158.24	34.69
-159.96	33.82
-159.96	33.82
-159.96	33.82
-159.96	33.82
-161.16	32.82
-161.16	32.82
-161.16	32.82
-161.30	32.10
-161.30	32.10
-161.30	32.10
-162.30	30.79
-162.30	30.79
-162.30	30.79
-162.30	30.79
-163.19	29.15
-163.19	29.15
-163.19	29.15
-162.93	28.28
-162.93	28.28
-162.93	28.28
-165.20	25.41
-165.20	25.41
-165.20	25.41
-165.20	25.41
-167.42	22.73
-167.42	22.73
-167.42	22.73
-169.50	20.14
-169.50	20.14
-169.50	20.14
-171.34	17.25
-171.34	17.25
-171.34	17.25
-171.34	17.25
-173.63	14.77
-173.63	14.77
-173.63	14.77
-176.15	11.80
-176.15	11.80
-176.15	11.80
-176.15	11.80
179.45	8.85
179.45	8.85
179.45	8.85
175.83	6.46
175.83	6.46
175.83	6.46
173.02	5.10
173.02	5.10
173.02	5.10
173.02	5.10
169.25	3.81
169.25	3.81
169.25	3.81
166.85	2.75
166.85	2.75
166.85	2.75
163.38	1.41
163.38	1.41
163.38	1.41
163.38	1.41
160.72	0.81
160.72	0.81
160.72	0.81
159.31	-0.04
159.31	-0.04
159.31	-0.04
159.15	-0.43
159.15	-0.43
159.15	-0.43
159.15	-0.43
159.70	-0.84
159.70	-0.84
159.70	-0.84
160.87	-1.31
160.87	-1.31
160.87	-1.31
162.75	-1.28
162.75	-1.28
