7.36	-4.58
6.91	-3.92
6.91	-3.92
6.91	-3.92
6.91	-3.92
6.91	-3.92
7.51	-3.73
7.51	-3.73
7.51	-3.73
7.51	-3.73
7.51	-3.73
7.25	-3.36
7.25	-3.36
7.25	-3.36
7.25	-3.36
7.25	-3.36
7.45	-3.55
7.45	-3.55
7.45	-3.55
7.45	-3.55
7.45	-3.55
7.62	-4.10
7.62	-4.10
7.62	-4.10
7.62	-4.10
7.62	-4.10
7.72	-4.67
7.72	-4.67
7.72	-4.67
7.72	-4.67
7.72	-4.67
7.32	-2.29
7.32	-2.29
7.32	-2.29
7.32	-2.29
7.32	-2.29
5.55	3.57
5.55	3.57
5.55	3.57
5.55	3.57
5.55	3.57
3.60	9.93
3.60	9.93
3.60	9.93
3.60	9.93
3.60	9.93
1.36	15.26
1.36	15.26
1.36	15.26
1.36	15.26
1.36	15.26
-0.35	20.35
-0.35	20.35
-0.35	20.35
-0.35	20.35
-0.35	20.35
-1.23	25.43
-1.23	25.43
-1.23	25.43
-1.23	25.43
-1.23	25.43
-1.94	30.43
-1.94	30.43
-1.94	30.43
-1.94	30.43
-1.94	30.43
-1.91	33.95
-1.91	33.95
-1.91	33.95
-1.91	33.95
-1.91	33.95
-1.06	35.52
-1.06	35.52
-1.06	35.52
-1.06	35.52
-1.06	35.52
-1.06	35.52
0.15	34.75
0.15	34.75
0.15	34.75
0.15	34.75
0.15	34.75
1.67	34.58
1.67	34.58
1.67	34.58
1.67	34.58
1.67	34.58
4.37	31.20
4.37	31.20
4.37	31.20
4.37	31.20
4.37	31.20
11.55	28.64
11.55	28.64
11.55	28.64
11.55	28.64
11.55	28.64
23.54	25.03
23.54	25.03
23.54	25.03
23.54	25.03
23.54	25.03
39.06	25.90
39.06	25.90
39.06	25.90
39.06	25.90
39.06	25.90
56.78	28.15
56.78	28.15
56.78	28.15
56.78	28.15
56.78	28.15
69.17	30.68
69.17	30.68
69.17	30.68
69.17	30.68
69.17	30.68
76.60	33.39
76.60	33.39
76.60	33.39
76.60	33.39
76.60	33.39
79.72	35.12
79.72	35.12
79.72	35.12
79.72	35.12
79.72	35.12
78.78	35.95
78.78	35.95
78.78	35.95
78.78	35.95
78.78	35.95
75.97	36.57
75.97	36.57
75.97	36.57
75.97	36.57
75.97	36.57
68.97	37.50
68.97	37.50
68.97	37.50
68.97	37.50
68.97	37.50
52.17	41.03
52.17	41.03
52.17	41.03
52.17	41.03
52.17	41.03
32.09	44.18
32.09	44.18
32.09	44.18
32.09	44.18
32.09	44.18
13.22	44.96
13.22	44.96
13.22	44.96
13.22	44.96
13.22	44.96
-7.31	45.63
-7.31	45.63
-7.31	45.63
-7.31	45.63
-7.31	45.63
-31.26	43.39
-31.26	43.39
-31.26	43.39
-31.26	43.39
-31.26	43.39
-55.00	39.74
-55.00	39.74
-55.00	39.74
-55.00	39.74
-55.00	39.74
-67.51	37.55
-67.51	37.55
-67.51	37.55
-67.51	37.55
-67.51	37.55
-72.83	35.41
-72.83	35.41
-72.83	35.41
-72.83	35.41
-72.83	35.41
-71.95	33.68
-71.95	33.68
-71.95	33.68
-71.95	33.68
-71.95	33.68
-67.85	28.31
-67.85	28.31
-67.85	28.31
-67.85	28.31
-67.85	28.31
-61.18	13.76
-61.18	13.76
-61.18	13.76
-61.18	13.76
-61.18	13.76
-58.12	0.55
-58.12	0.55
-58.12	0.55
-58.12	0.55
-58.12	0.55
-58.12	0.55
-55.85	-9.05
-55.85	-9.05
-55.85	-9.05
-55.85	-9.05
-53.20	-16.06
-53.20	-16.06
-53.20	-16.06
-53.20	-16.06
-53.20	-16.06
-48.00	-18.97
-48.00	-18.97
-48.00	-18.97
-48.00	-18.97
-48.00	-18.97
-40.44	-19.71
-40.44	-19.71
-40.44	-19.71
-40.44	-19.71
-40.44	-19.71
-26.57	-21.11
-26.57	-21.11
-26.57	-21.11
-26.57	-21.11
-26.57	-21.11
-8.88	-22.67
-8.88	-22.67
-8.88	-22.67
-8.88	-22.67
-8.88	-22.67
8.39	-23.28
8.39	-23.28
8.39	-23.28
8.39	-23.28
8.39	-23.28
24.40	-22.70
24.40	-22.70
24.40	-22.70
24.40	-22.70
24.40	-22.70
39.61	-20.38
39.61	-20.38
39.61	-20.38
39.61	-20.38
39.61	-20.38
50.39	-17.64
50.39	-17.64
50.39	-17.64
50.39	-17.64
50.39	-17.64
49.36	-15.13
49.36	-15.13
49.36	-15.13
49.36	-15.13
49.36	-15.13
39.94	-10.40
39.94	-10.40
39.94	-10.40
39.94	-10.40
39.94	-10.40
26.20	-5.82
26.20	-5.82
26.20	-5.82
26.20	-5.82
26.20	-5.82
18.23	-0.85
18.23	-0.85
18.23	-0.85
18.23	-0.85
18.23	-0.85
20.75	2.63
20.75	2.63
20.75	2.63
20.75	2.63
20.75	2.63
24.70	7.16
24.70	7.16
24.70	7.16
24.70	7.16
24.70	7.16
19.16	10.76
19.16	10.76
19.16	10.76
19.16	10.76
19.16	10.76
16.09	13.59
16.09	13.59
16.09	13.59
16.09	13.59
16.09	13.59
7.67	14.59
7.67	14.59
7.67	14.59
7.67	14.59
7.67	14.59
5.34	14.18
5.34	14.18
5.34	14.18
5.34	14.18
5.34	14.18
5.32	13.48
5.32	13.48
5.32	13.48
5.32	13.48
5.32	13.48
5.29	13.43
5.29	13.43
5.29	13.43
5.29	13.43
5.29	13.43
6.29	12.96
6.29	12.96
6.29	12.96
6.29	12.96
6.29	12.96
6.58	12.79
6.58	12.79
6.58	12.79
6.58	12.79
6.58	12.79
7.51	12.78
7.51	12.78
7.51	12.78
7.51	12.78
7.51	12.78
7.79	12.19
7.79	12.19
7.79	12.19
7.79	12.19
7.79	12.19
8.18	11.86
8.18	11.86
8.18	11.86
8.18	11.86
8.18	11.86
8.56	11.78
8.56	11.78
8.56	11.78
8.56	11.78
8.56	11.78
8.30	11.65
8.30	11.65
8.30	11.65
8.30	11.65
8.30	11.65
7.48	12.13
7.48	12.13
7.48	12.13
7.48	12.13
7.48	12.13
5.25	13.41
5.25	13.41
5.25	13.41
5.25	13.41
5.25	13.41
2.93	15.02
2.93	15.02
2.93	15.02
2.93	15.02
2.93	15.02
0.22	16.86
0.22	16.86
0.22	16.86
0.22	16.86
0.22	16.86
0.22	16.86
-3.26	18.96
-3.26	18.96
-3.26	18.96
-3.26	18.96
-6.34	19.63
-6.34	19.63
-6.34	19.63
-6.34	19.63
-6.34	19.63
-7.79	19.40
-7.79	19.40
-7.79	19.40
-7.79	19.40
-7.79	19.40
-7.59	19.72
-7.59	19.72
-7.59	19.72
-7.59	19.72
-7.59	19.72
-7.19	19.37
-7.19	19.37
-7.19	19.37
-7.19	19.37
-7.19	19.37
-3.28	19.08
-3.28	19.08
-3.28	19.08
-3.28	19.08
-3.28	19.08
0.75	18.72
0.75	18.72
0.75	18.72
0.75	18.72
0.75	18.72
5.56	18.52
5.56	18.52
5.56	18.52
5.56	18.52
5.56	18.52
9.48	19.63
9.48	19.63
9.48	19.63
9.48	19.63
9.48	19.63
11.22	20.90
11.22	20.90
11.22	20.90
11.22	20.90
11.22	20.90
11.22	20.90
9.92	21.29
9.92	21.29
9.92	21.29
9.92	21.29
7.27	21.91
7.27	21.91
7.27	21.91
7.27	21.91
7.27	21.91
7.27	21.91
3.13	22.21
3.13	22.21
3.13	22.21
3.13	22.21
0.67	22.09
0.67	22.09
0.67	22.09
0.67	22.09
0.67	22.09
0.67	22.09
-0.86	22.39
-0.86	22.39
-0.86	22.39
-0.86	22.39
-0.86	22.39
-0.86	22.39
-1.47	20.26
-1.47	20.26
-1.47	20.26
-1.47	20.26
-2.18	19.60
-2.18	19.60
-2.18	19.60
-2.18	19.60
-2.18	19.60
-2.18	19.60
-3.32	18.59
-3.32	18.59
-3.32	18.59
-3.32	18.59
-8.60	17.76
-8.60	17.76
-8.60	17.76
-8.60	17.76
-8.60	17.76
-8.60	17.76
-10.58	17.48
-10.58	17.48
-10.58	17.48
-10.58	17.48
-12.58	18.83
-12.58	18.83
-12.58	18.83
-12.58	18.83
-12.58	18.83
-12.58	18.83
-12.81	18.82
-12.81	18.82
-12.81	18.82
-12.81	18.82
-11.48	18.22
-11.48	18.22
-11.48	18.22
-11.48	18.22
-11.48	18.22
-11.48	18.22
-7.10	17.76
-7.10	17.76
-7.10	17.76
-7.10	17.76
-2.22	17.09
-2.22	17.09
-2.22	17.09
-2.22	17.09
-2.22	17.09
-2.22	17.09
1.62	16.99
1.62	16.99
1.62	16.99
1.62	16.99
3.52	16.61
3.52	16.61
3.52	16.61
3.52	16.61
3.52	16.61
3.52	16.61
3.50	16.44
3.50	16.44
3.50	16.44
3.50	16.44
3.31	15.71
3.31	15.71
3.31	15.71
3.31	15.71
3.31	15.71
1.69	15.15
1.69	15.15
1.69	15.15
1.69	15.15
1.69	15.15
1.69	15.15
-0.65	14.91
-0.65	14.91
-0.65	14.91
-0.65	14.91
-0.65	14.91
-2.18	14.15
-2.18	14.15
-2.18	14.15
-2.18	14.15
-2.18	14.15
-2.03	13.72
-2.03	13.72
-2.03	13.72
-2.03	13.72
-1.11	12.42
-1.11	12.42
-1.11	12.42
-1.11	12.42
-1.11	12.42
-0.32	6.98
-0.32	6.98
-0.32	6.98
-0.32	6.98
1.37	2.38
1.37	2.38
1.37	2.38
1.37	2.38
1.37	2.38
1.37	2.38
2.58	0.78
2.58	0.78
2.58	0.78
2.58	0.78
3.81	0.94
3.81	0.94
3.81	0.94
3.81	0.94
3.81	0.94
3.81	0.94
3.96	2.08
3.96	2.08
3.96	2.08
3.96	2.08
3.96	2.08
3.32	4.85
3.32	4.85
3.32	4.85
3.32	4.85
3.32	4.85
1.83	6.05
1.83	6.05
1.83	6.05
1.83	6.05
0.31	7.91
0.31	7.91
0.31	7.91
0.31	7.91
0.31	7.91
-0.65	8.59
-0.65	8.59
-0.65	8.59
-0.65	8.59
-0.65	8.59
-0.65	8.59
-0.25	9.51
-0.25	9.51
-0.25	9.51
-0.25	9.51
-0.25	9.51
1.37	10.21
1.37	10.21
1.37	10.21
1.37	10.21
2.39	10.91
2.39	10.91
2.39	10.91
2.39	10.91
2.39	10.91
3.79	11.67
3.79	11.67
3.79	11.67
3.79	11.67
3.79	11.67
3.79	11.67
4.44	11.66
4.44	11.66
4.44	11.66
4.44	11.66
5.29	11.04
5.29	11.04
5.29	11.04
5.29	11.04
5.29	11.04
7.63	1.68
7.63	1.68
7.63	1.68
7.63	1.68
7.63	1.68
7.63	1.68
28.16	-0.44
28.16	-0.44
28.16	-0.44
28.16	-0.44
28.16	-0.44
50.74	2.29
50.74	2.29
50.74	2.29
50.74	2.29
61.35	2.61
61.35	2.61
61.35	2.61
61.35	2.61
61.35	2.61
61.35	2.61
67.65	3.24
67.65	3.24
67.65	3.24
67.65	3.24
67.65	3.24
70.90	3.75
70.90	3.75
70.90	3.75
70.90	3.75
73.42	4.89
73.42	4.89
73.42	4.89
73.42	4.89
73.42	4.89
73.42	4.89
74.15	5.82
74.15	5.82
74.15	5.82
74.15	5.82
74.15	5.82
74.23	6.14
74.23	6.14
74.23	6.14
74.23	6.14
74.73	6.05
74.73	6.05
74.73	6.05
74.73	6.05
74.73	6.05
74.98	5.27
74.98	5.27
74.98	5.27
74.98	5.27
74.98	5.27
74.61	4.11
74.61	4.11
74.61	4.11
74.61	4.11
74.61	4.11
74.61	4.11
75.53	1.01
75.53	1.01
75.53	1.01
75.53	1.01
80.44	-4.86
80.44	-4.86
80.44	-4.86
80.44	-4.86
80.44	-4.86
88.88	-7.22
88.88	-7.22
88.88	-7.22
88.88	-7.22
88.88	-7.22
88.88	-7.22
95.39	-8.20
95.39	-8.20
95.39	-8.20
95.39	-8.20
95.39	-8.20
97.88	-7.92
97.88	-7.92
97.88	-7.92
97.88	-7.92
97.88	-7.92
97.85	-6.96
97.85	-6.96
97.85	-6.96
97.85	-6.96
97.85	-6.96
90.70	-4.89
90.70	-4.89
90.70	-4.89
90.70	-4.89
90.70	-4.89
75.73	-2.87
75.73	-2.87
75.73	-2.87
75.73	-2.87
75.73	-2.87
57.44	-1.87
57.44	-1.87
57.44	-1.87
57.44	-1.87
57.44	-1.87
40.28	-1.73
40.28	-1.73
40.28	-1.73
40.28	-1.73
40.28	-1.73
26.00	-1.44
26.00	-1.44
26.00	-1.44
26.00	-1.44
26.00	-1.44
15.08	-0.56
15.08	-0.56
15.08	-0.56
15.08	-0.56
15.08	-0.56
7.35	0.12
7.35	0.12
7.35	0.12
7.35	0.12
7.35	0.12
1.26	1.53
1.26	1.53
1.26	1.53
1.26	1.53
1.26	1.53
-2.76	3.52
-2.76	3.52
-2.76	3.52
-2.76	3.52
-2.76	3.52
-5.90	4.66
-5.90	4.66
-5.90	4.66
-5.90	4.66
-9.00	5.11
-9.00	5.11
-9.00	5.11
-9.00	5.11
-9.00	5.11
-10.26	5.53
-10.26	5.53
-10.26	5.53
-10.26	5.53
-10.26	5.53
-10.25	5.34
-10.25	5.34
-10.25	5.34
-10.25	5.34
-10.25	5.34
-10.63	4.99
-10.63	4.99
-10.63	4.99
-10.63	4.99
-10.63	4.99
-11.70	4.82
-11.70	4.82
-11.70	4.82
-11.70	4.82
-11.70	4.82
-14.38	3.63
-14.38	3.63
-14.38	3.63
-14.38	3.63
-14.38	3.63
-17.47	7.62
-17.47	7.62
-17.47	7.62
-17.47	7.62
-17.47	7.62
-22.22	5.74
-22.22	5.74
-22.22	5.74
-22.22	5.74
-22.22	5.74
-28.55	4.10
-28.55	4.10
-28.55	4.10
-28.55	4.10
-28.55	4.10
-36.08	0.77
-36.08	0.77
-36.08	0.77
-36.08	0.77
-36.08	0.77
-38.93	-3.05
-38.93	-3.05
-38.93	-3.05
-38.93	-3.05
-38.93	-3.05
-40.08	-2.12
-40.08	-2.12
-40.08	-2.12
-40.08	-2.12
-40.08	-2.12
-42.03	-3.80
-42.03	-3.80
-42.03	-3.80
-42.03	-3.80
-42.03	-3.80
-45.59	-4.25
-45.59	-4.25
-45.59	-4.25
-45.59	-4.25
-45.59	-4.25
-50.56	-4.65
-50.56	-4.65
-50.56	-4.65
-50.56	-4.65
-50.56	-4.65
-51.40	-5.25
-51.40	-5.25
-51.40	-5.25
-51.40	-5.25
-51.40	-5.25
-50.90	-4.84
-50.90	-4.84
-50.90	-4.84
-50.90	-4.84
-50.90	-4.84
-47.82	-2.96
-47.82	-2.96
-47.82	-2.96
-47.82	-2.96
-47.82	-2.96
-42.32	-2.10
-42.32	-2.10
-42.32	-2.10
-42.32	-2.10
-42.32	-2.10
-33.13	-0.13
-33.13	-0.13
-33.13	-0.13
-33.13	-0.13
-33.13	-0.13
-22.81	0.83
-22.81	0.83
-22.81	0.83
-22.81	0.83
-22.81	0.83
-14.19	1.49
-14.19	1.49
-14.19	1.49
-14.19	1.49
-14.19	1.49
-4.81	3.34
-4.81	3.34
-4.81	3.34
-4.81	3.34
-4.81	3.34
1.74	4.34
1.74	4.34
1.74	4.34
1.74	4.34
1.74	4.34
6.89	4.83
6.89	4.83
6.89	4.83
6.89	4.83
6.89	4.83
11.70	4.98
11.70	4.98
11.70	4.98
11.70	4.98
11.70	4.98
13.88	2.91
13.88	2.91
13.88	2.91
13.88	2.91
13.88	2.91
13.88	2.91
13.72	2.64
13.72	2.64
13.72	2.64
13.72	2.64
12.22	3.55
12.22	3.55
12.22	3.55
12.22	3.55
12.22	3.55
10.62	4.28
10.62	4.28
10.62	4.28
10.62	4.28
10.62	4.28
9.10	5.71
9.10	5.71
9.10	5.71
9.10	5.71
9.10	5.71
10.38	7.14
10.38	7.14
10.38	7.14
10.38	7.14
10.38	7.14
11.43	9.07
11.43	9.07
11.43	9.07
11.43	9.07
11.43	9.07
11.43	9.07
12.22	10.60
12.22	10.60
12.22	10.60
12.22	10.60
11.27	13.67
11.27	13.67
11.27	13.67
11.27	13.67
11.27	13.67
6.83	17.55
6.83	17.55
6.83	17.55
6.83	17.55
6.83	17.55
1.56	19.85
1.56	19.85
1.56	19.85
1.56	19.85
1.56	19.85
-3.16	20.76
-3.16	20.76
-3.16	20.76
-3.16	20.76
-3.16	20.76
-8.50	21.07
-8.50	21.07
-8.50	21.07
-8.50	21.07
-8.50	21.07
-8.50	21.07
-11.98	21.55
-11.98	21.55
-11.98	21.55
-11.98	21.55
-13.43	21.73
-13.43	21.73
-13.43	21.73
-13.43	21.73
-13.43	21.73
-13.43	21.73
-14.16	21.15
-14.16	21.15
-14.16	21.15
-14.16	21.15
-14.16	21.15
-12.85	19.93
-12.85	19.93
-12.85	19.93
-12.85	19.93
-10.62	18.14
-10.62	18.14
-10.62	18.14
-10.62	18.14
-10.62	18.14
-7.67	15.03
-7.67	15.03
-7.67	15.03
-7.67	15.03
-7.67	15.03
-7.67	15.03
-3.95	10.87
-3.95	10.87
-3.95	10.87
-3.95	10.87
-3.95	10.87
-0.90	8.24
-0.90	8.24
-0.90	8.24
-0.90	8.24
2.73	5.90
2.73	5.90
2.73	5.90
2.73	5.90
2.73	5.90
4.48	4.51
4.48	4.51
4.48	4.51
4.48	4.51
4.48	4.51
4.80	4.79
4.80	4.79
4.80	4.79
4.80	4.79
4.80	4.79
5.65	4.88
5.65	4.88
5.65	4.88
5.65	4.88
5.65	4.88
4.81	5.08
4.81	5.08
4.81	5.08
4.81	5.08
4.81	5.08
4.81	5.08
4.36	4.87
4.36	4.87
4.36	4.87
4.36	4.87
3.25	4.86
3.25	4.86
3.25	4.86
3.25	4.86
3.25	4.86
3.25	4.86
2.10	5.49
2.10	5.49
2.10	5.49
2.10	5.49
1.20	5.90
1.20	5.90
1.20	5.90
1.20	5.90
1.20	5.90
1.20	5.90
0.47	6.68
0.47	6.68
0.47	6.68
0.47	6.68
-0.75	8.13
-0.75	8.13
-0.75	8.13
-0.75	8.13
-0.75	8.13
-0.75	8.13
-1.99	9.87
-1.99	9.87
-1.99	9.87
-1.99	9.87
-2.83	12.16
-2.83	12.16
-2.83	12.16
-2.83	12.16
-2.83	12.16
-2.83	12.16
-3.48	16.56
-3.48	16.56
-3.48	16.56
-3.48	16.56
-3.92	20.64
-3.92	20.64
-3.92	20.64
-3.92	20.64
-3.92	20.64
-3.92	20.64
-4.07	23.05
-4.07	23.05
-4.07	23.05
-4.07	23.05
-3.90	24.40
-3.90	24.40
-3.90	24.40
-3.90	24.40
-3.90	24.40
-3.90	24.40
-3.94	24.68
-3.94	24.68
-3.94	24.68
-3.94	24.68
-3.50	24.86
-3.50	24.86
-3.50	24.86
-3.50	24.86
-3.50	24.86
-3.50	24.86
-3.45	24.34
-3.45	24.34
-3.45	24.34
-3.45	24.34
-3.20	24.05
-3.20	24.05
-3.20	24.05
-3.20	24.05
-3.20	24.05
-3.20	24.05
-2.82	24.18
-2.82	24.18
-2.82	24.18
-2.82	24.18
-2.82	24.18
-2.48	23.42
-2.48	23.42
-2.48	23.42
-2.48	23.42
-2.33	23.53
-2.33	23.53
-2.33	23.53
-2.33	23.53
-2.33	23.53
-1.75	23.06
-1.75	23.06
-1.75	23.06
-1.75	23.06
-1.75	23.06
-1.48	22.52
-1.48	22.52
-1.48	22.52
-1.48	22.52
-1.48	22.52
-1.48	22.52
-1.46	21.92
-1.46	21.92
-1.46	21.92
-1.46	21.92
-1.47	21.29
-1.47	21.29
-1.47	21.29
-1.47	21.29
-1.47	21.29
-1.47	21.29
-1.51	20.91
-1.51	20.91
-1.51	20.91
-1.51	20.91
-1.54	20.40
-1.54	20.40
-1.54	20.40
-1.54	20.40
-1.54	20.40
-1.54	20.40
-1.46	20.22
-1.46	20.22
-1.46	20.22
-1.46	20.22
-1.32	20.06
-1.32	20.06
-1.32	20.06
-1.32	20.06
-1.32	20.06
-0.77	20.14
-0.77	20.14
-0.77	20.14
-0.77	20.14
-0.77	20.14
-1.31	18.68
-1.31	18.68
-1.31	18.68
-1.31	18.68
-1.31	18.68
-1.19	18.80
-1.19	18.80
-1.19	18.80
-1.19	18.80
-1.19	18.80
-1.19	18.80
-1.17	17.88
-1.17	17.88
-1.17	17.88
-1.17	17.88
-1.17	17.88
-1.35	17.33
-1.35	17.33
-1.35	17.33
-1.35	17.33
-1.00	16.67
-1.00	16.67
-1.00	16.67
-1.00	16.67
-1.00	16.67
-1.00	16.67
-0.69	16.20
-0.69	16.20
-0.69	16.20
-0.69	16.20
-0.19	16.09
-0.19	16.09
-0.19	16.09
-0.19	16.09
-0.19	16.09
-0.19	16.09
-0.07	16.51
-0.07	16.51
-0.07	16.51
-0.07	16.51
0.36	16.28
0.36	16.28
0.36	16.28
0.36	16.28
0.36	16.28
0.36	16.28
0.61	17.08
0.61	17.08
0.61	17.08
0.61	17.08
1.53	17.01
1.53	17.01
1.53	17.01
1.53	17.01
1.53	17.01
1.53	17.01
4.21	16.26
4.21	16.26
4.21	16.26
4.21	16.26
4.21	16.26
6.37	15.59
6.37	15.59
6.37	15.59
6.37	15.59
8.31	15.11
8.31	15.11
8.31	15.11
8.31	15.11
8.31	15.11
8.31	15.11
8.44	14.75
8.44	14.75
8.44	14.75
8.44	14.75
8.44	14.75
5.75	14.63
5.75	14.63
5.75	14.63
5.75	14.63
5.75	14.63
0.60	14.25
0.60	14.25
0.60	14.25
0.60	14.25
-7.66	14.41
-7.66	14.41
-7.66	14.41
-7.66	14.41
-7.66	14.41
-7.66	14.41
-13.63	15.64
-13.63	15.64
-13.63	15.64
-13.63	15.64
-13.63	15.64
-17.23	16.96
-17.23	16.96
-17.23	16.96
-17.23	16.96
-19.93	18.20
-19.93	18.20
-19.93	18.20
-19.93	18.20
-19.93	18.20
-19.93	18.20
-19.29	19.06
-19.29	19.06
-19.29	19.06
-19.29	19.06
-19.29	19.06
-17.53	20.22
-17.53	20.22
-17.53	20.22
-17.53	20.22
-14.87	21.36
-14.87	21.36
-14.87	21.36
-14.87	21.36
-14.87	21.36
-11.26	22.72
-11.26	22.72
-11.26	22.72
-11.26	22.72
-11.26	22.72
-11.26	22.72
-6.19	23.16
-6.19	23.16
-6.19	23.16
-6.19	23.16
-0.18	24.24
-0.18	24.24
-0.18	24.24
-0.18	24.24
-0.18	24.24
3.74	24.58
3.74	24.58
3.74	24.58
3.74	24.58
3.74	24.58
3.74	24.58
6.79	25.05
6.79	25.05
6.79	25.05
6.79	25.05
10.30	25.81
10.30	25.81
10.30	25.81
10.30	25.81
10.30	25.81
14.77	25.90
14.77	25.90
14.77	25.90
14.77	25.90
14.77	25.90
14.77	25.90
19.08	26.69
19.08	26.69
19.08	26.69
19.08	26.69
22.57	27.50
22.57	27.50
22.57	27.50
22.57	27.50
22.57	27.50
22.63	26.69
22.63	26.69
22.63	26.69
22.63	26.69
22.63	26.69
22.63	26.69
20.69	27.18
20.69	27.18
20.69	27.18
20.69	27.18
20.69	27.18
12.67	26.48
12.67	26.48
12.67	26.48
12.67	26.48
12.67	26.48
1.25	25.46
1.25	25.46
1.25	25.46
1.25	25.46
1.25	25.46
-8.78	25.08
-8.78	25.08
-8.78	25.08
-8.78	25.08
-8.78	25.08
-14.47	25.69
-14.47	25.69
-14.47	25.69
-14.47	25.69
-14.47	25.69
-19.46	26.92
-19.46	26.92
-19.46	26.92
-19.46	26.92
-19.46	26.92
-20.78	28.28
-20.78	28.28
-20.78	28.28
-20.78	28.28
-20.78	28.28
-21.82	29.72
-21.82	29.72
-21.82	29.72
-21.82	29.72
-21.82	29.72
-24.21	31.81
-24.21	31.81
-24.21	31.81
-24.21	31.81
-24.21	31.81
-27.32	34.30
-27.32	34.30
-27.32	34.30
-27.32	34.30
-27.32	34.30
-29.96	36.80
-29.96	36.80
-29.96	36.80
-29.96	36.80
-29.96	36.80
-30.12	38.18
-30.12	38.18
-30.12	38.18
-30.12	38.18
-30.12	38.18
-29.67	38.96
-29.67	38.96
-29.67	38.96
-29.67	38.96
-29.67	38.96
-29.30	39.19
-29.30	39.19
-29.30	39.19
-29.30	39.19
-29.30	39.19
-30.16	40.02
-30.16	40.02
-30.16	40.02
-30.16	40.02
-30.16	40.02
-31.74	40.51
-31.74	40.51
-31.74	40.51
-31.74	40.51
-31.74	40.51
-35.38	41.08
-35.38	41.08
-35.38	41.08
-35.38	41.08
-35.38	41.08
-45.81	40.74
-45.81	40.74
-45.81	40.74
-45.81	40.74
-45.81	40.74
-59.58	39.62
-59.58	39.62
-59.58	39.62
-59.58	39.62
-59.58	39.62
-69.59	39.67
-69.59	39.67
-69.59	39.67
-69.59	39.67
-69.59	39.67
-79.21	39.61
-79.21	39.61
-79.21	39.61
-79.21	39.61
-79.21	39.61
-87.26	38.14
-87.26	38.14
-87.26	38.14
-87.26	38.14
-87.26	38.14
-95.18	32.97
-95.18	32.97
-95.18	32.97
-95.18	32.97
-95.18	32.97
-102.58	26.35
-102.58	26.35
-102.58	26.35
-102.58	26.35
-102.58	26.35
-106.32	17.87
-106.32	17.87
-106.32	17.87
-106.32	17.87
-106.32	17.87
-103.60	7.07
-103.60	7.07
-103.60	7.07
-103.60	7.07
-103.60	7.07
-86.19	1.45
-86.19	1.45
-86.19	1.45
-86.19	1.45
-86.19	1.45
-58.65	15.71
-58.65	15.71
-58.65	15.71
-58.65	15.71
-58.65	15.71
-43.13	29.99
-43.13	29.99
-43.13	29.99
-43.13	29.99
-43.13	29.99
-32.99	39.49
-32.99	39.49
-32.99	39.49
-32.99	39.49
-32.99	39.49
-16.08	37.97
-16.08	37.97
-16.08	37.97
-16.08	37.97
-16.08	37.97
3.76	32.44
3.76	32.44
3.76	32.44
3.76	32.44
3.76	32.44
18.76	28.13
18.76	28.13
18.76	28.13
18.76	28.13
18.76	28.13
25.78	24.75
25.78	24.75
25.78	24.75
25.78	24.75
25.78	24.75
22.55	24.17
22.55	24.17
22.55	24.17
22.55	24.17
22.55	24.17
10.34	25.56
10.34	25.56
10.34	25.56
10.34	25.56
10.34	25.56
-6.53	28.68
-6.53	28.68
-6.53	28.68
-6.53	28.68
-6.53	28.68
-16.59	32.95
-16.59	32.95
-16.59	32.95
-16.59	32.95
-16.59	32.95
-17.37	40.48
-17.37	40.48
-17.37	40.48
-17.37	40.48
-17.37	40.48
-8.34	50.03
-8.34	50.03
-8.34	50.03
-8.34	50.03
-8.34	50.03
1.76	52.92
1.76	52.92
1.76	52.92
1.76	52.92
1.76	52.92
13.47	55.09
13.47	55.09
13.47	55.09
13.47	55.09
13.47	55.09
23.54	56.14
23.54	56.14
23.54	56.14
23.54	56.14
23.54	56.14
28.66	56.83
28.66	56.83
28.66	56.83
28.66	56.83
28.66	56.83
29.49	57.01
29.49	57.01
29.49	57.01
29.49	57.01
29.49	57.01
29.65	55.96
29.65	55.96
29.65	55.96
29.65	55.96
29.65	55.96
30.74	54.01
30.74	54.01
30.74	54.01
30.74	54.01
30.74	54.01
34.80	50.94
34.80	50.94
34.80	50.94
34.80	50.94
34.80	50.94
41.23	47.77
41.23	47.77
41.23	47.77
41.23	47.77
41.23	47.77
46.34	44.65
46.34	44.65
46.34	44.65
46.34	44.65
46.34	44.65
49.14	42.62
49.14	42.62
49.14	42.62
49.14	42.62
49.14	42.62
48.80	43.37
48.80	43.37
48.80	43.37
48.80	43.37
48.80	43.37
46.25	44.90
46.25	44.90
46.25	44.90
46.25	44.90
46.25	44.90
38.90	48.26
38.90	48.26
38.90	48.26
38.90	48.26
38.90	48.26
38.90	48.26
30.88	51.24
30.88	51.24
30.88	51.24
30.88	51.24
30.88	51.24
30.88	51.24
24.39	53.30
24.39	53.30
24.39	53.30
24.39	53.30
24.39	53.30
21.58	54.90
21.58	54.90
21.58	54.90
21.58	54.90
21.58	54.90
21.99	56.55
21.99	56.55
21.99	56.55
21.99	56.55
21.99	56.55
26.66	57.96
26.66	57.96
26.66	57.96
26.66	57.96
35.65	57.35
35.65	57.35
35.65	57.35
35.65	57.35
35.65	57.35
52.73	49.13
52.73	49.13
52.73	49.13
52.73	49.13
52.73	49.13
61.79	45.83
61.79	45.83
61.79	45.83
61.79	45.83
61.79	45.83
57.18	44.98
57.18	44.98
57.18	44.98
57.18	44.98
57.18	44.98
41.46	47.43
41.46	47.43
41.46	47.43
41.46	47.43
41.46	47.43
41.46	47.43
22.56	45.30
22.56	45.30
22.56	45.30
22.56	45.30
11.03	42.57
11.03	42.57
11.03	42.57
11.03	42.57
11.03	42.57
2.07	37.71
2.07	37.71
2.07	37.71
2.07	37.71
2.07	37.71
2.07	37.71
-2.39	33.43
-2.39	33.43
-2.39	33.43
-2.39	33.43
-2.39	27.55
-2.39	27.55
-2.39	27.55
-2.39	27.55
-2.39	27.55
0.82	20.53
0.82	20.53
0.82	20.53
0.82	20.53
5.79	11.95
5.79	11.95
5.79	11.95
5.79	11.95
5.79	11.95
5.79	11.95
10.65	2.55
10.65	2.55
10.65	2.55
10.65	2.55
15.48	-4.91
15.48	-4.91
15.48	-4.91
15.48	-4.91
15.48	-4.91
15.48	-4.91
17.34	-10.00
17.34	-10.00
17.34	-10.00
17.34	-10.00
17.34	-10.00
17.34	-10.00
16.91	-11.36
16.91	-11.36
16.91	-11.36
16.91	-11.36
12.65	-9.82
12.65	-9.82
12.65	-9.82
12.65	-9.82
12.65	-9.82
12.65	-9.82
6.66	-6.35
6.66	-6.35
6.66	-6.35
6.66	-6.35
0.99	-4.14
0.99	-4.14
0.99	-4.14
0.99	-4.14
0.99	-4.14
0.99	-4.14
-2.21	-2.21
-2.21	-2.21
-2.21	-2.21
-2.21	-2.21
-5.80	-0.63
-5.80	-0.63
-5.80	-0.63
-5.80	-0.63
-5.80	-0.63
-5.80	-0.63
-6.71	0.99
-6.71	0.99
-6.71	0.99
-6.71	0.99
-6.79	2.80
-6.79	2.80
-6.79	2.80
-6.79	2.80
-6.79	2.80
-6.79	2.80
-5.98	4.72
-5.98	4.72
-5.98	4.72
-5.98	4.72
-5.13	6.47
-5.13	6.47
-5.13	6.47
-5.13	6.47
-5.13	6.47
-5.13	6.47
-4.01	7.35
-4.01	7.35
-4.01	7.35
-4.01	7.35
0.15	8.20
0.15	8.20
0.15	8.20
0.15	8.20
0.15	8.20
0.15	8.20
8.39	8.87
8.39	8.87
8.39	8.87
8.39	8.87
16.21	9.87
16.21	9.87
16.21	9.87
16.21	9.87
16.21	9.87
16.21	9.87
23.74	11.41
23.74	11.41
23.74	11.41
23.74	11.41
30.82	12.55
30.82	12.55
30.82	12.55
30.82	12.55
30.82	12.55
30.82	12.55
37.29	12.88
37.29	12.88
37.29	12.88
37.29	12.88
43.00	13.18
43.00	13.18
43.00	13.18
43.00	13.18
43.00	13.18
43.00	13.18
48.50	12.55
48.50	12.55
48.50	12.55
48.50	12.55
48.50	12.55
53.50	11.98
53.50	11.98
53.50	11.98
53.50	11.98
57.79	11.02
57.79	11.02
57.79	11.02
57.79	11.02
57.79	11.02
60.85	10.06
60.85	10.06
60.85	10.06
60.85	10.06
60.85	10.06
60.85	10.06
62.78	9.53
62.78	9.53
62.78	9.53
62.78	9.53
63.41	9.23
63.41	9.23
63.41	9.23
63.41	9.23
63.41	9.23
63.41	9.23
63.54	8.34
63.54	8.34
63.54	8.34
63.54	8.34
63.54	8.34
62.91	7.55
62.91	7.55
62.91	7.55
62.91	7.55
61.81	6.98
61.81	6.98
61.81	6.98
61.81	6.98
61.81	6.98
61.81	6.98
61.07	7.19
61.07	7.19
61.07	7.19
61.07	7.19
61.07	7.19
60.35	7.25
60.35	7.25
60.35	7.25
60.35	7.25
59.99	7.13
59.99	7.13
59.99	7.13
59.99	7.13
59.99	7.13
59.48	6.49
59.48	6.49
59.48	6.49
59.48	6.49
59.48	6.49
59.48	6.49
58.85	5.82
58.85	5.82
58.85	5.82
58.85	5.82
58.09	5.69
58.09	5.69
58.09	5.69
58.09	5.69
58.09	5.69
58.09	5.69
57.30	5.43
57.30	5.43
57.30	5.43
57.30	5.43
56.09	5.02
56.09	5.02
56.09	5.02
56.09	5.02
56.09	5.02
55.03	4.85
55.03	4.85
55.03	4.85
55.03	4.85
55.03	4.85
55.03	4.85
53.86	4.99
53.86	4.99
53.86	4.99
53.86	4.99
53.86	4.99
52.49	5.26
52.49	5.26
52.49	5.26
52.49	5.26
50.16	5.79
50.16	5.79
50.16	5.79
50.16	5.79
50.16	5.79
50.16	5.79
47.84	6.20
47.84	6.20
47.84	6.20
47.84	6.20
45.46	6.80
45.46	6.80
45.46	6.80
45.46	6.80
45.46	6.80
43.26	7.55
43.26	7.55
43.26	7.55
43.26	7.55
43.26	7.55
43.26	7.55
41.25	8.03
41.25	8.03
41.25	8.03
41.25	8.03
39.13	8.56
39.13	8.56
39.13	8.56
39.13	8.56
39.13	8.56
36.42	8.92
36.42	8.92
36.42	8.92
36.42	8.92
36.42	8.92
36.42	8.92
33.29	9.80
33.29	9.80
33.29	9.80
33.29	9.80
33.28	10.38
33.28	10.38
33.28	10.38
33.28	10.38
33.28	10.38
34.05	11.43
34.05	11.43
34.05	11.43
34.05	11.43
34.05	11.43
34.05	11.43
34.81	12.32
34.81	12.32
34.81	12.32
34.81	12.32
34.81	12.32
33.21	12.47
33.21	12.47
33.21	12.47
33.21	12.47
33.21	12.47
31.50	12.46
31.50	12.46
31.50	12.46
31.50	12.46
30.81	11.45
30.81	11.45
30.81	11.45
30.81	11.45
30.81	11.45
30.33	10.03
30.33	10.03
30.33	10.03
30.33	10.03
30.33	10.03
30.33	10.03
30.69	7.69
30.69	7.69
30.69	7.69
30.69	7.69
31.25	6.55
31.25	6.55
31.25	6.55
31.25	6.55
31.25	6.55
31.54	5.85
31.54	5.85
31.54	5.85
31.54	5.85
31.54	5.85
31.54	5.85
31.18	5.90
31.18	5.90
31.18	5.90
31.18	5.90
20.90	6.92
20.90	6.92
20.90	6.92
20.90	6.92
20.90	6.92
11.07	7.00
11.07	7.00
11.07	7.00
11.07	7.00
11.07	7.00
11.07	7.00
3.77	7.76
3.77	7.76
3.77	7.76
3.77	7.76
-2.76	7.99
-2.76	7.99
-2.76	7.99
-2.76	7.99
-2.76	7.99
-7.79	7.84
-7.79	7.84
-7.79	7.84
-7.79	7.84
-7.79	7.84
-7.79	7.84
-11.76	7.32
-11.76	7.32
-11.76	7.32
-11.76	7.32
-11.76	7.32
-14.64	6.73
-14.64	6.73
-14.64	6.73
-14.64	6.73
-14.64	6.73
-17.24	5.80
-17.24	5.80
-17.24	5.80
-17.24	5.80
-17.24	5.80
-19.92	4.18
-19.92	4.18
-19.92	4.18
-19.92	4.18
-19.92	4.18
-21.91	2.64
-21.91	2.64
-21.91	2.64
-21.91	2.64
-21.91	2.64
-23.33	1.38
-23.33	1.38
-23.33	1.38
-23.33	1.38
-23.33	1.38
-24.99	0.89
-24.99	0.89
-24.99	0.89
-24.99	0.89
-24.99	0.89
-25.94	0.55
-25.94	0.55
-25.94	0.55
-25.94	0.55
-25.94	0.55
-26.99	0.18
-26.99	0.18
-26.99	0.18
-26.99	0.18
-26.99	0.18
-27.64	-0.21
-27.64	-0.21
-27.64	-0.21
-27.64	-0.21
-27.64	-0.21
-27.92	-0.39
-27.92	-0.39
-27.92	-0.39
-27.92	-0.39
-27.92	-0.39
-27.34	-0.46
-27.34	-0.46
-27.34	-0.46
-27.34	-0.46
-27.34	-0.46
-27.34	-0.46
-27.32	-0.09
-27.32	-0.09
-27.32	-0.09
-27.32	-0.09
-27.32	-0.09
-30.23	0.72
-30.23	0.72
-30.23	0.72
-30.23	0.72
-30.23	0.72
-37.90	1.46
-37.90	1.46
-37.90	1.46
-37.90	1.46
-37.90	1.46
-45.35	2.12
-45.35	2.12
-45.35	2.12
-45.35	2.12
-45.35	2.12
-51.72	2.64
-51.72	2.64
-51.72	2.64
-51.72	2.64
-51.72	2.64
-57.96	2.65
-57.96	2.65
-57.96	2.65
-57.96	2.65
-57.96	2.65
-63.28	2.86
-63.28	2.86
-63.28	2.86
