90.05	0.00
-9.85	-2.93
-9.85	-2.93
-4.03	-2.15
-4.03	-2.15
3.12	-2.09
3.12	-2.09
9.51	-1.69
9.51	-1.69
15.17	-1.23
15.17	-1.23
19.24	-0.33
19.24	-0.33
21.93	0.06
21.93	0.06
23.03	-0.24
23.03	-0.24
23.32	-0.53
23.32	-0.53
22.93	-0.58
22.93	-0.58
22.21	-0.84
22.21	-0.84
21.34	-1.19
21.34	-1.19
21.27	-1.15
21.27	-1.15
20.88	-1.19
20.88	-1.19
21.22	-1.06
21.22	-1.06
20.54	-1.34
20.54	-1.34
19.91	-1.57
19.91	-1.57
19.45	-1.74
19.45	-1.74
19.14	-1.65
19.14	-1.65
18.43	-1.90
18.43	-1.90
17.46	-1.92
17.46	-1.92
15.71	-2.30
15.71	-2.30
12.93	-2.50
12.93	-2.50
9.90	-3.25
9.90	-3.25
7.10	-3.95
7.10	-3.95
4.48	-5.11
4.48	-5.11
3.38	-5.45
3.38	-5.45
3.06	-5.71
3.06	-5.71
4.14	-5.07
4.14	-5.07
4.85	-4.43
4.85	-4.43
4.78	-4.52
4.78	-4.52
4.66	-4.74
4.66	-4.74
4.60	-4.99
4.60	-4.99
4.68	-4.71
4.68	-4.71
4.55	-4.82
4.55	-4.82
4.25	-4.59
4.25	-4.59
4.26	-4.77
4.26	-4.77
4.31	-4.70
4.31	-4.70
4.49	-4.55
4.49	-4.55
4.51	-4.69
4.51	-4.69
4.75	-4.35
4.75	-4.35
4.70	-4.35
4.70	-4.35
4.51	-4.27
4.51	-4.27
4.39	-4.36
4.39	-4.36
4.16	-4.46
4.16	-4.46
3.99	-4.48
3.99	-4.48
4.15	-4.26
4.15	-4.26
4.06	-4.36
4.06	-4.36
3.89	-4.41
3.89	-4.41
3.62	-4.45
3.62	-4.45
3.65	-4.43
3.65	-4.43
3.73	-4.47
3.73	-4.47
3.79	-4.49
3.79	-4.49
3.97	-4.66
3.97	-4.66
4.12	-4.66
4.12	-4.66
4.00	-4.76
4.00	-4.76
4.01	-4.79
4.01	-4.79
3.99	-4.96
3.99	-4.96
3.96	-5.28
3.96	-5.28
3.82	-5.46
3.82	-5.46
3.90	-5.42
3.90	-5.42
3.95	-5.50
3.95	-5.50
3.90	-5.49
3.90	-5.49
3.96	-5.63
3.96	-5.63
4.08	-5.58
4.08	-5.58
4.24	-5.64
4.24	-5.64
4.41	-5.66
4.41	-5.66
4.23	-5.93
4.23	-5.93
4.03	-6.42
4.03	-6.42
4.04	-6.42
4.04	-6.42
3.97	-6.37
3.97	-6.37
4.31	-6.29
4.31	-6.29
4.25	-6.48
4.25	-6.48
4.02	-6.76
4.02	-6.76
3.89	-6.88
3.89	-6.88
3.81	-6.79
3.81	-6.79
3.52	-6.76
3.52	-6.76
2.53	-6.77
2.53	-6.77
-0.25	-6.87
-0.25	-6.87
-5.32	-7.41
-5.32	-7.41
-12.13	-7.96
-12.13	-7.96
-19.70	-8.86
-19.70	-8.86
-27.21	-9.10
-27.21	-9.10
-33.10	-9.42
-33.10	-9.42
-37.60	-9.33
-37.60	-9.33
-40.42	-9.22
-40.42	-9.22
-41.47	-8.36
-41.47	-8.36
-40.80	-7.73
-40.80	-7.73
-39.97	-7.67
-39.97	-7.67
-39.55	-7.67
-39.55	-7.67
-39.72	-7.83
-39.72	-7.83
-40.14	-7.89
-40.14	-7.89
-40.30	-8.32
-40.30	-8.32
-39.67	-8.43
-39.67	-8.43
-39.28	-8.24
-39.28	-8.24
-37.75	-8.31
-37.75	-8.31
-33.82	-8.56
-33.82	-8.56
-26.83	-9.09
-26.83	-9.09
-18.50	-9.28
-18.50	-9.28
-12.18	-8.66
-12.18	-8.66
-7.63	-8.43
-7.63	-8.43
-4.73	-8.34
-4.73	-8.34
-3.80	-8.33
-3.80	-8.33
-3.69	-8.38
-3.69	-8.38
-4.24	-8.71
-4.24	-8.71
-5.09	-9.10
-5.09	-9.10
-5.70	-9.34
-5.70	-9.34
-5.49	-9.08
-5.49	-9.08
-5.41	-9.16
-5.41	-9.16
-5.16	-8.67
-5.16	-8.67
-4.83	-8.96
-4.83	-8.96
-4.84	-9.51
-4.84	-9.51
-4.58	-9.61
-4.58	-9.61
-4.10	-10.47
-4.10	-10.47
-3.54	-11.12
-3.54	-11.12
-3.20	-11.53
-3.20	-11.53
-2.45	-12.20
-2.45	-12.20
-1.97	-12.84
-1.97	-12.84
-0.60	-13.49
-0.60	-13.49
0.27	-13.42
0.27	-13.42
1.20	-13.54
1.20	-13.54
2.35	-13.60
2.35	-13.60
2.94	-13.52
2.94	-13.52
3.81	-12.75
3.81	-12.75
4.42	-11.77
4.42	-11.77
5.35	-11.15
5.35	-11.15
5.27	-10.03
5.27	-10.03
5.35	-10.25
5.35	-10.25
5.06	-11.02
5.06	-11.02
5.08	-11.44
5.08	-11.44
4.74	-11.37
4.74	-11.37
4.73	-11.43
4.73	-11.43
4.63	-11.35
4.63	-11.35
4.52	-11.32
4.52	-11.32
4.53	-11.20
4.53	-11.20
4.60	-10.92
4.60	-10.92
4.43	-10.91
4.43	-10.91
4.63	-10.69
4.63	-10.69
4.16	-10.40
4.16	-10.40
4.27	-10.13
4.27	-10.13
4.07	-10.00
4.07	-10.00
3.80	-9.93
3.80	-9.93
3.31	-9.44
3.31	-9.44
3.03	-9.43
3.03	-9.43
2.71	-9.21
2.71	-9.21
1.66	-9.22
1.66	-9.22
-0.85	-8.94
-0.85	-8.94
-5.18	-9.14
-5.18	-9.14
-12.88	-8.49
-12.88	-8.49
-21.74	-7.63
-21.74	-7.63
-30.37	-7.39
-30.37	-7.39
-36.79	-6.57
-36.79	-6.57
-41.49	-5.78
-41.49	-5.78
-45.68	-6.02
-45.68	-6.02
-49.18	-5.82
-49.18	-5.82
-52.29	-5.23
-52.29	-5.23
-56.72	-4.50
-56.72	-4.50
-59.56	-3.18
-59.56	-3.18
-61.56	-3.42
-61.56	-3.42
-64.51	-2.10
-64.51	-2.10
-67.74	-1.68
-67.74	-1.68
-72.06	-1.19
-72.06	-1.19
-76.33	-0.66
-76.33	-0.66
-80.47	-0.08
-80.47	-0.08
-84.33	-0.37
-84.33	-0.37
-89.02	0.26
-89.02	0.26
-93.69	0.19
-93.69	0.19
-97.63	1.10
-97.63	1.10
-101.08	1.39
-101.08	1.39
-104.71	2.12
-104.71	2.12
-107.78	2.07
-107.78	2.07
-111.42	1.76
-111.42	1.76
-114.23	1.59
-114.23	1.59
-117.15	2.20
-117.15	2.20
-120.12	2.54
-120.12	2.54
-122.48	2.94
-122.48	2.94
-125.35	4.26
-125.35	4.26
-128.54	5.17
-128.54	5.17
-131.80	6.38
-131.80	6.38
-134.44	6.85
-134.44	6.85
-137.51	8.14
-137.51	8.14
-139.19	9.24
-139.19	9.24
-140.05	10.01
-140.05	10.01
-140.96	11.15
-140.96	11.15
-141.89	12.25
-141.89	12.25
-143.25	13.72
-143.25	13.72
-144.63	15.31
-144.63	15.31
-144.85	17.67
-144.85	17.67
-145.47	17.87
-145.47	17.87
-146.59	18.47
-146.59	18.47
-147.24	19.47
-147.24	19.47
-147.61	20.13
-147.61	20.13
-148.17	20.99
-148.17	20.99
-148.34	21.06
-148.34	21.06
-148.56	21.89
-148.56	21.89
-148.77	22.39
-148.77	22.39
-149.30	22.36
-149.30	22.36
-150.01	22.00
-150.01	22.00
-150.68	21.71
-150.68	21.71
-150.79	21.75
-150.79	21.75
-150.66	21.81
-150.66	21.81
-150.30	21.94
-150.30	21.94
-149.46	22.03
-149.46	22.03
-148.98	22.29
-148.98	22.29
-147.68	22.70
-147.68	22.70
-146.34	23.23
-146.34	23.23
-145.49	23.66
-145.49	23.66
-143.64	24.35
-143.64	24.35
-142.16	24.65
-142.16	24.65
-142.39	24.70
-142.39	24.70
-142.02	24.52
-142.02	24.52
-142.27	23.91
-142.27	23.91
-142.24	24.17
-142.24	24.17
-142.16	23.71
-142.16	23.71
-142.86	23.87
-142.86	23.87
-142.66	24.00
-142.66	24.00
-143.15	23.66
-143.15	23.66
-143.15	23.75
-143.15	23.75
-143.63	23.65
-143.63	23.65
-144.32	23.03
-144.32	23.03
-144.98	22.35
-144.98	22.35
-145.90	21.74
-145.90	21.74
-146.56	20.75
-146.56	20.75
-147.52	15.68
-147.52	15.68
-148.40	8.07
-148.40	8.07
-149.64	0.33
-149.64	0.33
-149.91	-4.89
-149.91	-4.89
-150.59	-9.23
-150.59	-9.23
-151.00	-13.08
-151.00	-13.08
-151.40	-14.54
-151.40	-14.54
-150.43	-13.88
-150.43	-13.88
-150.29	-13.14
-150.29	-13.14
-149.94	-12.16
-149.94	-12.16
-149.78	-13.40
-149.78	-13.40
-149.17	-14.05
-149.17	-14.05
-147.58	-14.73
-147.58	-14.73
-143.37	-13.93
-143.37	-13.93
-137.52	-13.56
-137.52	-13.56
-130.09	-13.56
-130.09	-13.56
-122.39	-14.13
-122.39	-14.13
-115.61	-13.58
-115.61	-13.58
-110.52	-14.22
-110.52	-14.22
-108.47	-14.36
-108.47	-14.36
-108.58	-14.94
-108.58	-14.94
-108.70	-14.81
-108.70	-14.81
-109.60	-15.17
-109.60	-15.17
-110.09	-15.40
-110.09	-15.40
-109.98	-14.93
-109.98	-14.93
-109.59	-15.36
-109.59	-15.36
-109.39	-15.27
-109.39	-15.27
-109.28	-15.68
-109.28	-15.68
-109.09	-15.92
-109.09	-15.92
-108.99	-15.91
-108.99	-15.91
-108.44	-15.22
-108.44	-15.22
-108.70	-15.21
-108.70	-15.21
-108.93	-15.22
-108.93	-15.22
-108.99	-15.43
-108.99	-15.43
-109.31	-15.59
-109.31	-15.59
-108.72	-15.58
-108.72	-15.58
-108.77	-15.81
-108.77	-15.81
-109.62	-15.78
-109.62	-15.78
-111.81	-15.81
-111.81	-15.81
-116.34	-16.40
-116.34	-16.40
-123.54	-17.56
-123.54	-17.56
-132.12	-19.45
-132.12	-19.45
-141.15	-21.79
-141.15	-21.79
-149.37	-23.71
-149.37	-23.71
-156.31	-26.35
-156.31	-26.35
-162.65	-28.37
-162.65	-28.37
-167.44	-30.26
-167.44	-30.26
-171.45	-31.56
-171.45	-31.56
-175.53	-32.93
-175.53	-32.93
-178.66	-33.19
-178.66	-33.19
178.83	-33.44
178.83	-33.44
175.51	-33.64
175.51	-33.64
172.94	-34.00
172.94	-34.00
170.23	-34.16
170.23	-34.16
167.88	-34.93
167.88	-34.93
165.05	-34.50
165.05	-34.50
162.18	-33.66
162.18	-33.66
159.49	-32.63
159.49	-32.63
156.69	-31.84
156.69	-31.84
153.97	-31.35
153.97	-31.35
152.03	-30.52
152.03	-30.52
150.22	-29.47
150.22	-29.47
148.01	-28.10
148.01	-28.10
144.73	-25.72
144.73	-25.72
141.31	-22.63
141.31	-22.63
139.46	-19.18
139.46	-19.18
136.88	-16.75
136.88	-16.75
134.86	-13.34
134.86	-13.34
133.34	-11.73
133.34	-11.73
132.11	-9.59
132.11	-9.59
130.56	-8.46
130.56	-8.46
129.26	-7.85
129.26	-7.85
127.50	-6.84
127.50	-6.84
126.52	-6.41
126.52	-6.41
125.62	-5.95
125.62	-5.95
124.98	-5.53
124.98	-5.53
124.45	-5.07
124.45	-5.07
124.12	-4.01
124.12	-4.01
124.15	-3.83
124.15	-3.83
124.16	-3.01
124.16	-3.01
123.84	-3.27
123.84	-3.27
123.05	-3.89
123.05	-3.89
122.38	-4.01
122.38	-4.01
121.98	-3.91
121.98	-3.91
121.16	-3.42
121.16	-3.42
120.19	-3.44
120.19	-3.44
119.51	-3.49
119.51	-3.49
119.36	-3.21
119.36	-3.21
119.23	-3.16
119.23	-3.16
118.87	-3.26
118.87	-3.26
118.51	-3.26
118.51	-3.26
118.37	-2.67
118.37	-2.67
118.27	-2.30
118.27	-2.30
117.92	-2.35
117.92	-2.35
116.75	-2.55
116.75	-2.55
115.14	-2.48
115.14	-2.48
113.22	-1.97
113.22	-1.97
110.72	-1.77
110.72	-1.77
106.91	-1.69
106.91	-1.69
101.84	-1.78
101.84	-1.78
97.94	-1.57
97.94	-1.57
95.03	-1.94
95.03	-1.94
93.42	-2.16
93.42	-2.16
92.61	-1.89
92.61	-1.89
91.35	-1.96
91.35	-1.96
90.14	-2.35
90.14	-2.35
88.28	-2.72
88.28	-2.72
86.67	-3.09
86.67	-3.09
85.37	-2.81
85.37	-2.81
83.72	-2.84
83.72	-2.84
82.02	-3.23
82.02	-3.23
80.49	-3.39
80.49	-3.39
78.56	-3.32
78.56	-3.32
76.50	-2.62
76.50	-2.62
75.42	-2.18
75.42	-2.18
74.63	-1.82
74.63	-1.82
73.95	-1.41
73.95	-1.41
73.03	-0.93
73.03	-0.93
72.53	-1.19
72.53	-1.19
73.27	-1.24
73.27	-1.24
76.14	-1.35
76.14	-1.35
82.29	-1.95
82.29	-1.95
91.93	-3.80
91.93	-3.80
100.22	-4.80
100.22	-4.80
107.17	-5.15
107.17	-5.15
112.85	-4.17
112.85	-4.17
116.36	-3.51
116.36	-3.51
118.69	-3.09
118.69	-3.09
119.98	-1.92
119.98	-1.92
119.14	-1.55
119.14	-1.55
119.51	-0.36
119.51	-0.36
119.61	1.22
119.61	1.22
121.02	4.77
121.02	4.77
123.20	9.34
123.20	9.34
126.21	13.22
126.21	13.22
127.98	15.72
127.98	15.72
130.04	17.50
130.04	17.50
131.90	18.46
131.90	18.46
132.20	18.12
132.20	18.12
132.82	19.00
132.82	19.00
134.00	19.23
134.00	19.23
134.89	19.30
134.89	19.30
135.71	19.50
135.71	19.50
136.30	19.27
136.30	19.27
136.58	19.40
136.58	19.40
137.21	19.42
137.21	19.42
137.84	19.33
137.84	19.33
138.87	19.38
138.87	19.38
139.58	19.72
139.58	19.72
139.55	19.87
139.55	19.87
139.59	19.88
139.59	19.88
139.66	20.28
139.66	20.28
140.18	20.36
140.18	20.36
139.98	19.54
139.98	19.54
140.51	19.99
140.51	19.99
140.59	18.26
140.59	18.26
141.23	17.64
141.23	17.64
141.55	17.19
141.55	17.19
141.52	16.68
141.52	16.68
141.06	16.48
141.06	16.48
141.15	18.86
141.15	18.86
141.11	20.12
141.11	20.12
140.82	20.05
140.82	20.05
140.51	19.96
140.51	19.96
139.55	18.84
139.55	18.84
139.90	20.47
139.90	20.47
139.84	19.73
139.84	19.73
140.32	19.04
140.32	19.04
140.46	18.53
140.46	18.53
140.08	18.14
140.08	18.14
140.53	17.03
140.53	17.03
140.54	16.33
140.54	16.33
140.44	16.65
140.44	16.65
140.55	15.91
140.55	15.91
140.29	15.62
140.29	15.62
140.70	15.80
140.70	15.80
140.96	15.77
140.96	15.77
140.44	15.91
140.44	15.91
140.25	16.24
140.25	16.24
139.69	16.96
139.69	16.96
139.74	17.58
139.74	17.58
139.62	18.10
139.62	18.10
140.19	17.11
140.19	17.11
140.73	16.66
140.73	16.66
141.01	14.47
141.01	14.47
141.13	12.16
141.13	12.16
141.09	9.62
141.09	9.62
140.97	9.04
140.97	9.04
140.18	8.79
140.18	8.79
139.47	12.16
139.47	12.16
139.27	15.04
139.27	15.04
139.72	17.33
139.72	17.33
139.74	16.45
139.74	16.45
139.46	15.46
139.46	15.46
139.42	14.09
139.42	14.09
139.57	12.75
139.57	12.75
140.03	12.21
140.03	12.21
139.67	11.82
139.67	11.82
139.63	12.95
139.63	12.95
138.93	14.42
138.93	14.42
138.68	15.03
138.68	15.03
138.02	14.93
138.02	14.93
137.58	14.08
137.58	14.08
137.09	13.38
137.09	13.38
136.80	13.73
136.80	13.73
136.34	14.18
136.34	14.18
136.11	13.88
136.11	13.88
136.03	13.68
136.03	13.68
136.27	14.10
136.27	14.10
135.90	14.67
135.90	14.67
135.39	14.81
135.39	14.81
135.33	14.71
135.33	14.71
134.92	14.56
134.92	14.56
133.96	14.09
133.96	14.09
133.63	14.24
133.63	14.24
133.20	14.38
133.20	14.38
132.69	14.26
132.69	14.26
132.64	14.25
132.64	14.25
131.57	14.11
131.57	14.11
129.47	13.93
129.47	13.93
126.42	13.16
126.42	13.16
122.03	12.30
122.03	12.30
117.13	11.61
117.13	11.61
111.10	10.68
111.10	10.68
104.84	10.01
104.84	10.01
100.47	9.08
100.47	9.08
96.55	7.44
96.55	7.44
93.74	6.36
93.74	6.36
93.61	6.11
93.61	6.11
93.01	5.32
93.01	5.32
92.09	6.02
92.09	6.02
90.47	6.34
90.47	6.34
88.89	6.82
88.89	6.82
87.18	6.51
87.18	6.51
85.87	5.97
85.87	5.97
84.29	5.72
84.29	5.72
82.67	4.81
82.67	4.81
80.91	2.52
80.91	2.52
78.73	-0.57
78.73	-0.57
76.67	-4.65
76.67	-4.65
73.64	-5.80
73.64	-5.80
70.69	-7.47
70.69	-7.47
68.04	-7.67
68.04	-7.67
65.62	-7.20
65.62	-7.20
63.63	-7.60
63.63	-7.60
61.78	-8.33
61.78	-8.33
59.93	-9.70
59.93	-9.70
58.79	-11.13
58.79	-11.13
57.48	-11.34
57.48	-11.34
56.56	-11.37
56.56	-11.37
55.82	-10.07
55.82	-10.07
54.97	-9.59
54.97	-9.59
53.46	-9.49
53.46	-9.49
52.05	-9.46
52.05	-9.46
50.91	-8.94
50.91	-8.94
50.61	-6.61
50.61	-6.61
50.09	-3.82
50.09	-3.82
49.86	-1.53
49.86	-1.53
49.12	0.30
49.12	0.30
48.16	1.56
48.16	1.56
48.22	3.94
48.22	3.94
48.31	4.04
48.31	4.04
48.21	3.71
48.21	3.71
48.54	4.89
48.54	4.89
48.32	4.93
48.32	4.93
48.39	6.03
48.39	6.03
48.32	6.56
48.32	6.56
48.27	6.85
48.27	6.85
48.31	8.48
48.31	8.48
48.35	8.67
48.35	8.67
48.91	8.85
48.91	8.85
49.02	8.33
49.02	8.33
49.21	8.28
49.21	8.28
49.62	8.29
49.62	8.29
51.72	8.02
51.72	8.02
54.25	7.19
54.25	7.19
58.38	5.71
58.38	5.71
62.77	4.66
62.77	4.66
63.93	4.40
63.93	4.40
64.44	4.02
64.44	4.02
64.06	3.67
64.06	3.67
63.51	3.97
63.51	3.97
62.89	4.15
62.89	4.15
63.12	3.53
63.12	3.53
63.44	3.47
63.44	3.47
63.61	3.36
63.61	3.36
63.50	2.72
63.50	2.72
63.73	2.42
63.73	2.42
63.97	1.88
63.97	1.88
63.83	1.90
63.83	1.90
63.81	2.40
63.81	2.40
63.87	2.31
63.87	2.31
63.79	1.95
63.79	1.95
63.71	1.36
63.71	1.36
63.73	1.15
63.73	1.15
63.52	1.00
63.52	1.00
63.69	0.72
63.69	0.72
63.86	0.62
63.86	0.62
63.37	0.27
63.37	0.27
61.47	-0.11
61.47	-0.11
55.08	-1.12
55.08	-1.12
44.85	-2.73
44.85	-2.73
36.32	-3.92
36.32	-3.92
29.52	-4.69
29.52	-4.69
24.93	-4.21
24.93	-4.21
22.74	-3.98
22.74	-3.98
21.92	-4.30
21.92	-4.30
21.40	-3.88
21.40	-3.88
21.15	-3.95
21.15	-3.95
20.70	-3.51
20.70	-3.51
20.40	-3.45
20.40	-3.45
20.65	-3.77
20.65	-3.77
20.48	-4.61
20.48	-4.61
19.87	-5.83
19.87	-5.83
18.48	-7.95
18.48	-7.95
16.29	-9.97
16.29	-9.97
13.54	-12.33
13.54	-12.33
11.13	-13.30
11.13	-13.30
8.94	-13.88
8.94	-13.88
8.31	-13.81
8.31	-13.81
8.09	-13.61
8.09	-13.61
7.87	-14.06
7.87	-14.06
7.58	-14.49
7.58	-14.49
6.74	-14.81
6.74	-14.81
5.96	-15.23
5.96	-15.23
5.36	-15.48
5.36	-15.48
4.28	-15.57
4.28	-15.57
3.02	-16.19
3.02	-16.19
2.04	-16.16
2.04	-16.16
1.06	-16.50
1.06	-16.50
0.48	-16.38
0.48	-16.38
0.06	-16.75
0.06	-16.75
-0.81	-17.27
-0.81	-17.27
-1.22	-17.31
-1.22	-17.31
-1.27	-16.63
-1.27	-16.63
-2.17	-16.30
-2.17	-16.30
-2.95	-15.30
-2.95	-15.30
-2.54	-12.74
-2.54	-12.74
-1.27	-10.25
-1.27	-10.25
-0.06	-8.37
-0.06	-8.37
1.26	-6.70
1.26	-6.70
2.52	-4.49
2.52	-4.49
3.40	-2.88
3.40	-2.88
4.30	-1.60
4.30	-1.60
4.72	-0.88
4.72	-0.88
4.31	0.38
4.31	0.38
3.70	1.00
3.70	1.00
3.56	2.05
3.56	2.05
3.42	2.89
3.42	2.89
3.16	3.16
3.16	3.16
2.80	3.38
2.80	3.38
2.45	3.21
2.45	3.21
2.79	3.82
2.79	3.82
2.83	3.76
2.83	3.76
2.51	3.93
2.51	3.93
2.80	3.88
2.80	3.88
3.11	4.21
3.11	4.21
3.08	4.48
3.08	4.48
2.92	4.45
2.92	4.45
2.82	4.46
2.82	4.46
3.14	4.49
3.14	4.49
3.30	4.39
3.30	4.39
3.11	4.73
3.11	4.73
2.94	4.82
2.94	4.82
3.16	4.93
3.16	4.93
3.06	4.79
3.06	4.79
3.43	4.79
3.43	4.79
3.42	4.80
3.42	4.80
3.36	4.79
3.36	4.79
3.77	5.16
3.77	5.16
5.08	4.70
5.08	4.70
8.87	4.30
8.87	4.30
14.60	4.88
14.60	4.88
20.00	4.89
20.00	4.89
24.67	5.60
24.67	5.60
28.58	5.98
28.58	5.98
32.13	6.06
32.13	6.06
35.34	5.37
35.34	5.37
37.92	5.59
37.92	5.59
40.27	5.50
40.27	5.50
43.17	4.42
43.17	4.42
45.51	4.37
45.51	4.37
47.00	4.36
47.00	4.36
47.66	4.37
47.66	4.37
47.77	4.40
47.77	4.40
47.49	4.39
47.49	4.39
47.43	3.90
47.43	3.90
47.38	3.98
47.38	3.98
47.59	3.81
47.59	3.81
47.55	3.68
47.55	3.68
47.45	3.61
47.45	3.61
47.46	3.54
47.46	3.54
47.35	3.56
47.35	3.56
47.44	3.36
47.44	3.36
47.25	3.36
47.25	3.36
47.03	3.50
47.03	3.50
46.84	3.26
46.84	3.26
46.46	2.90
46.46	2.90
45.32	3.40
45.32	3.40
42.30	3.78
42.30	3.78
37.14	3.96
37.14	3.96
30.12	3.65
30.12	3.65
22.11	3.35
22.11	3.35
15.31	3.09
15.31	3.09
11.09	3.05
11.09	3.05
9.52	3.08
9.52	3.08
9.76	2.93
9.76	2.93
11.13	2.84
11.13	2.84
12.37	2.96
12.37	2.96
12.59	3.16
12.59	3.16
12.81	2.84
12.81	2.84
13.15	3.23
13.15	3.23
13.64	3.27
13.64	3.27
15.10	3.11
15.10	3.11
19.40	3.00
19.40	3.00
25.75	3.18
25.75	3.18
35.01	3.22
35.01	3.22
44.57	3.90
44.57	3.90
53.40	4.07
53.40	4.07
61.80	4.07
61.80	4.07
68.72	4.47
68.72	4.47
75.21	4.52
75.21	4.52
81.91	4.94
81.91	4.94
88.97	5.33
88.97	5.33
95.38	5.91
95.38	5.91
100.85	6.19
100.85	6.19
105.85	6.28
105.85	6.28
110.59	6.50
110.59	6.50
115.11	6.80
115.11	6.80
118.79	6.65
118.79	6.65
122.13	6.74
122.13	6.74
124.50	6.70
124.50	6.70
127.49	7.39
127.49	7.39
130.71	8.24
130.71	8.24
133.80	9.22
133.80	9.22
136.25	10.13
136.25	10.13
138.48	10.34
138.48	10.34
140.50	10.45
140.50	10.45
143.01	10.52
143.01	10.52
145.43	10.39
145.43	10.39
148.08	10.42
148.08	10.42
150.84	10.92
150.84	10.92
153.40	10.99
153.40	10.99
156.03	11.14
156.03	11.14
159.42	11.37
159.42	11.37
162.38	10.74
162.38	10.74
165.56	10.52
165.56	10.52
168.61	10.47
168.61	10.47
170.99	10.47
170.99	10.47
172.87	10.35
172.87	10.35
174.41	10.10
174.41	10.10
175.89	10.06
175.89	10.06
177.33	10.50
177.33	10.50
179.13	10.84
179.13	10.84
-179.53	11.11
-179.53	11.11
-178.28	11.04
-178.28	11.04
-176.94	11.54
-176.94	11.54
-175.61	11.41
-175.61	11.41
-174.57	11.07
-174.57	11.07
-173.39	10.64
-173.39	10.64
-172.40	10.68
-172.40	10.68
-171.51	10.46
-171.51	10.46
-170.02	9.99
-170.02	9.99
-168.81	9.48
-168.81	9.48
-167.43	9.55
-167.43	9.55
-166.00	10.05
-166.00	10.05
-164.29	10.50
-164.29	10.50
-162.93	11.48
-162.93	11.48
-161.37	12.45
-161.37	12.45
-160.12	12.16
-160.12	12.16
-159.34	12.07
-159.34	12.07
-159.20	12.10
-159.20	12.10
-158.83	12.75
-158.83	12.75
-158.98	13.07
-158.98	13.07
-159.68	13.37
-159.68	13.37
-159.64	14.84
-159.64	14.84
-159.47	15.66
-159.47	15.66
-159.50	17.84
-159.50	17.84
-159.50	18.61
-159.50	18.61
-159.52	19.19
-159.52	19.19
-160.94	20.45
-160.94	20.45
-161.28	19.41
-161.28	19.41
-161.04	19.05
-161.04	19.05
-160.87	19.68
-160.87	19.68
-161.21	19.59
-161.21	19.59
-163.34	19.43
-163.34	19.43
-168.29	18.59
-168.29	18.59
-177.81	16.48
-177.81	16.48
172.23	15.73
172.23	15.73
164.79	15.02
164.79	15.02
158.94	15.45
158.94	15.45
154.50	14.84
154.50	14.84
152.66	15.13
152.66	15.13
153.51	15.50
153.51	15.50
154.57	16.16
154.57	16.16
156.45	16.37
156.45	16.37
157.37	16.39
157.37	16.39
157.22	16.31
157.22	16.31
156.87	16.33
156.87	16.33
156.72	16.15
156.72	16.15
156.83	16.05
156.83	16.05
156.85	16.16
156.85	16.16
157.14	16.12
157.14	16.12
157.25	16.11
157.25	16.11
157.08	15.60
157.08	15.60
157.36	15.30
157.36	15.30
157.55	15.22
157.55	15.22
157.60	14.87
157.60	14.87
157.42	15.01
157.42	15.01
157.74	14.54
157.74	14.54
158.21	12.95
158.21	12.95
158.73	10.93
158.73	10.93
159.36	8.09
159.36	8.09
160.14	4.32
160.14	4.32
161.23	0.73
161.23	0.73
161.89	-0.95
161.89	-0.95
162.39	-2.23
162.39	-2.23
162.91	-2.17
162.91	-2.17
163.95	-2.91
163.95	-2.91
164.32	-3.25
164.32	-3.25
164.50	-3.13
164.50	-3.13
164.70	-3.52
164.70	-3.52
164.71	-3.71
164.71	-3.71
165.05	-4.03
165.05	-4.03
165.58	-3.95
165.58	-3.95
167.18	-3.84
167.18	-3.84
170.93	-3.91
170.93	-3.91
174.47	-3.97
174.47	-3.97
178.02	-4.88
178.02	-4.88
-178.21	-5.92
-178.21	-5.92
-174.44	-6.43
-174.44	-6.43
-170.86	-7.35
-170.86	-7.35
-167.37	-7.50
-167.37	-7.50
-164.18	-7.43
-164.18	-7.43
-161.33	-7.93
-161.33	-7.93
-158.82	-7.91
-158.82	-7.91
-155.37	-8.13
-155.37	-8.13
-151.72	-8.08
-151.72	-8.08
-148.44	-8.25
-148.44	-8.25
-145.85	-8.07
-145.85	-8.07
-143.46	-8.44
-143.46	-8.44
-141.11	-8.42
-141.11	-8.42
-139.21	-8.63
-139.21	-8.63
-137.23	-8.76
-137.23	-8.76
-135.36	-8.08
-135.36	-8.08
-133.49	-7.83
-133.49	-7.83
-132.06	-7.85
-132.06	-7.85
-130.15	-8.58
-130.15	-8.58
-128.10	-8.69
-128.10	-8.69
-126.66	-9.20
-126.66	-9.20
-125.17	-9.43
-125.17	-9.43
-124.28	-9.85
-124.28	-9.85
-123.41	-10.00
-123.41	-10.00
-122.47	-9.87
-122.47	-9.87
-122.03	-9.79
-122.03	-9.79
-121.67	-9.98
-121.67	-9.98
-121.24	-9.87
-121.24	-9.87
-121.11	-10.37
-121.11	-10.37
-120.99	-10.40
-120.99	-10.40
-120.80	-10.35
-120.80	-10.35
-120.74	-10.62
-120.74	-10.62
-120.46	-10.65
-120.46	-10.65
-119.88	-10.50
-119.88	-10.50
-119.84	-10.71
-119.84	-10.71
-119.58	-10.83
-119.58	-10.83
-119.32	-10.88
-119.32	-10.88
-119.38	-10.91
-119.38	-10.91
-119.21	-10.98
-119.21	-10.98
-119.12	-10.66
-119.12	-10.66
-119.07	-10.80
-119.07	-10.80
-119.10	-10.89
-119.10	-10.89
-119.06	-10.74
-119.06	-10.74
-118.97	-10.68
-118.97	-10.68
-118.83	-10.82
-118.83	-10.82
-119.04	-10.81
-119.04	-10.81
-119.44	-10.46
-119.44	-10.46
-122.57	-10.32
-122.57	-10.32
-128.17	-10.66
-128.17	-10.66
-136.70	-10.87
-136.70	-10.87
-146.22	-10.68
-146.22	-10.68
-155.91	-10.47
-155.91	-10.47
-163.78	-9.34
-163.78	-9.34
-171.38	-8.82
-171.38	-8.82
-180.03	-9.42
-180.03	-9.42
173.02	-9.55
173.02	-9.55
166.94	-10.41
166.94	-10.41
161.57	-11.13
161.57	-11.13
158.97	-10.81
158.97	-10.81
156.16	-10.91
156.16	-10.91
153.51	-10.66
153.51	-10.66
151.42	-10.74
151.42	-10.74
149.52	-10.36
149.52	-10.36
148.19	-9.66
148.19	-9.66
147.26	-9.19
147.26	-9.19
146.28	-8.14
146.28	-8.14
145.58	-7.67
145.58	-7.67
145.07	-7.13
145.07	-7.13
144.60	-6.61
144.60	-6.61
144.69	-5.07
144.69	-5.07
145.39	-2.24
145.39	-2.24
146.79	1.69
146.79	1.69
147.07	5.20
147.07	5.20
147.14	6.58
147.14	6.58
147.17	7.22
147.17	7.22
147.08	7.33
147.08	7.33
147.92	8.22
147.92	8.22
148.47	7.92
148.47	7.92
148.31	8.00
148.31	8.00
148.70	8.09
148.70	8.09
149.13	8.37
149.13	8.37
149.72	8.96
149.72	8.96
150.15	9.36
150.15	9.36
151.14	10.32
151.14	10.32
152.56	10.95
152.56	10.95
154.12	11.67
154.12	11.67
157.20	12.81
157.20	12.81
162.58	13.69
162.58	13.69
169.39	14.00
169.39	14.00
175.15	14.91
175.15	14.91
179.79	15.19
179.79	15.19
-176.93	15.83
-176.93	15.83
-173.08	16.24
-173.08	16.24
-170.42	16.44
-170.42	16.44
-168.07	16.64
-168.07	16.64
-166.77	16.86
-166.77	16.86
-164.50	17.64
-164.50	17.64
-162.35	18.28
-162.35	18.28
-160.47	18.24
-160.47	18.24
-158.02	18.39
-158.02	18.39
-155.79	18.31
-155.79	18.31
-154.02	17.67
-154.02	17.67
-152.24	17.08
-152.24	17.08
-150.45	16.90
-150.45	16.90
-148.99	16.99
-148.99	16.99
-148.09	16.32
-148.09	16.32
-147.10	16.20
-147.10	16.20
-146.25	15.71
-146.25	15.71
-145.62	15.37
-145.62	15.37
-145.27	15.30
-145.27	15.30
-144.61	14.95
-144.61	14.95
-144.20	14.12
-144.20	14.12
-143.95	12.86
-143.95	12.86
-143.43	12.37
-143.43	12.37
-143.58	10.89
-143.58	10.89
-142.87	9.61
-142.87	9.61
-142.85	7.10
-142.85	7.10
-143.35	3.89
-143.35	3.89
-143.89	2.26
-143.89	2.26
-145.53	-0.49
-145.53	-0.49
-146.41	-2.46
-146.41	-2.46
-147.10	-3.96
-147.10	-3.96
-147.99	-5.56
-147.99	-5.56
-148.23	-8.45
-148.23	-8.45
-147.44	-10.66
-147.44	-10.66
-147.10	-11.80
-147.10	-11.80
-146.90	-13.86
-146.90	-13.86
-146.18	-15.08
-146.18	-15.08
-145.84	-16.98
-145.84	-16.98
-145.66	-18.67
-145.66	-18.67
-145.20	-19.56
-145.20	-19.56
-144.96	-18.95
-144.96	-18.95
-144.72	-18.78
-144.72	-18.78
-144.71	-18.28
-144.71	-18.28
-144.74	-18.99
-144.74	-18.99
-144.67	-18.63
-144.67	-18.63
-144.84	-18.20
-144.84	-18.20
-146.66	-16.74
-146.66	-16.74
-151.62	-14.47
-151.62	-14.47
-159.84	-13.08
-159.84	-13.08
-171.08	-11.59
-171.08	-11.59
179.84	-9.17
179.84	-9.17
174.59	-6.65
174.59	-6.65
171.17	-4.72
171.17	-4.72
168.30	-2.40
168.30	-2.40
165.64	-1.19
165.64	-1.19
164.69	-1.42
164.69	-1.42
163.96	-1.23
163.96	-1.23
163.94	-0.76
163.94	-0.76
164.19	-0.63
164.19	-0.63
164.47	-0.51
164.47	-0.51
164.93	0.12
164.93	0.12
165.02	0.44
165.02	0.44
165.26	0.48
165.26	0.48
165.90	1.06
165.90	1.06
166.97	1.22
166.97	1.22
167.83	1.80
167.83	1.80
168.51	2.54
168.51	2.54
168.71	3.08
168.71	3.08
167.42	3.03
167.42	3.03
165.02	2.78
165.02	2.78
160.28	3.50
160.28	3.50
153.31	4.42
153.31	4.42
143.85	4.50
143.85	4.50
134.11	3.76
134.11	3.76
125.45	3.44
125.45	3.44
121.01	4.07
121.01	4.07
119.15	4.57
119.15	4.57
118.82	4.63
118.82	4.63
117.84	4.76
117.84	4.76
117.32	4.84
117.32	4.84
116.58	4.32
116.58	4.32
115.44	3.84
115.44	3.84
114.60	3.87
114.60	3.87
114.04	3.66
114.04	3.66
113.33	3.49
113.33	3.49
112.40	2.94
112.40	2.94
111.61	2.61
111.61	2.61
111.01	1.88
111.01	1.88
110.61	1.32
110.61	1.32
110.33	-0.37
110.33	-0.37
109.67	-4.93
109.67	-4.93
108.88	-7.69
108.88	-7.69
108.13	-9.00
108.13	-9.00
107.63	-9.78
107.63	-9.78
107.35	-10.21
107.35	-10.21
107.26	-10.92
107.26	-10.92
107.34	-11.45
107.34	-11.45
107.47	-11.58
107.47	-11.58
107.50	-11.58
107.50	-11.58
107.64	-12.03
107.64	-12.03
107.73	-11.92
107.73	-11.92
107.95	-12.01
107.95	-12.01
108.00	-12.10
108.00	-12.10
108.05	-12.35
108.05	-12.35
107.98	-12.58
107.98	-12.58
108.10	-12.71
108.10	-12.71
108.21	-12.86
108.21	-12.86
108.04	-12.93
108.04	-12.93
108.20	-13.14
108.20	-13.14
108.40	-13.29
108.40	-13.29
108.74	-13.56
108.74	-13.56
108.89	-13.61
108.89	-13.61
109.50	-13.81
109.50	-13.81
109.71	-13.81
109.71	-13.81
109.54	-13.77
109.54	-13.77
110.13	-13.95
110.13	-13.95
111.54	-13.88
111.54	-13.88
113.17	-13.87
113.17	-13.87
114.53	-13.87
114.53	-13.87
118.46	-13.80
118.46	-13.80
123.95	-13.41
123.95	-13.41
130.69	-12.21
130.69	-12.21
136.61	-11.23
136.61	-11.23
142.68	-10.39
142.68	-10.39
147.94	-9.16
147.94	-9.16
154.10	-8.04
154.10	-8.04
159.67	-7.04
159.67	-7.04
164.65	-6.64
164.65	-6.64
170.61	-4.81
170.61	-4.81
174.37	-4.64
174.37	-4.64
178.22	-3.79
178.22	-3.79
179.97	-2.95
179.97	-2.95
-177.67	-1.95
-177.67	-1.95
-175.11	-1.34
-175.11	-1.34
-172.49	-0.75
-172.49	-0.75
-169.13	-0.24
-169.13	-0.24
-165.44	0.47
-165.44	0.47
-162.11	0.93
-162.11	0.93
-158.73	2.03
-158.73	2.03
-155.50	2.44
-155.50	2.44
-151.87	2.61
-151.87	2.61
-148.26	2.02
-148.26	2.02
-145.11	1.76
-145.11	1.76
-141.74	1.78
-141.74	1.78
-139.26	1.35
-139.26	1.35
-137.13	0.87
-137.13	0.87
-134.52	1.24
-134.52	1.24
-132.05	0.78
-132.05	0.78
-130.30	0.84
-130.30	0.84
-128.09	0.64
-128.09	0.64
-126.41	0.34
-126.41	0.34
-124.14	0.45
-124.14	0.45
-121.81	0.36
-121.81	0.36
-119.21	-0.28
-119.21	-0.28
-117.25	-0.72
-117.25	-0.72
-115.00	-0.75
-115.00	-0.75
-113.20	-0.72
-113.20	-0.72
-111.96	-0.75
-111.96	-0.75
-109.82	-0.82
-109.82	-0.82
-107.86	-1.10
-107.86	-1.10
-106.14	-1.26
-106.14	-1.26
-103.96	-1.14
-103.96	-1.14
-102.15	-0.57
-102.15	-0.57
-100.33	-0.14
-100.33	-0.14
-99.04	0.10
-99.04	0.10
-97.86	0.33
-97.86	0.33
-96.45	0.55
-96.45	0.55
-95.46	0.60
-95.46	0.60
-93.44	0.72
-93.44	0.72
-92.15	0.73
-92.15	0.73
-90.17	1.12
-90.17	1.12
-88.39	0.97
-88.39	0.97
-86.47	0.56
-86.47	0.56
-84.08	-0.02
-84.08	-0.02
-81.22	-0.32
-81.22	-0.32
-78.62	-0.91
-78.62	-0.91
-76.45	-1.18
-76.45	-1.18
-74.75	-1.44
-74.75	-1.44
-73.24	-1.53
-73.24	-1.53
-71.41	-1.63
-71.41	-1.63
-69.54	-1.57
-69.54	-1.57
-67.93	-1.23
-67.93	-1.23
-66.52	-0.44
-66.52	-0.44
-65.34	-0.41
-65.34	-0.41
-63.90	-0.16
-63.90	-0.16
-62.16	-0.01
-62.16	-0.01
-60.53	0.16
-60.53	0.16
-58.57	0.50
-58.57	0.50
-57.06	0.52
-57.06	0.52
-55.15	0.57
-55.15	0.57
-53.15	0.88
-53.15	0.88
-51.24	0.70
-51.24	0.70
-48.91	0.48
-48.91	0.48
-46.39	0.45
-46.39	0.45
-41.28	0.69
-41.28	0.69
-34.15	0.76
-34.15	0.76
-27.28	0.18
-27.28	0.18
-22.40	0.99
-22.40	0.99
-19.78	1.39
-19.78	1.39
-17.51	1.63
-17.51	1.63
-16.23	2.95
-16.23	2.95
-14.52	5.25
-14.52	5.25
-14.55	4.93
-14.55	4.93
-14.79	5.35
-14.79	5.35
-13.95	6.26
-13.95	6.26
-13.95	10.86
-13.95	10.86
-13.03	16.89
