61.57	-33.16
61.96	-33.43
61.96	-33.43
62.36	-33.72
62.36	-33.72
62.73	-34.00
62.73	-34.00
62.83	-34.57
62.83	-34.57
63.07	-34.74
63.07	-34.74
62.84	-34.56
62.84	-34.56
62.84	-34.56
62.47	-34.41
62.23	-34.27
62.23	-34.27
62.19	-34.44
62.13	-34.73
62.13	-34.73
61.90	-34.61
61.48	-34.09
61.48	-34.09
61.50	-33.13
61.50	-33.13
61.50	-33.13
61.78	-32.83
61.42	-32.82
61.42	-32.82
61.01	-33.02
60.37	-33.74
60.37	-33.74
59.84	-34.30
59.89	-34.23
59.89	-34.23
59.97	-34.04
59.97	-34.04
59.97	-34.04
59.65	-33.86
59.65	-33.86
58.89	-33.50
58.89	-33.50
58.60	-33.26
58.60	-33.26
58.11	-32.78
58.11	-32.78
57.81	-32.37
57.30	-30.91
57.30	-30.91
56.78	-29.51
56.27	-28.36
56.27	-28.36
55.71	-26.74
55.71	-26.74
55.33	-25.27
55.33	-25.27
54.73	-23.71
54.11	-22.54
54.11	-22.54
53.29	-21.39
53.29	-21.39
53.29	-21.39
53.26	-20.26
53.67	-19.70
53.67	-19.70
53.71	-19.64
53.82	-19.09
53.82	-19.09
53.78	-18.12
53.56	-17.24
53.56	-17.24
52.97	-16.43
52.97	-16.43
52.97	-16.43
52.65	-16.07
52.81	-15.83
52.81	-15.83
53.30	-15.52
53.84	-15.29
53.84	-15.29
54.35	-14.95
54.61	-14.34
54.61	-14.34
54.97	-13.85
55.27	-13.68
55.27	-13.68
55.53	-13.27
55.53	-13.27
55.53	-13.27
55.58	-13.15
55.56	-13.33
55.56	-13.33
55.48	-13.75
55.41	-15.15
55.41	-15.15
55.44	-14.75
55.44	-14.75
55.55	-13.83
55.55	-13.83
55.72	-13.66
55.72	-13.66
55.80	-14.06
55.80	-14.06
55.57	-14.21
55.33	-15.13
55.33	-15.13
54.91	-16.51
55.07	-14.95
55.07	-14.95
55.15	-14.47
55.27	-14.66
55.27	-14.66
55.32	-14.89
55.33	-15.08
55.33	-15.08
55.33	-15.08
55.30	-14.98
55.30	-14.98
55.33	-15.08
55.37	-15.17
55.37	-15.17
55.31	-15.33
55.34	-15.36
55.34	-15.36
55.57	-15.44
55.57	-15.44
55.57	-15.42
55.57	-15.42
55.38	-15.54
55.14	-15.71
55.14	-15.71
54.78	-15.65
54.38	-15.77
54.38	-15.77
53.71	-15.33
53.71	-15.33
53.71	-15.33
53.51	-15.06
53.38	-15.03
53.38	-15.03
53.41	-15.38
53.41	-15.38
53.69	-15.40
53.69	-15.40
53.72	-15.29
53.72	-15.29
53.39	-15.17
53.39	-15.17
53.53	-15.01
53.65	-15.16
53.65	-15.16
53.78	-15.19
53.78	-15.19
53.78	-15.19
54.06	-15.06
54.04	-14.89
54.04	-14.89
53.91	-14.62
53.75	-14.00
53.75	-14.00
53.45	-12.73
52.43	-10.38
52.43	-10.38
50.79	-8.46
50.79	-8.46
50.79	-8.46
49.29	-7.34
49.29	-7.34
47.84	-6.01
47.24	-5.53
47.24	-5.53
47.03	-5.07
47.44	-4.84
47.44	-4.84
47.85	-4.54
48.15	-3.74
48.15	-3.74
48.33	-2.74
48.33	-2.74
48.51	-2.05
48.51	-2.05
48.69	-1.63
48.74	-1.60
48.74	-1.60
48.81	-1.70
48.93	-1.81
48.93	-1.81
49.08	-1.96
49.08	-1.96
49.08	-1.96
49.07	-2.03
49.14	-1.92
49.14	-1.92
49.14	-1.85
49.09	-2.13
49.09	-2.13
48.92	-2.36
49.00	-2.33
49.00	-2.33
49.19	-2.48
49.19	-2.48
49.19	-2.48
49.28	-2.54
49.29	-2.57
49.29	-2.57
49.34	-2.75
49.36	-2.92
49.36	-2.92
49.41	-3.06
49.42	-3.22
49.42	-3.22
49.57	-3.32
49.57	-3.32
49.57	-3.32
49.75	-3.31
49.75	-3.31
49.88	-3.60
49.88	-3.60
49.93	-3.60
49.93	-3.60
49.93	-3.60
50.15	-4.02
50.15	-4.02
50.81	-4.44
50.81	-4.44
51.27	-5.26
51.27	-5.26
51.27	-5.26
51.73	-7.43
51.96	-6.97
51.96	-6.97
51.85	-4.96
51.62	-3.33
51.62	-3.33
51.34	-2.56
51.34	-2.56
51.04	-3.26
50.21	-5.07
50.21	-5.07
48.74	-6.50
48.74	-6.50
48.74	-6.50
46.81	-5.69
45.79	-4.30
45.79	-4.30
44.11	-2.46
44.11	-2.46
39.05	-1.69
33.00	-2.21
33.00	-2.21
27.70	-2.83
21.29	-3.04
21.29	-3.04
14.24	-3.70
8.49	-4.21
8.49	-4.21
3.38	-5.24
3.38	-5.24
3.38	-5.24
1.06	-6.59
0.16	-7.12
0.16	-7.12
-1.21	-7.20
-3.85	-7.37
-3.85	-7.37
-7.09	-7.34
-7.09	-7.34
-7.09	-7.34
-10.82	-7.92
-15.13	-8.35
-15.13	-8.35
-20.11	-9.08
-24.10	-9.56
-24.10	-9.56
-27.78	-9.59
-31.00	-9.81
-31.00	-9.81
-33.67	-9.94
-33.67	-9.94
-33.67	-9.94
-36.46	-10.67
-39.44	-10.81
-39.44	-10.81
-42.77	-10.73
-42.77	-10.73
-46.55	-11.51
-46.55	-11.51
-49.25	-12.10
-52.76	-13.25
-52.76	-13.25
-56.70	-14.01
-61.41	-15.55
-61.41	-15.55
-66.22	-16.95
-70.15	-17.69
-70.15	-17.69
-73.43	-18.78
-76.64	-19.67
-76.64	-19.67
-79.24	-20.03
-79.24	-20.03
-79.24	-20.03
-81.59	-19.90
-83.38	-19.79
-83.38	-19.79
-85.22	-20.08
-85.22	-20.08
-86.52	-20.37
-86.95	-20.34
-86.95	-20.34
-87.10	-19.83
-87.07	-19.58
-87.07	-19.58
-86.07	-19.98
-86.07	-19.98
-86.07	-19.98
-81.04	-18.17
-81.04	-18.17
-77.04	-17.36
-77.04	-17.36
-77.04	-17.36
-71.75	-16.38
-66.17	-16.54
-66.17	-16.54
-59.52	-16.78
-59.52	-16.78
-53.22	-17.33
-46.59	-17.79
-46.59	-17.79
-40.88	-18.39
-40.88	-18.39
-27.90	-20.15
-27.90	-20.15
-21.48	-20.61
-21.48	-20.61
-14.20	-21.60
-5.22	-23.04
-5.22	-23.04
2.93	-23.45
2.93	-23.45
2.93	-23.45
10.26	-23.81
10.26	-23.81
23.08	-24.18
23.08	-24.18
29.02	-24.83
29.02	-24.83
29.02	-24.83
34.27	-24.87
38.55	-25.33
38.55	-25.33
41.93	-25.81
45.12	-26.45
45.12	-26.45
48.18	-27.93
48.18	-27.93
51.61	-29.62
51.61	-29.62
58.38	-32.54
58.38	-32.54
60.74	-33.91
60.74	-33.91
60.74	-33.91
63.05	-35.88
65.06	-37.99
65.06	-37.99
67.37	-39.71
67.37	-39.71
69.17	-40.26
69.17	-40.26
71.01	-41.42
71.01	-41.42
71.52	-41.51
71.52	-41.51
71.25	-42.02
71.25	-42.02
71.25	-42.02
70.19	-43.57
70.19	-43.57
70.19	-43.57
69.99	-43.67
69.99	-43.67
71.82	-42.35
71.82	-42.35
72.90	-42.81
72.90	-42.81
73.69	-43.13
73.69	-43.13
73.69	-43.13
71.79	-41.99
71.79	-41.99
73.36	-40.43
73.36	-40.43
75.60	-38.95
75.60	-38.95
78.58	-38.19
78.58	-38.19
80.34	-36.93
82.64	-35.93
82.64	-35.93
82.64	-35.93
87.72	-33.05
87.72	-33.05
87.72	-33.05
89.12	-32.00
90.01	-31.03
90.01	-31.03
90.06	-29.87
90.36	-29.28
90.36	-29.28
91.37	-29.02
91.37	-29.02
91.72	-28.64
91.72	-28.64
91.85	-28.10
92.20	-28.19
92.20	-28.19
91.81	-28.43
91.81	-28.43
91.07	-28.04
91.07	-28.04
90.76	-28.44
90.34	-28.58
90.34	-28.58
90.05	-28.81
90.05	-28.81
89.81	-28.70
89.81	-28.70
89.44	-28.99
89.26	-29.65
89.26	-29.65
88.92	-30.13
88.92	-30.13
89.03	-30.19
89.04	-30.12
89.04	-30.12
89.51	-30.02
89.51	-30.02
90.41	-29.76
90.41	-29.76
91.38	-29.63
91.38	-29.63
95.05	-30.19
95.05	-30.19
99.39	-29.69
99.39	-29.69
104.62	-28.91
110.07	-27.79
110.07	-27.79
114.22	-27.81
114.22	-27.81
114.22	-27.81
117.89	-27.12
121.12	-27.05
121.12	-27.05
124.32	-27.16
127.93	-27.27
127.93	-27.27
130.71	-27.30
130.71	-27.30
132.44	-27.16
132.44	-27.16
134.44	-27.05
136.40	-27.70
136.40	-27.70
138.32	-28.15
138.32	-28.15
140.41	-28.41
140.41	-28.41
147.63	-27.68
147.63	-27.68
151.77	-27.47
151.77	-27.47
155.14	-26.66
155.14	-26.66
155.14	-26.66
160.56	-25.09
160.56	-25.09
163.08	-24.28
163.08	-24.28
164.96	-23.70
164.96	-23.70
166.24	-22.74
166.24	-22.74
167.44	-21.58
167.44	-21.58
167.69	-20.22
167.69	-20.22
166.85	-20.05
166.85	-20.05
165.84	-19.61
165.84	-19.61
164.76	-19.01
164.76	-19.01
164.05	-18.30
164.05	-18.30
163.01	-17.29
163.01	-17.29
161.08	-15.95
161.08	-15.95
160.54	-15.65
160.54	-15.65
160.16	-15.42
160.16	-15.42
159.71	-15.32
159.71	-15.32
159.32	-15.28
159.32	-15.28
158.74	-14.81
158.74	-14.81
158.60	-14.73
158.60	-14.73
158.09	-14.68
158.09	-14.68
157.70	-14.79
157.70	-14.79
157.42	-14.94
157.42	-14.94
157.30	-15.10
157.30	-15.10
156.73	-15.28
156.73	-15.28
156.67	-14.44
156.67	-14.44
156.14	-13.22
156.14	-13.22
154.97	-9.76
154.97	-9.76
154.48	-7.74
154.48	-7.74
153.56	-7.09
153.56	-7.09
151.97	-12.20
151.97	-12.20
151.91	-12.83
151.91	-12.83
151.76	-12.59
151.76	-12.59
151.92	-11.42
151.92	-11.42
152.62	-9.99
152.62	-9.99
153.69	-8.31
153.69	-8.31
156.17	-6.80
156.17	-6.80
157.12	-5.59
157.12	-5.59
157.51	-3.87
157.51	-3.87
157.73	-2.65
157.73	-2.65
157.94	-1.49
157.94	-1.49
158.49	0.06
158.49	0.06
159.90	1.74
159.90	1.74
159.76	1.84
159.76	1.84
159.65	1.54
159.65	1.54
159.84	2.22
159.84	2.22
159.75	2.82
159.75	2.82
160.01	3.52
160.01	3.52
160.66	4.94
160.66	4.94
160.89	5.51
160.89	5.51
161.04	6.30
161.04	6.30
161.35	7.01
161.57	7.76
161.57	7.76
161.57	7.76
162.17	7.83
163.76	6.29
163.76	6.29
165.14	3.68
165.55	0.45
165.55	0.45
165.25	-2.65
165.25	-2.65
165.32	-5.11
165.32	-5.11
165.54	-6.49
165.54	-6.49
166.09	-7.31
166.09	-7.31
167.60	-8.21
167.60	-8.21
169.71	-10.45
169.71	-10.45
169.71	-10.45
170.75	-11.77
171.35	-13.06
171.35	-13.06
171.57	-13.40
171.57	-13.40
171.29	-13.36
171.29	-13.36
170.03	-13.00
170.03	-13.00
169.47	-13.37
169.47	-13.37
168.89	-13.26
168.89	-13.26
168.34	-13.25
168.34	-13.25
167.98	-13.70
167.98	-13.70
167.87	-13.97
167.87	-13.97
168.19	-15.15
168.19	-15.15
168.22	-16.58
168.22	-16.58
167.97	-18.56
167.97	-18.56
167.97	-19.77
167.97	-19.77
168.23	-19.93
168.23	-19.93
168.65	-18.82
168.65	-18.82
166.92	-17.07
166.92	-17.07
165.34	-16.27
165.34	-16.27
163.38	-15.36
163.38	-15.36
160.40	-14.17
160.40	-14.17
155.63	-12.74
155.63	-12.74
150.44	-10.97
146.01	-8.97
146.01	-8.97
141.95	-7.85
141.95	-7.85
135.53	-5.78
135.53	-5.78
134.15	-5.14
134.15	-5.14
133.82	-4.16
133.82	-4.16
132.87	-3.06
131.98	-2.30
131.98	-2.30
130.44	-2.45
130.44	-2.45
128.34	-3.41
126.46	-4.91
126.46	-4.91
124.26	-5.22
124.26	-5.22
121.39	-7.23
121.39	-7.23
117.37	-10.07
117.37	-10.07
113.53	-11.59
113.53	-11.59
106.42	-13.84
106.42	-13.84
104.40	-14.51
104.40	-14.51
103.91	-14.15
103.91	-14.15
102.53	-14.56
102.53	-14.56
101.33	-14.89
101.33	-14.89
100.86	-15.87
100.86	-15.87
100.84	-16.07
100.84	-16.07
100.84	-16.07
100.25	-15.57
98.39	-15.43
98.39	-15.43
97.06	-15.33
97.06	-15.33
95.98	-15.37
95.98	-15.37
95.37	-15.63
95.37	-15.63
95.43	-15.79
95.43	-15.79
95.24	-16.30
95.24	-16.30
94.80	-17.61
94.80	-17.61
93.43	-19.28
93.43	-19.28
88.05	-24.27
88.05	-24.27
78.20	-30.13
78.20	-30.13
76.25	-30.17
76.25	-30.17
74.28	-30.93
73.32	-31.09
73.32	-31.09
73.04	-31.59
73.04	-31.59
73.04	-31.59
73.99	-32.66
73.99	-32.66
73.99	-32.66
74.50	-33.11
74.50	-33.11
75.29	-32.61
75.29	-32.61
75.29	-32.61
75.37	-32.64
75.37	-32.64
75.70	-32.46
75.92	-32.34
75.92	-32.34
75.89	-32.08
75.89	-32.08
76.11	-31.69
76.11	-31.69
76.39	-31.72
76.39	-31.72
76.45	-31.60
76.45	-31.60
76.70	-31.66
76.70	-31.66
76.68	-31.82
76.68	-31.82
76.68	-31.76
76.68	-31.76
76.74	-31.41
76.74	-31.41
76.72	-31.39
76.72	-31.39
76.78	-31.41
76.78	-31.41
76.67	-31.52
76.67	-31.52
76.76	-31.38
76.76	-31.38
76.87	-31.37
76.87	-31.37
77.01	-31.30
77.01	-31.30
77.01	-31.30
76.98	-31.31
76.86	-31.33
76.86	-31.33
76.76	-31.48
76.97	-31.61
76.97	-31.61
77.07	-31.50
77.07	-31.50
77.07	-31.50
77.27	-31.37
77.27	-31.37
77.27	-31.37
77.33	-31.27
77.39	-31.26
77.39	-31.26
77.44	-31.24
77.58	-31.22
77.58	-31.22
77.87	-31.12
77.87	-31.12
78.16	-31.05
78.16	-31.05
78.48	-31.08
78.48	-31.08
78.59	-31.10
78.59	-31.10
78.68	-31.18
78.68	-31.18
78.83	-31.36
78.83	-31.36
78.96	-31.27
78.96	-31.27
79.04	-31.21
79.04	-31.21
78.99	-31.21
78.99	-31.21
78.90	-31.35
78.90	-31.35
78.84	-31.19
78.84	-31.19
78.89	-31.24
78.89	-31.24
78.97	-31.15
78.97	-31.15
79.10	-30.96
79.10	-30.96
79.14	-31.18
79.14	-31.18
79.25	-31.12
79.25	-31.12
79.46	-30.78
79.46	-30.78
79.46	-30.78
79.68	-30.52
79.68	-30.52
79.84	-30.45
79.84	-30.45
79.75	-30.35
79.75	-30.35
79.75	-30.35
79.84	-29.92
79.84	-29.92
79.85	-29.79
79.85	-29.79
79.85	-29.79
79.83	-29.86
79.83	-29.86
79.92	-30.04
79.92	-30.04
79.92	-30.04
79.76	-29.97
79.76	-29.97
79.80	-30.23
79.80	-30.23
79.72	-30.56
79.72	-30.56
79.81	-30.06
79.81	-30.06
80.15	-28.26
80.15	-28.26
80.41	-27.38
80.41	-27.38
80.46	-27.36
80.46	-27.36
80.27	-28.35
80.27	-28.35
80.27	-28.35
80.17	-27.99
80.41	-27.87
80.41	-27.87
80.61	-27.61
80.76	-27.64
80.76	-27.64
81.18	-27.72
81.18	-27.72
81.47	-27.96
81.47	-27.96
81.89	-28.04
81.89	-28.04
82.95	-27.64
82.95	-27.64
83.38	-27.72
83.38	-27.72
83.38	-27.72
83.47	-28.00
83.47	-28.00
83.30	-27.90
83.30	-27.90
83.53	-27.59
83.53	-27.59
83.86	-27.42
83.86	-27.42
84.31	-27.64
84.31	-27.64
84.73	-27.96
84.73	-27.96
85.11	-27.59
85.47	-27.49
85.47	-27.49
85.76	-27.36
86.08	-27.31
86.08	-27.31
86.08	-27.31
85.86	-27.60
85.86	-27.60
85.69	-27.23
85.69	-27.23
85.88	-27.04
85.88	-27.04
86.26	-27.06
86.26	-27.06
87.93	-26.96
87.93	-26.96
92.70	-26.33
92.70	-26.33
104.69	-22.32
104.69	-22.32
108.63	-20.43
108.63	-20.43
111.69	-18.87
111.69	-18.87
112.61	-17.98
112.61	-17.98
112.60	-17.83
112.60	-17.83
110.18	-18.52
110.18	-18.52
109.23	-19.13
109.23	-19.13
108.74	-19.10
108.74	-19.10
108.61	-19.29
108.43	-19.33
108.43	-19.33
107.81	-19.45
107.27	-19.58
107.27	-19.58
106.84	-19.76
106.84	-19.76
106.84	-19.76
106.16	-19.93
105.62	-19.90
105.25	-19.74
105.25	-19.74
104.81	-19.74
104.81	-19.74
104.81	-19.74
104.44	-19.84
104.44	-19.84
104.44	-19.84
104.61	-19.80
104.55	-19.86
104.55	-19.86
104.28	-19.95
103.92	-19.76
103.92	-19.76
103.62	-19.64
103.62	-19.64
103.03	-19.51
102.70	-19.22
102.70	-19.22
102.33	-18.99
102.07	-18.42
102.07	-18.42
101.41	-17.66
101.41	-17.66
101.00	-18.06
101.00	-18.06
100.72	-18.70
100.72	-18.70
100.60	-17.88
100.60	-17.88
100.41	-17.40
100.21	-17.28
99.26	-17.55
99.26	-17.55
99.26	-17.55
97.86	-17.85
97.51	-18.10
97.66	-18.09
97.66	-18.09
98.10	-18.22
98.10	-18.22
98.10	-18.22
97.21	-18.66
97.21	-18.66
95.53	-18.56
95.53	-18.56
95.53	-18.56
93.40	-19.41
93.40	-19.41
93.01	-18.23
93.01	-18.23
94.01	-17.41
94.01	-17.41
94.24	-18.27
94.24	-18.27
93.47	-18.36
93.47	-18.36
93.01	-18.35
93.01	-18.35
91.85	-18.77
91.85	-18.77
92.26	-18.89
92.26	-18.89
92.51	-18.43
91.95	-19.22
91.95	-19.22
90.41	-19.87
90.41	-19.87
90.41	-19.87
87.61	-20.06
87.61	-20.06
87.61	-20.06
84.45	-20.42
80.88	-20.32
80.88	-20.32
80.24	-21.09
80.91	-20.93
80.91	-20.93
80.33	-20.83
79.13	-20.54
79.13	-20.54
78.15	-20.46
78.15	-20.46
78.15	-20.46
76.67	-20.89
76.67	-20.89
76.67	-20.89
77.25	-21.18
78.00	-20.46
78.00	-20.46
78.00	-20.46
79.23	-21.28
79.23	-21.28
79.14	-21.36
79.14	-21.36
79.14	-21.36
78.74	-20.98
78.74	-20.98
79.23	-21.63
79.23	-21.63
79.20	-20.76
79.20	-20.76
79.55	-20.60
79.55	-20.60
80.79	-21.44
80.79	-21.44
80.15	-19.68
80.15	-19.68
79.39	-18.71
80.18	-19.94
80.18	-19.94
80.85	-18.68
80.71	-18.61
80.71	-18.61
79.23	-19.12
79.23	-19.12
78.82	-19.10
78.82	-19.10
79.46	-19.59
79.46	-19.59
78.69	-20.12
78.69	-20.12
78.69	-20.12
78.04	-20.39
78.04	-20.39
77.63	-20.33
77.63	-20.33
74.93	-20.75
74.93	-20.75
71.70	-19.68
71.70	-19.68
67.59	-20.76
64.17	-22.38
64.17	-22.38
62.79	-24.09
62.79	-24.09
62.03	-25.04
62.03	-25.04
61.25	-23.94
61.25	-23.94
59.69	-24.25
59.69	-24.25
57.73	-27.02
56.86	-30.04
55.06	-30.41
55.06	-30.41
54.65	-35.47
54.65	-35.47
55.19	-38.04
55.19	-38.04
54.46	-44.34
54.46	-44.34
55.34	-45.12
55.34	-45.12
55.20	-45.36
55.20	-45.36
53.27	-45.21
53.27	-45.21
52.97	-44.29
52.97	-44.29
52.97	-44.29
53.81	-42.46
53.81	-42.46
56.19	-40.12
56.19	-40.12
56.19	-40.12
58.94	-39.09
63.54	-37.80
63.54	-37.80
69.38	-36.37
73.54	-35.97
73.54	-35.97
73.54	-35.97
78.09	-35.26
78.09	-35.26
79.43	-34.39
79.43	-34.39
79.72	-31.67
79.72	-31.67
80.39	-30.22
80.39	-30.22
81.42	-28.89
81.42	-28.89
82.99	-26.47
82.99	-26.47
83.90	-23.78
83.90	-23.78
84.97	-23.66
85.62	-22.95
85.62	-22.95
86.32	-22.12
86.32	-22.12
86.32	-22.12
87.21	-20.08
87.21	-20.08
87.04	-20.33
87.04	-20.33
87.04	-20.33
87.70	-23.56
87.70	-23.56
88.95	-24.32
88.95	-24.32
90.65	-25.69
90.65	-25.69
92.69	-25.88
92.69	-25.88
94.88	-25.82
94.88	-25.82
96.19	-25.69
96.19	-25.69
97.37	-26.52
97.37	-26.52
98.42	-25.61
98.42	-25.61
98.42	-25.61
99.42	-25.41
99.42	-25.41
102.26	-22.33
102.26	-22.33
103.20	-20.29
103.20	-20.29
103.70	-17.95
103.70	-17.95
104.05	-15.92
103.85	-14.46
103.85	-14.46
103.85	-14.46
102.96	-12.84
102.96	-12.84
103.02	-12.67
103.02	-12.67
103.02	-12.67
102.49	-11.62
102.27	-10.51
102.27	-10.51
102.38	-9.14
102.25	-8.08
102.25	-8.08
102.25	-8.08
101.97	-6.56
101.97	-6.56
101.89	-6.47
101.89	-6.47
101.89	-6.47
102.26	-5.96
102.26	-5.96
102.22	-6.05
102.22	-6.05
101.70	-5.82
101.70	-5.82
101.81	-5.74
101.81	-5.74
101.41	-5.93
100.91	-6.44
100.91	-6.44
100.80	-6.58
100.80	-6.58
100.56	-6.35
100.73	-6.11
100.73	-6.11
100.73	-6.11
100.85	-5.99
100.85	-5.99
100.71	-6.23
100.71	-6.23
100.66	-6.37
100.77	-6.29
100.77	-6.29
100.69	-6.61
100.69	-6.61
100.74	-6.64
100.74	-6.64
100.65	-6.70
100.55	-7.15
100.55	-7.15
100.55	-7.15
100.75	-7.54
100.87	-7.48
100.67	-7.48
100.67	-7.48
100.48	-7.79
100.48	-7.79
100.63	-7.93
100.63	-7.93
100.65	-8.10
100.38	-8.30
100.38	-8.30
100.16	-8.37
100.16	-8.37
100.22	-8.34
100.40	-8.33
100.40	-8.33
100.47	-8.19
100.47	-8.19
100.26	-8.23
100.26	-8.23
100.41	-8.36
100.41	-8.36
100.46	-8.65
100.46	-8.65
100.54	-8.84
100.54	-8.84
100.64	-8.85
100.64	-8.85
100.72	-9.07
100.72	-9.07
101.08	-9.43
101.08	-9.43
101.46	-9.07
101.86	-9.30
101.86	-9.30
101.80	-9.62
101.54	-9.73
101.54	-9.73
101.64	-9.98
101.64	-9.98
101.68	-10.32
101.68	-10.32
101.63	-10.91
101.38	-10.97
101.38	-10.97
101.28	-10.98
101.28	-10.98
101.30	-11.18
101.46	-11.06
101.46	-11.06
101.56	-11.06
101.56	-11.06
101.56	-11.18
101.49	-11.17
101.49	-11.17
101.63	-11.18
101.63	-11.18
101.68	-11.37
101.68	-11.37
101.61	-11.44
101.83	-11.66
101.83	-11.66
101.84	-11.59
101.84	-11.59
101.86	-11.51
102.18	-11.50
102.18	-11.50
102.33	-11.50
102.33	-11.50
102.32	-11.79
102.32	-11.98
102.32	-11.98
102.41	-12.11
102.41	-12.11
102.44	-12.56
102.53	-13.00
102.53	-13.00
102.69	-13.39
102.69	-13.39
102.77	-13.77
102.69	-13.97
102.69	-13.97
102.68	-14.16
102.68	-14.16
102.64	-14.13
102.64	-14.13
102.72	-14.18
102.81	-14.44
102.81	-14.44
102.68	-14.66
102.68	-14.66
102.65	-14.83
102.66	-14.86
102.66	-14.86
102.75	-14.91
102.75	-14.91
102.74	-15.05
102.71	-15.10
102.71	-15.10
102.91	-15.08
102.91	-15.08
102.94	-15.26
102.94	-15.26
103.15	-15.35
103.30	-15.41
103.30	-15.41
103.56	-15.38
103.56	-15.38
103.43	-15.48
103.49	-15.56
103.49	-15.56
103.49	-15.45
103.49	-15.45
103.50	-15.57
102.97	-15.50
102.97	-15.50
102.17	-15.61
102.17	-15.61
101.66	-15.61
101.39	-15.52
101.25	-15.62
100.80	-16.07
100.80	-16.07
100.42	-16.12
100.42	-16.12
100.07	-16.18
99.75	-16.38
99.75	-16.38
99.63	-16.38
99.63	-16.38
99.52	-16.11
99.26	-16.13
99.26	-16.13
98.97	-16.56
98.97	-16.56
98.97	-16.56
99.37	-17.06
99.12	-16.94
99.12	-16.94
98.00	-16.83
96.58	-16.65
96.58	-16.65
95.79	-17.09
95.79	-17.09
95.69	-16.86
95.69	-16.86
96.55	-16.37
97.43	-15.68
97.68	-15.62
98.09	-16.25
98.80	-18.56
100.59	-19.27
100.59	-19.27
100.59	-19.27
106.21	-20.93
106.21	-20.93
110.36	-21.90
110.36	-21.90
119.64	-25.48
119.64	-25.48
122.80	-28.12
123.73	-31.13
123.73	-31.13
123.09	-30.86
122.56	-30.43
122.56	-30.43
121.58	-29.32
121.07	-28.66
121.32	-28.53
121.32	-28.53
124.90	-28.94
124.90	-28.94
134.70	-26.65
134.70	-26.65
141.38	-24.16
148.00	-22.04
148.00	-22.04
152.84	-20.82
152.84	-20.82
155.78	-20.34
155.78	-20.34
155.99	-20.25
154.38	-19.92
154.38	-19.92
153.19	-20.07
152.67	-19.82
152.67	-19.82
153.16	-19.62
153.97	-19.80
153.97	-19.80
154.29	-20.86
153.62	-21.08
152.83	-22.85
152.83	-22.85
147.67	-24.32
138.54	-24.49
138.54	-24.49
129.14	-24.00
129.14	-24.00
113.98	-28.57
113.98	-28.57
111.21	-28.90
110.94	-31.93
110.94	-31.93
110.94	-31.93
109.25	-35.04
109.25	-35.04
108.16	-35.07
107.31	-36.04
107.31	-36.04
108.00	-34.83
108.07	-35.86
108.07	-35.86
108.67	-36.66
108.44	-38.26
108.44	-38.26
108.12	-40.09
107.99	-41.39
107.99	-41.39
107.85	-42.57
107.18	-45.61
106.26	-48.48
106.26	-48.48
105.38	-49.76
104.91	-51.66
104.91	-51.66
103.86	-55.94
103.86	-55.94
103.10	-57.81
102.29	-61.27
102.29	-61.27
100.72	-64.14
99.59	-66.94
97.63	-69.37
97.63	-69.37
96.50	-71.97
96.11	-73.43
96.89	-75.39
96.89	-75.39
96.53	-76.53
96.53	-76.53
94.00	-76.98
92.70	-76.05
91.21	-75.67
91.21	-75.67
91.53	-73.41
92.41	-70.96
92.41	-70.96
91.85	-69.60
89.76	-68.46
89.76	-68.46
88.52	-67.65
86.66	-65.69
86.66	-65.69
80.59	-62.41
80.59	-62.41
77.88	-61.35
75.90	-59.90
75.90	-59.90
73.88	-59.49
72.40	-59.06
72.40	-59.06
71.21	-58.60
70.55	-58.13
70.55	-58.13
68.78	-57.51
68.78	-57.51
66.77	-56.28
66.77	-56.28
58.75	-54.48
58.75	-54.48
58.75	-54.48
44.98	-52.45
44.98	-52.45
41.05	-51.99
37.35	-51.37
33.62	-50.85
33.62	-50.85
30.48	-50.84
28.17	-50.46
28.17	-50.46
27.22	-50.06
27.22	-50.06
23.65	-47.39
23.65	-47.39
21.30	-46.01
21.30	-46.01
15.22	-43.20
15.22	-43.20
15.22	-43.20
11.86	-41.64
11.86	-41.64
10.18	-41.88
9.11	-42.40
7.87	-41.97
7.87	-41.97
5.90	-41.63
3.95	-41.63
1.13	-40.86
1.13	-40.86
-2.10	-39.09
-4.34	-37.41
-4.34	-37.41
-6.45	-33.52
-6.45	-33.52
-6.72	-30.99
-6.93	-28.96
-7.30	-26.88
-7.30	-26.88
-8.68	-25.55
-8.68	-25.55
-11.40	-23.99
-11.40	-23.99
-12.17	-22.91
-12.31	-22.06
-12.31	-22.06
-12.13	-20.85
-12.13	-20.85
-10.58	-17.93
-10.58	-17.93
-9.56	-15.87
-9.56	-15.87
-9.18	-13.44
-8.76	-11.29
-8.76	-11.29
-6.66	-6.47
-6.66	-6.47
-6.66	-6.47
-4.75	-1.96
-4.29	-0.68
-4.29	-0.68
-4.02	0.31
-3.57	1.16
-3.57	1.16
-2.85	1.82
-2.26	1.69
-2.26	1.69
-1.73	1.41
-1.73	1.41
-1.36	1.23
-1.48	0.69
-1.48	0.69
-1.33	0.30
-0.90	-0.00
-0.48	-0.63
-0.49	-0.57
-0.49	-0.57
-0.49	-0.57
0.08	-0.56
0.49	-0.63
0.49	-0.63
0.80	-0.74
0.51	-0.83
0.51	-0.83
0.33	-2.71
0.33	-2.71
0.60	-4.08
0.78	-5.41
0.78	-5.41
0.55	-6.64
0.76	-7.87
0.87	-8.40
0.87	-8.40
0.92	-8.78
0.92	-8.78
1.46	-10.32
1.46	-10.32
2.20	-11.33
2.77	-12.04
3.07	-12.97
3.07	-12.97
3.69	-14.98
3.69	-14.98
4.41	-16.30
4.95	-16.91
5.36	-17.32
5.36	-17.32
5.70	-17.58
5.95	-17.76
5.95	-17.76
6.12	-18.02
6.48	-18.49
6.48	-18.49
6.84	-19.45
7.21	-20.09
7.90	-20.68
7.90	-20.68
8.21	-20.85
8.21	-20.85
8.62	-21.86
8.62	-21.86
9.06	-22.01
9.56	-21.80
9.56	-21.80
9.85	-21.72
10.13	-22.01
10.43	-22.60
10.43	-22.60
10.73	-23.08
11.41	-23.37
11.41	-23.37
11.41	-23.37
14.74	-22.56
17.47	-22.21
17.47	-22.21
20.40	-21.77
20.40	-21.77
23.48	-21.83
23.48	-21.83
28.06	-21.99
30.19	-21.53
30.19	-21.53
32.36	-21.28
33.51	-21.21
33.51	-21.21
34.57	-21.28
35.76	-21.06
36.77	-20.87
36.77	-20.87
37.79	-20.75
39.19	-20.57
39.19	-20.57
40.12	-20.53
40.12	-20.53
41.39	-20.78
43.16	-20.81
45.04	-20.62
45.04	-20.62
47.08	-20.57
47.08	-20.57
50.93	-19.79
50.93	-19.79
53.31	-19.64
55.60	-18.58
55.60	-18.58
57.45	-16.91
58.21	-15.56
58.21	-15.56
58.21	-15.56
59.58	-14.44
59.58	-14.44
59.79	-14.53
59.79	-14.53
61.45	-14.73
61.45	-14.73
63.49	-15.20
65.63	-16.46
65.63	-16.46
67.55	-18.13
69.64	-19.33
69.64	-19.33
71.73	-19.11
73.64	-18.62
73.64	-18.62
74.17	-19.42
74.08	-20.48
74.08	-20.48
74.75	-20.29
74.75	-20.29
76.42	-19.70
76.42	-19.70
76.42	-19.70
77.37	-20.69
77.37	-20.69
78.01	-21.60
78.75	-22.17
78.75	-22.17
79.27	-22.60
79.80	-22.99
79.93	-23.78
79.93	-23.78
79.54	-24.29
78.70	-24.85
78.70	-24.85
77.87	-25.93
77.18	-28.00
76.64	-32.16
76.64	-32.16
75.43	-37.92
75.43	-37.92
74.51	-45.33
74.51	-45.33
74.07	-46.53
74.07	-46.53
73.46	-47.74
74.07	-48.13
74.07	-48.13
74.68	-48.26
74.65	-49.03
74.65	-49.03
74.39	-49.58
74.19	-49.69
73.99	-49.69
73.99	-49.69
73.84	-49.57
73.84	-49.57
74.14	-49.79
74.37	-49.68
74.37	-49.68
74.08	-48.68
73.92	-47.27
73.87	-46.88
73.87	-46.88
73.76	-47.16
72.43	-46.77
72.43	-46.77
72.28	-45.93
72.59	-45.80
72.59	-45.80
72.60	-46.42
72.48	-46.78
72.48	-46.78
71.95	-46.22
71.24	-45.66
71.24	-45.66
69.94	-45.47
69.11	-45.50
68.32	-46.01
67.16	-46.16
67.16	-46.16
67.16	-46.16
61.20	-45.66
61.20	-45.66
61.20	-45.66
54.58	-46.45
53.61	-46.41
53.61	-46.41
52.05	-46.82
51.24	-46.66
51.24	-46.66
50.40	-46.55
50.40	-46.55
49.48	-46.46
47.22	-46.86
47.22	-46.86
44.75	-47.75
43.28	-47.44
41.51	-47.75
41.51	-47.75
39.37	-48.96
38.17	-49.45
38.17	-49.45
36.01	-50.91
33.73	-51.37
33.73	-51.37
31.74	-52.75
30.21	-53.94
30.21	-53.94
28.67	-54.44
28.67	-54.44
28.73	-55.98
29.25	-56.74
29.25	-56.74
28.78	-57.86
28.78	-57.86
27.69	-58.79
26.79	-58.46
26.79	-58.46
26.35	-58.49
26.01	-58.50
26.01	-58.50
26.48	-58.45
27.58	-58.53
28.34	-58.33
28.34	-58.33
28.54	-58.51
28.50	-59.05
28.50	-59.05
29.20	-60.09
30.88	-60.48
31.61	-61.06
31.61	-61.06
32.45	-61.25
33.33	-61.70
34.42	-62.35
34.42	-62.35
35.68	-62.98
36.60	-63.70
37.33	-64.25
37.33	-64.25
38.38	-64.71
39.81	-64.80
41.73	-64.83
41.73	-64.83
41.73	-64.83
47.80	-64.68
47.80	-64.68
51.04	-64.55
51.04	-64.55
58.39	-64.05
58.39	-64.05
60.51	-64.03
60.51	-64.03
62.51	-64.16
65.01	-64.14
68.18	-64.34
68.18	-64.34
72.54	-64.12
76.84	-63.92
76.84	-63.92
80.29	-63.69
83.33	-63.44
86.64	-63.39
86.64	-63.39
88.21	-63.29
88.21	-63.29
88.48	-62.49
88.48	-62.49
89.31	-62.12
89.31	-62.12
91.20	-62.11
92.42	-62.03
93.33	-61.47
93.33	-61.47
93.81	-61.22
94.31	-60.63
94.31	-60.63
94.85	-60.08
94.85	-60.08
94.48	-59.94
94.89	-59.84
94.89	-59.84
95.61	-60.10
95.91	-60.03
96.47	-59.99
96.47	-59.99
96.88	-59.98
96.88	-59.98
97.53	-59.95
97.53	-59.95
97.76	-59.96
98.17	-59.80
98.17	-59.80
98.17	-59.80
98.76	-59.37
98.76	-59.37
99.03	-59.19
99.29	-58.76
99.50	-58.27
99.50	-58.27
100.14	-57.74
101.11	-57.07
101.11	-57.07
101.89	-56.28
102.25	-55.01
102.06	-54.51
102.06	-54.51
101.80	-54.39
101.80	-54.39
102.29	-54.73
103.90	-54.39
105.89	-55.43
105.89	-55.43
107.32	-54.97
107.32	-54.97
108.53	-54.62
108.53	-54.62
108.21	-54.98
108.21	-54.98
107.95	-56.31
107.95	-56.31
108.88	-53.45
108.88	-53.45
110.42	-53.74
110.42	-53.74
111.93	-55.24
111.93	-55.24
112.85	-52.71
112.85	-52.71
112.73	-53.30
112.73	-53.30
112.91	-53.87
112.91	-53.87
114.51	-53.23
114.51	-53.23
116.24	-52.94
116.24	-52.94
118.90	-52.78
118.90	-52.78
132.30	-50.55
132.30	-50.55
138.16	-48.69
138.16	-48.69
144.83	-44.66
144.83	-44.66
146.95	-43.35
149.21	-41.64
151.35	-39.30
151.35	-39.30
153.74	-36.51
154.65	-33.70
154.65	-33.70
156.17	-30.95
158.14	-27.96
158.14	-27.96
162.73	-24.34
166.42	-22.31
169.15	-19.53
169.15	-19.53
171.31	-17.37
171.31	-17.37
172.51	-15.78
173.16	-14.72
173.16	-14.72
173.71	-13.93
174.12	-13.70
174.12	-13.70
174.17	-13.53
174.06	-13.32
174.01	-13.31
174.01	-13.31
174.01	-13.31
172.98	-14.13
172.98	-14.13
172.98	-14.13
171.96	-14.88
171.37	-15.53
171.37	-15.53
170.42	-17.15
169.74	-18.60
169.74	-18.60
169.19	-19.47
168.53	-19.90
168.53	-19.90
167.73	-20.49
167.24	-21.26
167.24	-21.26
166.50	-22.47
165.54	-23.77
162.80	-26.60
157.45	-31.01
157.45	-31.01
151.53	-34.48
146.28	-36.57
146.28	-36.57
142.18	-37.91
138.49	-39.59
135.19	-40.97
135.19	-40.97
133.58	-42.28
133.58	-42.28
130.94	-44.11
127.58	-46.18
127.58	-46.18
117.86	-50.47
117.86	-50.47
114.79	-51.82
112.54	-53.08
109.79	-54.09
109.79	-54.09
107.99	-55.56
107.99	-55.56
107.22	-56.66
106.96	-57.49
106.96	-57.49
107.15	-58.21
108.38	-58.57
108.38	-58.57
109.48	-58.82
110.01	-58.68
110.01	-58.68
109.68	-58.54
109.68	-58.54
109.52	-58.30
109.26	-57.93
109.26	-57.93
109.56	-57.69
110.01	-57.46
110.01	-57.46
110.74	-56.81
110.74	-56.81
110.93	-56.62
110.93	-56.62
110.94	-56.57
110.96	-56.82
111.29	-56.73
111.29	-56.73
111.71	-56.66
111.71	-56.66
112.11	-56.62
112.11	-56.62
112.21	-56.64
112.19	-56.71
112.19	-56.71
112.19	-56.71
111.91	-56.43
111.89	-56.24
111.89	-56.24
111.80	-56.26
111.57	-56.31
111.57	-56.31
111.50	-56.25
111.50	-56.25
111.42	-56.29
111.29	-56.36
111.45	-56.38
111.45	-56.38
111.25	-56.51
111.21	-56.55
111.21	-56.55
110.75	-56.59
110.75	-56.59
111.03	-56.61
111.09	-56.99
111.09	-56.99
111.02	-56.80
111.02	-56.80
110.89	-56.80
110.95	-56.83
110.95	-56.83
110.95	-56.83
110.99	-57.07
110.99	-57.07
111.06	-56.96
111.06	-56.96
111.55	-57.26
111.55	-57.26
111.39	-57.18
111.39	-57.18
111.37	-57.34
111.37	-57.34
111.23	-57.29
111.23	-57.29
111.15	-57.29
111.19	-57.26
111.19	-57.26
111.41	-57.40
111.24	-57.52
111.24	-57.52
111.48	-57.76
111.85	-57.95
111.72	-58.13
111.72	-58.13
111.42	-58.55
111.42	-58.55
111.60	-59.52
111.60	-59.52
111.60	-59.52
111.59	-60.40
110.91	-61.07
110.91	-61.07
108.86	-61.45
108.86	-61.45
108.86	-61.45
104.86	-58.12
103.12	-54.33
103.12	-54.33
102.20	-54.09
100.95	-57.28
96.47	-57.77
96.47	-57.77
94.29	-54.67
94.29	-54.67
92.94	-54.57
91.68	-55.66
90.27	-56.44
88.15	-57.83
88.15	-57.83
86.72	-58.26
85.70	-58.57
84.67	-58.64
84.67	-58.64
83.40	-59.76
82.00	-59.76
82.00	-59.76
81.10	-61.23
80.55	-62.64
80.37	-63.12
80.37	-63.12
81.00	-63.58
81.43	-64.47
81.43	-64.47
81.38	-65.57
81.42	-66.60
81.42	-66.60
80.84	-67.24
79.83	-67.77
79.83	-67.77
79.44	-67.91
79.70	-68.23
79.70	-68.23
79.71	-68.36
79.80	-68.04
79.80	-68.04
79.63	-67.83
79.07	-68.64
79.07	-68.64
78.78	-69.13
78.78	-69.13
78.91	-69.21
78.22	-68.39
78.22	-68.39
76.10	-67.29
72.34	-65.60
72.34	-65.60
68.83	-62.99
66.02	-58.90
66.06	-55.09
66.06	-55.09
66.06	-55.09
68.90	-44.31
68.90	-44.31
70.55	-40.81
71.58	-38.18
72.41	-36.21
72.41	-36.21
73.37	-34.43
73.37	-34.43
74.97	-28.90
74.97	-28.90
