57.58	-9.61
57.51	-9.30
57.51	-9.30
57.51	-9.30
57.51	-9.30
57.44	-9.30
57.44	-9.30
57.44	-9.30
57.44	-9.30
57.44	-9.30
57.51	-9.36
57.51	-9.36
57.51	-9.36
57.51	-9.36
57.51	-9.36
57.52	-9.20
57.52	-9.20
57.52	-9.20
57.52	-9.20
57.52	-9.20
57.42	-9.40
57.42	-9.40
57.42	-9.40
57.42	-9.40
57.42	-9.40
57.44	-9.30
57.44	-9.30
57.44	-9.30
57.44	-9.30
57.44	-9.30
57.43	-9.15
57.43	-9.15
57.43	-9.15
57.43	-9.15
57.43	-9.15
57.43	-9.15
57.51	-8.25
57.51	-8.25
57.51	-8.25
57.51	-8.25
57.51	-8.25
57.54	-8.36
57.54	-8.36
57.54	-8.36
57.54	-8.36
58.22	-8.13
58.22	-8.13
58.22	-8.13
58.22	-8.13
58.22	-8.13
59.57	-7.41
59.57	-7.41
59.57	-7.41
59.57	-7.41
59.57	-7.41
60.99	-6.98
60.99	-6.98
60.99	-6.98
60.99	-6.98
60.99	-6.98
60.99	-6.98
61.94	-7.51
61.94	-7.51
61.94	-7.51
61.94	-7.51
61.94	-7.51
62.31	-7.40
62.31	-7.40
62.31	-7.40
62.31	-7.40
62.31	-7.40
65.07	-7.48
65.07	-7.48
65.07	-7.48
65.07	-7.48
65.07	-7.48
68.75	-7.02
68.75	-7.02
68.75	-7.02
68.75	-7.02
68.75	-7.02
68.75	-7.02
70.52	-7.01
70.52	-7.01
70.52	-7.01
70.52	-7.01
73.26	-6.95
73.26	-6.95
73.26	-6.95
73.26	-6.95
73.26	-6.95
75.42	-7.10
75.42	-7.10
75.42	-7.10
75.42	-7.10
75.42	-7.10
78.01	-7.25
78.01	-7.25
78.01	-7.25
78.01	-7.25
78.01	-7.25
81.25	-7.61
81.25	-7.61
81.25	-7.61
81.25	-7.61
81.25	-7.61
82.75	-7.63
82.75	-7.63
82.75	-7.63
82.75	-7.63
82.75	-7.63
84.31	-7.84
84.31	-7.84
84.31	-7.84
84.31	-7.84
84.31	-7.84
86.12	-7.45
86.12	-7.45
86.12	-7.45
86.12	-7.45
89.41	-6.18
89.41	-6.18
89.41	-6.18
89.41	-6.18
89.41	-6.18
91.64	-5.60
91.64	-5.60
91.64	-5.60
91.64	-5.60
91.64	-5.60
93.34	-5.15
93.34	-5.15
93.34	-5.15
93.34	-5.15
93.34	-5.15
95.03	-4.63
95.03	-4.63
95.03	-4.63
95.03	-4.63
95.03	-4.63
97.23	-3.55
97.23	-3.55
97.23	-3.55
97.23	-3.55
97.23	-3.55
99.61	-2.96
99.61	-2.96
99.61	-2.96
99.61	-2.96
99.61	-2.96
102.53	-2.26
102.53	-2.26
102.53	-2.26
102.53	-2.26
102.53	-2.26
104.62	-1.04
104.62	-1.04
104.62	-1.04
104.62	-1.04
104.62	-1.04
105.30	0.26
105.30	0.26
105.30	0.26
105.30	0.26
105.30	0.26
106.14	0.86
106.14	0.86
106.14	0.86
106.14	0.86
106.14	0.86
106.41	2.81
106.41	2.81
106.41	2.81
106.41	2.81
106.41	2.81
105.67	4.98
105.67	4.98
105.67	4.98
105.67	4.98
105.67	4.98
104.93	5.75
104.93	5.75
104.93	5.75
104.93	5.75
104.93	5.75
103.49	7.15
103.49	7.15
103.49	7.15
103.49	7.15
103.49	7.15
103.49	7.15
99.52	5.91
99.52	5.91
99.52	5.91
99.52	5.91
99.52	5.91
97.28	4.61
97.28	4.61
97.28	4.61
97.28	4.61
94.70	2.03
94.70	2.03
94.70	2.03
94.70	2.03
94.70	2.03
89.73	-0.83
89.73	-0.83
89.73	-0.83
89.73	-0.83
89.73	-0.83
89.73	-0.83
83.13	-3.63
83.13	-3.63
83.13	-3.63
83.13	-3.63
83.13	-3.63
80.07	-5.23
80.07	-5.23
80.07	-5.23
80.07	-5.23
80.07	-5.23
78.53	-6.85
78.53	-6.85
78.53	-6.85
78.53	-6.85
78.53	-6.85
76.49	-6.97
76.49	-6.97
76.49	-6.97
76.49	-6.97
76.49	-6.97
76.49	-6.97
75.15	-7.18
75.15	-7.18
75.15	-7.18
75.15	-7.18
74.60	-7.49
74.60	-7.49
74.60	-7.49
74.60	-7.49
74.60	-7.49
74.60	-7.49
73.69	-7.14
73.69	-7.14
73.69	-7.14
73.69	-7.14
73.69	-7.14
72.87	-7.14
72.87	-7.14
72.87	-7.14
72.87	-7.14
72.28	-7.02
72.28	-7.02
72.28	-7.02
72.28	-7.02
71.30	-6.77
71.30	-6.77
71.30	-6.77
71.30	-6.77
71.30	-6.77
70.94	-7.02
70.94	-7.02
70.94	-7.02
70.94	-7.02
70.94	-7.02
70.64	-7.36
70.64	-7.36
70.64	-7.36
70.64	-7.36
70.64	-7.36
71.04	-7.98
71.04	-7.98
71.04	-7.98
71.04	-7.98
71.04	-7.98
71.08	-8.30
71.08	-8.30
71.08	-8.30
71.08	-8.30
71.08	-8.30
71.08	-8.33
71.08	-8.33
71.08	-8.33
71.08	-8.33
71.08	-8.33
70.60	-8.78
70.60	-8.78
70.60	-8.78
70.60	-8.78
70.60	-8.78
70.44	-8.63
70.44	-8.63
70.44	-8.63
70.44	-8.63
70.44	-8.63
70.44	-8.63
68.72	-8.25
68.72	-8.25
68.72	-8.25
68.72	-8.25
68.72	-8.25
61.29	-5.26
61.29	-5.26
61.29	-5.26
61.29	-5.26
52.66	-4.02
52.66	-4.02
52.66	-4.02
52.66	-4.02
52.66	-4.02
52.66	-4.02
45.97	-3.89
45.97	-3.89
45.97	-3.89
45.97	-3.89
40.50	-3.33
40.50	-3.33
40.50	-3.33
40.50	-3.33
40.50	-3.33
40.50	-3.33
33.13	-3.16
33.13	-3.16
33.13	-3.16
33.13	-3.16
30.49	-3.43
30.49	-3.43
30.49	-3.43
30.49	-3.43
30.49	-3.43
30.49	-3.43
26.89	-2.43
26.89	-2.43
26.89	-2.43
26.89	-2.43
23.09	-2.18
23.09	-2.18
23.09	-2.18
23.09	-2.18
23.09	-2.18
23.09	-2.18
18.25	-1.40
18.25	-1.40
18.25	-1.40
18.25	-1.40
12.82	0.48
12.82	0.48
12.82	0.48
12.82	0.48
12.82	0.48
12.82	0.48
6.57	2.58
6.57	2.58
6.57	2.58
6.57	2.58
2.43	4.28
2.43	4.28
2.43	4.28
2.43	4.28
2.43	4.28
2.43	4.28
-0.75	6.50
-0.75	6.50
-0.75	6.50
-0.75	6.50
-1.92	8.29
-1.92	8.29
-1.92	8.29
-1.92	8.29
-1.92	8.29
-1.92	8.29
-1.55	10.99
-1.55	10.99
-1.55	10.99
-1.55	10.99
-0.93	12.31
-0.93	12.31
-0.93	12.31
-0.93	12.31
-0.93	12.31
-0.93	12.31
-0.25	13.37
-0.25	13.37
-0.25	13.37
-0.25	13.37
0.33	13.32
0.33	13.32
0.33	13.32
0.33	13.32
0.33	13.32
0.33	13.32
1.08	13.65
1.08	13.65
1.08	13.65
1.08	13.65
1.81	12.64
1.81	12.64
1.81	12.64
1.81	12.64
1.81	12.64
1.81	12.64
2.38	12.31
2.38	12.31
2.38	12.31
2.38	12.31
2.38	12.31
3.55	12.79
3.55	12.79
3.55	12.79
3.55	12.79
3.91	11.69
3.91	11.69
3.91	11.69
3.91	11.69
3.91	11.69
3.91	11.69
5.17	10.14
5.17	10.14
5.17	10.14
5.17	10.14
5.49	9.17
5.49	9.17
5.49	9.17
5.49	9.17
5.49	9.17
5.49	9.17
5.35	8.65
5.35	8.65
5.35	8.65
5.35	8.65
5.05	9.10
5.05	9.10
5.05	9.10
5.05	9.10
5.05	9.10
5.05	9.10
3.59	12.64
3.59	12.64
3.59	12.64
3.59	12.64
1.67	19.65
1.67	19.65
1.67	19.65
1.67	19.65
1.67	19.65
1.67	19.65
-0.58	20.73
-0.58	20.73
-0.58	20.73
-0.58	20.73
-2.56	20.17
-2.56	20.17
-2.56	20.17
-2.56	20.17
-2.56	20.17
-2.56	20.17
-3.07	18.40
-3.07	18.40
-3.07	18.40
-3.07	18.40
-3.06	15.56
-3.06	15.56
-3.06	15.56
-3.06	15.56
-3.06	15.56
-3.06	15.56
-1.68	10.39
-1.68	10.39
-1.68	10.39
-1.68	10.39
-0.32	7.76
-0.32	7.76
-0.32	7.76
-0.32	7.76
-0.32	7.76
-0.32	7.76
-1.74	4.82
-1.74	4.82
-1.74	4.82
-1.74	4.82
-1.74	4.82
-9.22	3.58
-9.22	3.58
-9.22	3.58
-9.22	3.58
-9.22	3.58
-17.23	2.61
-17.23	2.61
-17.23	2.61
-17.23	2.61
-17.23	2.61
-34.07	3.69
-34.07	3.69
-34.07	3.69
-34.07	3.69
-34.07	3.69
-49.65	5.22
-49.65	5.22
-49.65	5.22
-49.65	5.22
-49.65	5.22
-59.51	3.04
-59.51	3.04
-59.51	3.04
-59.51	3.04
-59.51	3.04
-59.51	3.04
-60.78	1.75
-60.78	1.75
-60.78	1.75
-60.78	1.75
-57.52	1.43
-57.52	1.43
-57.52	1.43
-57.52	1.43
-57.52	1.43
-56.69	1.07
-56.69	1.07
-56.69	1.07
-56.69	1.07
-56.69	1.07
-47.13	0.51
-47.13	0.51
-47.13	0.51
-47.13	0.51
-47.13	0.51
-29.29	0.83
-29.29	0.83
-29.29	0.83
-29.29	0.83
-29.29	0.83
-13.33	3.29
-13.33	3.29
-13.33	3.29
-13.33	3.29
-13.33	3.29
7.12	4.28
7.12	4.28
7.12	4.28
7.12	4.28
7.12	4.28
27.40	4.33
27.40	4.33
27.40	4.33
27.40	4.33
27.40	4.33
39.83	4.12
39.83	4.12
39.83	4.12
39.83	4.12
39.83	4.12
45.81	4.53
45.81	4.53
45.81	4.53
45.81	4.53
45.81	4.53
45.10	4.28
45.10	4.28
45.10	4.28
45.10	4.28
45.10	4.28
39.74	3.49
39.74	3.49
39.74	3.49
39.74	3.49
39.74	3.49
29.06	3.31
29.06	3.31
29.06	3.31
29.06	3.31
29.06	3.31
12.14	3.03
12.14	3.03
12.14	3.03
12.14	3.03
12.14	3.03
-1.51	2.37
-1.51	2.37
-1.51	2.37
-1.51	2.37
-1.51	2.37
-12.48	1.45
-12.48	1.45
-12.48	1.45
-12.48	1.45
-12.48	1.45
-16.62	0.81
-16.62	0.81
-16.62	0.81
-16.62	0.81
-16.62	0.81
-14.82	0.09
-14.82	0.09
-14.82	0.09
-14.82	0.09
-14.82	0.09
-11.43	-0.64
-11.43	-0.64
-11.43	-0.64
-11.43	-0.64
-11.43	-0.64
-6.99	-0.90
-6.99	-0.90
-6.99	-0.90
-6.99	-0.90
-6.99	-0.90
-2.47	-1.09
-2.47	-1.09
-2.47	-1.09
-2.47	-1.09
-2.47	-1.09
1.68	-0.94
1.68	-0.94
1.68	-0.94
1.68	-0.94
1.68	-0.94
6.74	-0.97
6.74	-0.97
6.74	-0.97
6.74	-0.97
6.74	-0.97
11.28	-1.11
11.28	-1.11
11.28	-1.11
11.28	-1.11
11.28	-1.11
14.26	-1.36
14.26	-1.36
14.26	-1.36
14.26	-1.36
14.26	-1.36
16.58	-1.47
16.58	-1.47
16.58	-1.47
16.58	-1.47
16.58	-1.47
17.68	-1.72
17.68	-1.72
17.68	-1.72
17.68	-1.72
17.68	-1.72
18.53	-2.14
18.53	-2.14
18.53	-2.14
18.53	-2.14
18.53	-2.14
18.75	-2.16
18.75	-2.16
18.75	-2.16
18.75	-2.16
18.75	-2.16
18.95	-1.89
18.95	-1.89
18.95	-1.89
18.95	-1.89
18.95	-1.89
19.23	-1.65
19.23	-1.65
19.23	-1.65
19.23	-1.65
19.23	-1.65
19.02	-1.62
19.02	-1.62
19.02	-1.62
19.02	-1.62
19.02	-1.62
18.23	-2.03
18.23	-2.03
18.23	-2.03
18.23	-2.03
18.23	-2.03
17.14	-2.31
17.14	-2.31
17.14	-2.31
17.14	-2.31
17.14	-2.31
17.20	-2.26
17.20	-2.26
17.20	-2.26
17.20	-2.26
17.20	-2.26
17.85	-2.26
17.85	-2.26
17.85	-2.26
17.85	-2.26
17.85	-2.26
17.86	-2.04
17.86	-2.04
17.86	-2.04
17.86	-2.04
17.86	-2.04
17.82	-2.17
17.82	-2.17
17.82	-2.17
17.82	-2.17
17.82	-2.17
17.80	-2.08
17.80	-2.08
17.80	-2.08
17.80	-2.08
17.80	-2.08
17.93	-2.11
17.93	-2.11
17.93	-2.11
17.93	-2.11
17.93	-2.11
18.29	-2.22
18.29	-2.22
18.29	-2.22
18.29	-2.22
18.29	-2.22
18.48	-2.18
18.48	-2.18
18.48	-2.18
18.48	-2.18
18.48	-2.18
19.14	-2.08
19.14	-2.08
19.14	-2.08
19.14	-2.08
19.14	-2.08
19.73	-1.83
19.73	-1.83
19.73	-1.83
19.73	-1.83
19.73	-1.83
19.70	-2.13
19.70	-2.13
19.70	-2.13
19.70	-2.13
19.70	-2.13
19.60	-1.86
19.60	-1.86
19.60	-1.86
19.60	-1.86
19.60	-1.86
19.69	-1.89
19.69	-1.89
19.69	-1.89
19.69	-1.89
19.69	-1.89
20.81	-1.63
20.81	-1.63
20.81	-1.63
20.81	-1.63
20.81	-1.63
24.03	-0.83
24.03	-0.83
24.03	-0.83
24.03	-0.83
24.03	-0.83
31.72	-0.59
31.72	-0.59
31.72	-0.59
31.72	-0.59
31.72	-0.59
47.14	-0.43
47.14	-0.43
47.14	-0.43
47.14	-0.43
47.14	-0.43
61.44	-0.30
61.44	-0.30
61.44	-0.30
61.44	-0.30
61.44	-0.30
74.70	-0.62
74.70	-0.62
74.70	-0.62
74.70	-0.62
74.70	-0.62
87.62	-0.82
87.62	-0.82
87.62	-0.82
87.62	-0.82
87.62	-0.82
97.74	-1.66
97.74	-1.66
97.74	-1.66
97.74	-1.66
97.74	-1.66
104.75	-2.37
104.75	-2.37
104.75	-2.37
104.75	-2.37
104.75	-2.37
110.37	-2.86
110.37	-2.86
110.37	-2.86
110.37	-2.86
110.37	-2.86
116.04	-2.84
116.04	-2.84
116.04	-2.84
116.04	-2.84
116.04	-2.84
120.82	-3.27
120.82	-3.27
120.82	-3.27
120.82	-3.27
120.82	-3.27
128.77	-2.67
128.77	-2.67
128.77	-2.67
128.77	-2.67
128.77	-2.67
136.17	-2.59
136.17	-2.59
136.17	-2.59
136.17	-2.59
136.17	-2.59
139.03	0.80
139.03	0.80
139.03	0.80
139.03	0.80
139.03	0.80
136.43	4.61
136.43	4.61
136.43	4.61
136.43	4.61
136.43	4.61
134.08	11.22
134.08	11.22
134.08	11.22
134.08	11.22
134.08	11.22
132.62	15.97
132.62	15.97
132.62	15.97
132.62	15.97
132.62	15.97
132.24	19.31
132.24	19.31
132.24	19.31
132.24	19.31
132.24	19.31
131.09	20.30
131.09	20.30
131.09	20.30
131.09	20.30
131.09	20.30
128.30	16.01
128.30	16.01
128.30	16.01
128.30	16.01
128.30	16.01
126.54	8.63
126.54	8.63
126.54	8.63
126.54	8.63
126.54	8.63
124.61	4.57
124.61	4.57
124.61	4.57
124.61	4.57
124.61	4.57
122.14	0.66
122.14	0.66
122.14	0.66
122.14	0.66
122.14	0.66
119.61	-1.93
119.61	-1.93
119.61	-1.93
119.61	-1.93
119.61	-1.93
116.35	-4.46
116.35	-4.46
116.35	-4.46
116.35	-4.46
116.35	-4.46
110.26	-5.32
110.26	-5.32
110.26	-5.32
110.26	-5.32
101.07	-4.21
101.07	-4.21
101.07	-4.21
101.07	-4.21
101.07	-4.21
93.38	-3.84
93.38	-3.84
93.38	-3.84
93.38	-3.84
93.38	-3.84
86.19	-3.15
86.19	-3.15
86.19	-3.15
86.19	-3.15
86.19	-3.15
77.91	-2.81
77.91	-2.81
77.91	-2.81
77.91	-2.81
77.91	-2.81
70.56	-3.04
70.56	-3.04
70.56	-3.04
70.56	-3.04
70.56	-3.04
65.05	-3.15
65.05	-3.15
65.05	-3.15
65.05	-3.15
65.05	-3.15
63.24	-3.17
63.24	-3.17
63.24	-3.17
63.24	-3.17
63.24	-3.17
62.85	-2.09
62.85	-2.09
62.85	-2.09
62.85	-2.09
62.85	-2.09
62.75	-1.51
62.75	-1.51
62.75	-1.51
62.75	-1.51
62.75	-1.51
63.91	-0.70
63.91	-0.70
63.91	-0.70
63.91	-0.70
63.91	-0.70
64.13	-0.96
64.13	-0.96
64.13	-0.96
64.13	-0.96
64.13	-0.96
64.59	-1.32
64.59	-1.32
64.59	-1.32
64.59	-1.32
64.59	-1.32
64.84	-1.74
64.84	-1.74
64.84	-1.74
64.84	-1.74
64.84	-1.74
64.84	-1.74
64.92	-2.08
64.92	-2.08
64.92	-2.08
64.92	-2.08
64.85	-2.65
64.85	-2.65
64.85	-2.65
64.85	-2.65
64.85	-2.65
64.85	-2.65
64.91	-3.05
64.91	-3.05
64.91	-3.05
64.91	-3.05
64.94	-3.70
64.94	-3.70
64.94	-3.70
64.94	-3.70
64.94	-3.70
64.94	-3.70
64.93	-2.70
64.93	-2.70
64.93	-2.70
64.93	-2.70
67.80	-3.07
67.80	-3.07
67.80	-3.07
67.80	-3.07
67.80	-3.07
67.80	-3.07
68.41	-3.04
68.41	-3.04
68.41	-3.04
68.41	-3.04
69.62	-4.09
69.62	-4.09
69.62	-4.09
69.62	-4.09
69.62	-4.09
69.62	-4.09
70.45	-4.59
70.45	-4.59
70.45	-4.59
70.45	-4.59
71.35	-3.85
71.35	-3.85
71.35	-3.85
71.35	-3.85
71.35	-3.85
71.45	-3.04
71.45	-3.04
71.45	-3.04
71.45	-3.04
71.45	-3.04
71.32	-1.89
71.32	-1.89
71.32	-1.89
71.32	-1.89
71.32	-1.89
70.82	-0.89
70.82	-0.89
70.82	-0.89
70.82	-0.89
70.82	-0.89
70.82	-0.89
70.01	-0.76
70.01	-0.76
70.01	-0.76
70.01	-0.76
70.01	-0.76
70.02	-0.45
70.02	-0.45
70.02	-0.45
70.02	-0.45
69.47	-0.75
69.47	-0.75
69.47	-0.75
69.47	-0.75
69.47	-0.75
69.47	-0.75
69.16	-0.98
69.16	-0.98
69.16	-0.98
69.16	-0.98
69.92	-1.37
69.92	-1.37
69.92	-1.37
69.92	-1.37
69.92	-1.37
69.92	-1.37
79.07	-3.03
79.07	-3.03
79.07	-3.03
79.07	-3.03
95.26	-4.76
95.26	-4.76
95.26	-4.76
95.26	-4.76
95.26	-4.76
95.26	-4.76
110.95	-6.63
110.95	-6.63
110.95	-6.63
110.95	-6.63
123.90	-5.50
123.90	-5.50
123.90	-5.50
123.90	-5.50
123.90	-5.50
123.90	-5.50
135.63	-3.69
135.63	-3.69
135.63	-3.69
135.63	-3.69
145.35	-1.78
145.35	-1.78
145.35	-1.78
145.35	-1.78
145.35	-1.78
145.35	-1.78
150.78	-1.01
150.78	-1.01
150.78	-1.01
150.78	-1.01
155.54	0.30
155.54	0.30
155.54	0.30
155.54	0.30
155.54	0.30
155.54	0.30
158.43	-1.15
158.43	-1.15
158.43	-1.15
158.43	-1.15
168.76	-0.53
168.76	-0.53
168.76	-0.53
168.76	-0.53
168.76	-0.53
168.76	-0.53
-178.24	-1.00
-178.24	-1.00
-178.24	-1.00
-178.24	-1.00
-168.69	0.06
-168.69	0.06
-168.69	0.06
-168.69	0.06
-168.69	0.06
-168.69	0.06
-159.71	-0.18
-159.71	-0.18
-159.71	-0.18
-159.71	-0.18
-147.09	-1.03
-147.09	-1.03
-147.09	-1.03
-147.09	-1.03
-147.09	-1.03
-147.09	-1.03
-141.56	0.43
-141.56	0.43
-141.56	0.43
-141.56	0.43
-133.87	-0.30
-133.87	-0.30
-133.87	-0.30
-133.87	-0.30
-133.87	-0.30
-127.34	-0.58
-127.34	-0.58
-127.34	-0.58
-127.34	-0.58
-127.34	-0.58
-127.34	-0.58
-120.39	-1.81
-120.39	-1.81
-120.39	-1.81
-120.39	-1.81
-115.63	-2.99
-115.63	-2.99
-115.63	-2.99
-115.63	-2.99
-115.63	-2.99
-115.63	-2.99
-111.88	-4.26
-111.88	-4.26
-111.88	-4.26
-111.88	-4.26
-112.31	-4.43
-112.31	-4.43
-112.31	-4.43
-112.31	-4.43
-112.31	-4.43
-112.31	-4.43
-113.18	-4.85
-113.18	-4.85
-113.18	-4.85
-113.18	-4.85
-116.61	-3.97
-116.61	-3.97
-116.61	-3.97
-116.61	-3.97
-116.61	-3.97
-116.61	-3.97
-122.33	-3.64
-122.33	-3.64
-122.33	-3.64
-122.33	-3.64
-130.48	-2.96
-130.48	-2.96
-130.48	-2.96
-130.48	-2.96
-130.48	-2.96
-130.48	-2.96
-141.24	-3.19
-141.24	-3.19
-141.24	-3.19
-141.24	-3.19
-154.31	-4.72
-154.31	-4.72
-154.31	-4.72
-154.31	-4.72
-154.31	-4.72
-171.55	-4.77
-171.55	-4.77
-171.55	-4.77
-171.55	-4.77
-171.55	-4.77
172.16	-6.01
172.16	-6.01
172.16	-6.01
172.16	-6.01
172.16	-6.01
161.21	-6.37
161.21	-6.37
161.21	-6.37
161.21	-6.37
161.21	-6.37
152.90	-8.11
152.90	-8.11
152.90	-8.11
152.90	-8.11
152.90	-8.11
152.90	-8.11
145.18	-7.24
145.18	-7.24
145.18	-7.24
145.18	-7.24
136.62	-6.30
136.62	-6.30
136.62	-6.30
136.62	-6.30
136.62	-6.30
126.48	-5.39
126.48	-5.39
126.48	-5.39
126.48	-5.39
126.48	-5.39
114.83	-5.55
114.83	-5.55
114.83	-5.55
114.83	-5.55
114.83	-5.55
105.20	-6.94
105.20	-6.94
105.20	-6.94
105.20	-6.94
105.20	-6.94
105.20	-6.94
97.27	-8.24
97.27	-8.24
97.27	-8.24
97.27	-8.24
97.27	-8.24
89.40	-9.55
89.40	-9.55
89.40	-9.55
89.40	-9.55
89.40	-9.55
85.75	-8.67
85.75	-8.67
85.75	-8.67
85.75	-8.67
85.75	-8.67
85.50	-7.03
85.50	-7.03
85.50	-7.03
85.50	-7.03
85.50	-7.03
80.53	-6.07
80.53	-6.07
80.53	-6.07
80.53	-6.07
80.53	-6.07
78.07	-6.43
78.07	-6.43
78.07	-6.43
78.07	-6.43
78.07	-6.43
75.81	-6.26
75.81	-6.26
75.81	-6.26
75.81	-6.26
75.81	-6.26
70.98	-7.75
70.98	-7.75
70.98	-7.75
70.98	-7.75
70.98	-7.75
64.47	-6.73
64.47	-6.73
64.47	-6.73
64.47	-6.73
56.76	-6.08
56.76	-6.08
56.76	-6.08
56.76	-6.08
56.76	-6.08
47.43	-4.43
47.43	-4.43
47.43	-4.43
47.43	-4.43
47.43	-4.43
42.42	-5.14
42.42	-5.14
42.42	-5.14
42.42	-5.14
42.42	-5.14
37.18	-5.57
37.18	-5.57
37.18	-5.57
37.18	-5.57
37.18	-5.57
32.43	-5.66
32.43	-5.66
32.43	-5.66
32.43	-5.66
32.43	-5.66
24.16	-4.59
24.16	-4.59
24.16	-4.59
24.16	-4.59
24.16	-4.59
11.26	0.80
11.26	0.80
11.26	0.80
11.26	0.80
11.26	0.80
11.26	0.80
0.59	6.57
0.59	6.57
0.59	6.57
0.59	6.57
0.59	6.57
-3.73	9.52
-3.73	9.52
-3.73	9.52
-3.73	9.52
-3.73	9.52
-4.66	14.60
-4.66	14.60
-4.66	14.60
-4.66	14.60
-4.66	14.60
-2.32	18.32
-2.32	18.32
-2.32	18.32
-2.32	18.32
-2.32	18.32
6.23	22.36
6.23	22.36
6.23	22.36
6.23	22.36
6.23	22.36
16.28	25.66
16.28	25.66
16.28	25.66
16.28	25.66
16.28	25.66
22.95	29.05
22.95	29.05
22.95	29.05
22.95	29.05
22.95	29.05
28.34	32.16
28.34	32.16
28.34	32.16
28.34	32.16
28.34	32.16
30.04	33.76
30.04	33.76
30.04	33.76
30.04	33.76
30.04	33.76
28.97	32.66
28.97	32.66
28.97	32.66
28.97	32.66
28.97	32.66
24.66	30.00
24.66	30.00
24.66	30.00
24.66	30.00
24.66	30.00
16.56	23.88
16.56	23.88
16.56	23.88
16.56	23.88
16.56	23.88
2.91	18.24
2.91	18.24
2.91	18.24
2.91	18.24
2.91	18.24
-6.21	15.95
-6.21	15.95
-6.21	15.95
-6.21	15.95
-6.21	15.95
-14.47	13.64
-14.47	13.64
-14.47	13.64
-14.47	13.64
-14.47	13.64
-20.37	14.62
-20.37	14.62
-20.37	14.62
-20.37	14.62
-20.37	14.62
-20.97	17.06
-20.97	17.06
-20.97	17.06
-20.97	17.06
-20.97	17.06
-19.54	20.53
-19.54	20.53
-19.54	20.53
-19.54	20.53
-19.54	20.53
-18.97	21.89
-18.97	21.89
-18.97	21.89
-18.97	21.89
-18.97	21.89
-18.09	23.43
-18.09	23.43
-18.09	23.43
-18.09	23.43
-18.09	23.43
-18.07	24.44
-18.07	24.44
-18.07	24.44
-18.07	24.44
-18.07	24.44
-18.76	25.29
-18.76	25.29
-18.76	25.29
-18.76	25.29
-18.76	25.29
-19.80	25.92
-19.80	25.92
-19.80	25.92
-19.80	25.92
-19.80	25.92
-17.64	28.11
-17.64	28.11
-17.64	28.11
-17.64	28.11
-17.64	28.11
-15.00	30.18
-15.00	30.18
-15.00	30.18
-15.00	30.18
-15.00	30.18
-11.51	33.10
-11.51	33.10
-11.51	33.10
-11.51	33.10
-11.51	33.10
-7.43	37.84
-7.43	37.84
-7.43	37.84
-7.43	37.84
-7.43	37.84
-3.67	37.99
-3.67	37.99
-3.67	37.99
-3.67	37.99
-3.67	37.99
-1.39	39.30
-1.39	39.30
-1.39	39.30
-1.39	39.30
-1.39	39.30
0.89	39.43
0.89	39.43
0.89	39.43
0.89	39.43
0.89	39.43
1.46	38.95
1.46	38.95
1.46	38.95
1.46	38.95
1.46	38.95
1.06	39.01
1.06	39.01
1.06	39.01
1.06	39.01
1.06	39.01
-0.37	38.74
-0.37	38.74
-0.37	38.74
-0.37	38.74
-0.37	38.74
-2.05	37.52
-2.05	37.52
-2.05	37.52
-2.05	37.52
-2.05	37.52
-4.50	34.08
-4.50	34.08
-4.50	34.08
-4.50	34.08
-4.50	34.08
-9.36	30.10
-9.36	30.10
-9.36	30.10
-9.36	30.10
-9.36	30.10
-10.86	26.15
-10.86	26.15
-10.86	26.15
-10.86	26.15
-10.86	26.15
-11.36	21.62
-11.36	21.62
-11.36	21.62
-11.36	21.62
-10.08	12.75
-10.08	12.75
-10.08	12.75
-10.08	12.75
-10.08	12.75
-8.44	3.08
-8.44	3.08
-8.44	3.08
-8.44	3.08
-8.44	3.08
-8.44	3.08
-5.40	-7.68
-5.40	-7.68
-5.40	-7.68
-5.40	-7.68
-5.40	-7.68
-2.93	-14.33
-2.93	-14.33
-2.93	-14.33
-2.93	-14.33
-2.93	-14.33
-0.74	-15.36
-0.74	-15.36
-0.74	-15.36
-0.74	-15.36
-0.74	-15.36
-0.39	-14.76
-0.39	-14.76
-0.39	-14.76
-0.39	-14.76
-0.39	-14.76
0.40	-12.76
0.40	-12.76
0.40	-12.76
0.40	-12.76
0.40	-12.76
0.60	-9.98
0.60	-9.98
0.60	-9.98
0.60	-9.98
0.60	-9.98
0.08	-8.13
0.08	-8.13
0.08	-8.13
0.08	-8.13
0.08	-8.13
-0.16	-6.95
-0.16	-6.95
-0.16	-6.95
-0.16	-6.95
-0.16	-6.95
0.53	-5.15
0.53	-5.15
0.53	-5.15
0.53	-5.15
0.53	-5.15
2.70	4.27
2.70	4.27
2.70	4.27
2.70	4.27
2.70	4.27
7.39	6.11
7.39	6.11
7.39	6.11
7.39	6.11
7.39	6.11
12.02	8.03
12.02	8.03
12.02	8.03
12.02	8.03
12.02	8.03
18.12	10.42
18.12	10.42
18.12	10.42
18.12	10.42
18.12	10.42
22.76	13.40
22.76	13.40
22.76	13.40
22.76	13.40
22.76	13.40
28.38	19.10
28.38	19.10
28.38	19.10
28.38	19.10
28.38	19.10
35.41	24.78
35.41	24.78
35.41	24.78
35.41	24.78
35.41	24.78
35.41	24.78
41.39	29.56
41.39	29.56
41.39	29.56
41.39	29.56
46.79	32.52
46.79	32.52
46.79	32.52
46.79	32.52
46.79	32.52
46.79	32.52
49.54	35.29
49.54	35.29
49.54	35.29
49.54	35.29
50.73	36.74
50.73	36.74
50.73	36.74
50.73	36.74
50.73	36.74
50.73	36.74
50.65	37.98
50.65	37.98
50.65	37.98
50.65	37.98
49.57	39.94
49.57	39.94
49.57	39.94
49.57	39.94
49.57	39.94
47.57	40.80
47.57	40.80
47.57	40.80
47.57	40.80
47.57	40.80
46.30	39.98
46.30	39.98
46.30	39.98
46.30	39.98
46.30	39.98
45.08	39.63
45.08	39.63
45.08	39.63
45.08	39.63
45.08	39.63
45.52	39.50
45.52	39.50
45.52	39.50
45.52	39.50
45.52	39.50
46.89	39.41
46.89	39.41
46.89	39.41
46.89	39.41
46.89	39.41
46.89	39.41
48.33	39.07
48.33	39.07
48.33	39.07
48.33	39.07
48.52	39.72
48.52	39.72
48.52	39.72
48.52	39.72
48.52	39.72
48.52	39.72
46.26	39.14
46.26	39.14
46.26	39.14
46.26	39.14
43.46	39.01
43.46	39.01
43.46	39.01
43.46	39.01
43.46	39.01
43.46	39.01
38.79	38.70
38.79	38.70
38.79	38.70
38.79	38.70
34.48	39.50
34.48	39.50
34.48	39.50
34.48	39.50
34.48	39.50
34.48	39.50
30.84	40.37
30.84	40.37
30.84	40.37
30.84	40.37
26.75	40.33
26.75	40.33
26.75	40.33
26.75	40.33
26.75	40.33
26.75	40.33
25.04	39.75
25.04	39.75
25.04	39.75
25.04	39.75
24.21	38.15
24.21	38.15
24.21	38.15
24.21	38.15
24.21	38.15
24.21	38.15
24.46	37.10
24.46	37.10
24.46	37.10
24.46	37.10
23.36	34.46
23.36	34.46
23.36	34.46
23.36	34.46
23.36	34.46
23.36	34.46
22.72	32.61
22.72	32.61
22.72	32.61
22.72	32.61
22.82	32.56
22.82	32.56
22.82	32.56
22.82	32.56
22.82	32.56
22.82	32.56
23.08	32.24
23.08	32.24
23.08	32.24
23.08	32.24
23.59	31.81
23.59	31.81
23.59	31.81
23.59	31.81
23.59	31.81
23.59	31.81
24.17	31.82
24.17	31.82
24.17	31.82
24.17	31.82
24.57	31.90
24.57	31.90
24.57	31.90
24.57	31.90
24.57	31.90
24.57	31.90
24.70	31.96
24.70	31.96
24.70	31.96
24.70	31.96
24.89	30.93
24.89	30.93
24.89	30.93
24.89	30.93
24.89	30.93
24.89	30.93
24.55	28.03
24.55	28.03
24.55	28.03
24.55	28.03
22.51	24.21
22.51	24.21
22.51	24.21
22.51	24.21
22.51	24.21
22.51	24.21
20.15	19.87
20.15	19.87
20.15	19.87
20.15	19.87
16.86	11.78
16.86	11.78
16.86	11.78
16.86	11.78
16.86	11.78
16.86	11.78
17.13	4.13
17.13	4.13
17.13	4.13
17.13	4.13
15.44	-0.53
15.44	-0.53
15.44	-0.53
15.44	-0.53
15.44	-0.53
15.44	-0.53
13.98	-2.85
13.98	-2.85
13.98	-2.85
13.98	-2.85
13.98	-2.85
14.90	-4.09
14.90	-4.09
14.90	-4.09
14.90	-4.09
30.17	-5.36
30.17	-5.36
30.17	-5.36
30.17	-5.36
30.17	-5.36
30.17	-5.36
38.35	-5.01
38.35	-5.01
38.35	-5.01
38.35	-5.01
44.47	-3.66
44.47	-3.66
44.47	-3.66
44.47	-3.66
44.47	-3.66
50.22	-2.16
50.22	-2.16
50.22	-2.16
50.22	-2.16
50.22	-2.16
61.58	1.85
61.58	1.85
61.58	1.85
61.58	1.85
64.23	2.93
64.23	2.93
64.23	2.93
64.23	2.93
64.23	2.93
64.91	3.53
64.91	3.53
64.79	3.64
64.79	3.64
64.79	3.64
64.79	3.64
64.79	3.64
64.19	3.69
64.19	3.69
64.19	3.69
64.19	3.69
62.61	3.71
62.61	3.71
62.61	3.71
62.61	3.71
62.61	3.71
61.47	3.77
61.47	3.77
61.47	3.77
61.47	3.77
61.47	3.77
61.47	3.77
59.36	4.14
59.36	4.14
59.36	4.14
59.36	4.14
57.46	4.27
57.46	4.27
57.46	4.27
57.46	4.27
57.46	4.27
55.76	4.55
55.76	4.55
55.76	4.55
55.76	4.55
55.76	4.55
54.67	3.99
54.67	3.99
54.67	3.99
54.67	3.99
54.67	3.99
54.58	3.84
54.58	3.84
54.58	3.84
54.58	3.84
54.58	3.84
54.58	3.84
54.84	4.00
54.84	4.00
54.84	4.00
54.84	4.00
54.84	4.00
55.08	3.59
55.08	3.59
55.08	3.59
55.08	3.59
55.08	3.59
54.95	3.73
54.95	3.73
54.95	3.73
54.95	3.73
54.95	3.73
54.54	3.79
54.54	3.79
54.54	3.79
54.54	3.79
54.54	3.79
54.45	3.95
54.45	3.95
54.45	3.95
54.45	3.95
54.45	3.95
54.44	3.54
54.44	3.54
54.44	3.54
54.44	3.54
54.44	3.54
54.40	3.68
54.40	3.68
54.40	3.68
54.40	3.68
54.40	3.68
54.03	3.89
54.03	3.89
54.03	3.89
54.03	3.89
54.03	3.89
54.20	3.82
54.20	3.82
54.20	3.82
54.20	3.82
54.20	3.82
54.22	3.69
54.22	3.69
54.22	3.69
54.22	3.69
54.22	3.69
54.01	3.83
54.01	3.83
54.01	3.83
54.01	3.83
54.01	3.83
53.93	3.49
53.93	3.49
53.93	3.49
53.93	3.49
56.60	5.59
56.60	5.59
56.60	5.59
56.60	5.59
56.60	5.59
55.07	5.02
55.07	5.02
55.07	5.02
55.07	5.02
55.07	5.02
55.35	4.78
55.35	4.78
55.35	4.78
55.35	4.78
55.35	4.78
55.34	4.11
55.34	4.11
55.34	4.11
55.34	4.11
55.34	4.11
54.96	4.44
54.96	4.44
54.96	4.44
54.96	4.44
54.96	4.44
54.74	4.34
54.74	4.34
54.74	4.34
54.74	4.34
54.74	4.34
54.54	4.37
54.54	4.37
54.54	4.37
54.54	4.37
54.54	4.37
54.51	4.26
54.51	4.26
54.51	4.26
54.51	4.26
54.51	4.26
54.37	4.38
54.37	4.38
54.37	4.38
54.37	4.38
54.37	4.38
53.93	4.20
53.93	4.20
53.93	4.20
53.93	4.20
53.93	4.20
53.92	4.23
53.92	4.23
53.92	4.23
53.92	4.23
53.92	4.23
53.91	3.72
53.91	3.72
53.91	3.72
53.91	3.72
53.91	3.72
53.70	3.70
53.70	3.70
53.70	3.70
53.70	3.70
53.70	3.70
53.88	3.42
53.88	3.42
53.88	3.42
53.88	3.42
53.88	3.42
53.86	3.74
53.86	3.74
53.86	3.74
53.86	3.74
53.86	3.74
53.64	3.46
53.64	3.46
53.64	3.46
53.64	3.46
53.64	3.46
53.40	3.44
53.40	3.44
53.40	3.44
53.40	3.44
53.40	3.44
53.63	3.24
53.63	3.24
53.63	3.24
53.63	3.24
53.63	3.24
54.17	3.09
54.17	3.09
54.17	3.09
54.17	3.09
54.17	3.09
53.78	3.18
53.78	3.18
53.78	3.18
53.78	3.18
53.78	3.18
53.20	3.16
53.20	3.16
53.20	3.16
53.20	3.16
53.20	3.16
40.83	3.33
40.83	3.33
40.83	3.33
40.83	3.33
40.83	3.33
40.83	3.33
26.33	3.76
26.33	3.76
26.33	3.76
26.33	3.76
26.33	3.76
17.29	3.40
17.29	3.40
17.29	3.40
17.29	3.40
17.29	3.40
14.58	3.37
14.58	3.37
14.58	3.37
14.58	3.37
14.58	3.37
11.97	2.92
11.97	2.92
11.97	2.92
11.97	2.92
11.97	2.92
10.57	3.30
10.57	3.30
10.57	3.30
10.57	3.30
10.57	3.30
9.45	3.41
9.45	3.41
9.45	3.41
9.45	3.41
9.45	3.41
7.77	2.19
7.77	2.19
7.77	2.19
7.77	2.19
7.77	2.19
5.31	1.12
5.31	1.12
5.31	1.12
5.31	1.12
5.31	1.12
4.09	0.72
4.09	0.72
4.09	0.72
4.09	0.72
4.09	0.72
3.46	0.55
3.46	0.55
3.46	0.55
3.46	0.55
3.46	0.55
4.36	-0.12
4.36	-0.12
4.36	-0.12
4.36	-0.12
4.36	-0.12
5.04	0.08
5.04	0.08
5.04	0.08
5.04	0.08
5.04	0.08
5.75	-0.08
5.75	-0.08
5.75	-0.08
5.75	-0.08
5.75	-0.08
6.30	-0.11
6.30	-0.11
6.30	-0.11
6.30	-0.11
6.30	-0.11
6.30	-0.11
6.87	-0.34
6.87	-0.34
6.87	-0.34
6.87	-0.34
7.07	-0.42
7.07	-0.42
7.07	-0.42
7.07	-0.42
7.07	-0.42
7.38	-0.60
7.38	-0.60
7.38	-0.60
7.38	-0.60
7.38	-0.60
7.44	-0.33
7.44	-0.33
