90.05	0.00
-117.66	-13.37
-117.66	-13.37
-119.89	-13.72
-122.21	-14.26
-122.21	-14.26
-124.71	-14.47
-126.93	-14.68
-126.93	-14.68
-129.07	-15.13
-131.13	-15.55
-131.13	-15.55
-133.09	-15.74
-133.09	-15.74
-135.27	-16.16
-136.92	-16.34
-136.92	-16.34
-138.18	-16.55
-138.75	-16.59
-138.75	-16.59
-138.62	-16.23
-138.01	-16.50
-138.01	-16.50
-137.54	-17.09
-137.40	-17.31
-137.40	-17.31
-137.58	-17.33
-138.13	-16.73
-138.13	-16.73
-139.21	-16.77
-140.17	-15.95
-140.17	-15.95
-141.55	-15.58
-141.55	-15.58
-143.25	-15.32
-145.51	-15.05
-145.51	-15.05
-148.23	-14.69
-151.75	-14.47
-151.75	-14.47
-155.09	-13.71
-158.10	-13.26
-158.10	-13.26
-160.39	-12.87
-162.18	-12.35
-162.18	-12.35
-163.94	-11.90
-165.51	-11.79
-165.51	-11.79
-166.32	-11.60
-167.13	-11.29
-167.13	-11.29
-168.28	-10.54
-169.16	-9.97
-169.24	-9.82
-169.89	-9.47
-169.89	-9.47
-170.37	-9.07
-170.91	-8.57
-170.91	-8.57
-171.38	-8.33
-171.73	-8.55
-171.73	-8.55
-171.86	-9.30
-171.88	-9.00
-171.88	-9.00
-171.93	-9.39
-172.25	-9.77
-172.25	-9.77
-172.88	-9.15
-173.56	-8.21
-173.56	-8.21
-174.49	-8.68
-175.87	-9.03
-175.87	-9.03
-176.59	-8.73
-176.98	-8.33
-176.98	-8.33
-177.46	-7.94
-177.95	-7.72
-177.95	-7.72
-178.30	-7.91
-178.53	-8.09
-178.53	-8.09
-179.02	-8.14
-179.02	-8.14
-179.41	-8.39
-179.46	-8.31
-179.46	-8.31
-179.52	-8.18
-179.63	-8.21
-179.63	-8.21
-179.69	-8.16
-179.71	-8.10
-179.71	-8.10
-179.60	-8.08
-179.51	-8.10
-179.51	-8.10
-179.45	-8.04
-179.48	-8.01
-179.48	-8.01
-179.40	-8.03
-179.50	-8.12
-179.50	-8.12
-179.60	-8.07
-179.61	-7.97
-179.61	-7.97
-179.74	-7.85
-179.74	-7.85
-179.91	-7.72
-180.00	-7.62
-180.00	-7.62
-180.05	-7.71
179.98	-7.84
179.98	-7.84
179.81	-7.98
179.58	-8.15
179.58	-8.15
179.34	-8.29
178.91	-8.32
178.91	-8.32
178.18	-8.31
177.13	-8.29
177.13	-8.29
175.67	-8.38
174.17	-8.39
174.17	-8.39
172.58	-8.68
172.58	-8.68
170.76	-8.89
168.88	-8.95
168.88	-8.95
166.55	-9.00
164.37	-9.04
164.37	-9.04
162.15	-9.09
159.66	-9.16
159.66	-9.16
157.07	-9.10
154.39	-9.22
154.39	-9.22
151.81	-9.08
149.11	-9.03
149.11	-9.03
146.45	-9.02
144.00	-9.20
144.00	-9.20
141.43	-9.26
138.61	-9.37
138.61	-9.37
135.96	-9.48
135.96	-9.48
133.35	-9.63
130.54	-9.76
130.54	-9.76
127.91	-9.92
125.50	-9.92
125.50	-9.92
123.21	-9.90
121.08	-9.93
121.08	-9.93
119.20	-9.94
117.56	-9.94
117.56	-9.94
116.10	-10.05
115.12	-10.18
115.12	-10.18
114.42	-10.10
114.02	-10.09
114.02	-10.09
114.44	-10.28
115.04	-10.48
115.69	-10.64
117.79	-11.09
117.79	-11.09
120.60	-11.35
124.08	-11.44
124.08	-11.44
127.67	-11.44
131.50	-11.64
131.50	-11.64
135.61	-11.85
139.88	-11.87
139.88	-11.87
144.03	-11.77
148.40	-11.74
148.40	-11.74
152.91	-11.76
157.54	-11.75
157.54	-11.75
161.82	-11.81
166.36	-12.00
166.36	-12.00
171.21	-12.45
175.66	-12.66
175.66	-12.66
180.00	-12.70
-176.25	-12.50
-176.25	-12.50
-172.44	-12.32
-172.44	-12.32
-169.13	-12.28
-165.84	-12.10
-165.84	-12.10
-163.22	-11.94
-160.71	-11.84
-160.71	-11.84
-159.13	-11.80
-158.08	-11.63
-158.08	-11.63
-157.64	-11.49
-157.29	-11.61
-157.29	-11.61
-157.40	-11.68
-157.55	-11.65
-157.55	-11.65
-158.21	-11.54
-158.78	-11.45
-158.78	-11.45
-159.33	-11.45
-160.11	-11.35
-160.11	-11.35
-160.89	-11.42
-160.89	-11.42
-161.31	-11.35
-161.68	-11.37
-161.68	-11.37
-161.99	-11.48
-162.28	-11.45
-162.28	-11.45
-162.43	-11.54
-162.39	-11.64
-162.39	-11.64
-162.24	-11.61
-162.17	-11.63
-162.17	-11.63
-162.20	-11.51
-162.19	-11.47
-162.19	-11.47
-162.15	-11.63
-162.15	-11.63
-162.19	-11.86
-162.36	-12.08
-162.36	-12.08
-162.51	-12.30
-162.38	-12.75
-162.38	-12.75
-162.34	-13.09
-162.57	-13.63
-162.57	-13.63
-162.81	-13.68
-162.96	-13.29
-162.96	-13.29
-163.07	-12.82
-163.25	-12.25
-163.25	-12.25
-163.33	-12.03
-163.29	-12.01
-163.29	-12.01
-163.17	-11.33
-163.17	-11.33
-163.17	-10.66
-163.25	-10.56
-163.25	-10.56
-163.33	-10.35
-163.35	-9.81
-163.35	-9.81
-163.68	-9.30
-164.03	-8.56
-164.03	-8.56
-164.24	-7.44
-164.54	-6.39
-164.54	-6.39
-164.75	-6.29
-164.71	-6.70
-164.71	-6.70
-164.42	-7.63
-164.18	-8.42
-164.18	-8.42
-164.13	-8.27
-164.49	-8.10
-164.49	-8.10
-164.85	-7.94
-164.82	-8.14
-164.82	-8.14
-164.65	-8.50
-164.61	-8.64
-164.61	-8.64
-164.64	-8.50
-164.64	-8.50
-164.68	-8.45
-164.70	-8.37
-164.70	-8.37
-164.59	-8.16
-164.18	-8.03
-164.18	-8.03
-164.14	-7.99
-164.09	-8.18
-164.09	-8.18
-163.91	-8.33
-163.75	-8.44
-163.75	-8.44
-163.82	-8.38
-163.69	-8.24
-163.69	-8.24
-163.86	-8.22
-163.80	-8.20
-163.80	-8.20
-163.92	-8.26
-163.85	-8.26
-163.85	-8.26
-163.69	-8.30
-163.69	-8.30
-163.67	-8.29
-163.61	-8.05
-163.61	-8.05
-164.11	-7.78
-164.10	-7.81
-164.10	-7.81
-164.02	-7.94
-163.96	-7.67
-163.96	-7.67
-164.62	-6.98
-165.28	-5.34
-165.28	-5.34
-165.91	-2.98
-166.22	-1.24
-166.22	-1.24
-166.83	1.40
-167.16	4.17
-167.16	4.17
-167.47	6.91
-167.47	6.91
-167.87	9.52
-167.90	11.78
-167.90	11.78
-167.84	13.01
-167.74	15.84
-167.74	15.84
-167.07	21.15
-167.19	25.18
-167.19	25.18
-166.86	27.73
-165.85	30.98
-165.85	30.98
-165.22	33.64
-165.15	36.87
-165.15	36.87
-165.19	38.83
-164.86	39.99
-164.86	39.99
-164.66	40.54
-164.73	40.63
-164.73	40.63
-164.67	41.24
-164.67	41.24
-165.22	41.28
-165.17	40.96
-165.17	40.96
-165.03	40.89
-164.76	40.83
-164.76	40.83
-164.69	41.03
-164.98	40.89
-164.98	40.89
-164.91	40.48
-164.74	40.18
-164.74	40.18
-164.36	39.58
-163.76	39.10
-163.76	39.10
-163.48	38.98
-164.19	38.82
-164.19	38.82
-166.79	38.38
-170.56	37.04
-170.56	37.04
-174.22	35.67
-177.42	35.02
-177.42	35.02
180.05	34.10
180.05	34.10
177.24	33.04
174.01	32.06
174.01	32.06
171.63	31.16
169.61	30.78
169.61	30.78
168.06	30.61
166.43	29.82
166.43	29.82
164.43	28.74
162.63	26.77
162.63	26.77
160.84	24.42
158.73	21.13
158.73	21.13
157.07	18.07
155.54	14.29
155.54	14.29
154.64	10.92
154.28	7.61
154.28	7.61
154.31	4.20
154.02	1.52
154.02	1.52
153.68	-0.58
153.68	-0.58
153.14	-2.87
153.01	-4.18
153.01	-4.18
153.28	-4.51
153.95	-4.53
153.95	-4.53
154.41	-4.30
154.40	-4.19
154.40	-4.19
154.47	-4.11
154.44	-4.34
154.44	-4.34
155.09	-4.37
156.82	-4.76
156.82	-4.76
159.13	-5.64
161.21	-6.99
161.21	-6.99
162.84	-7.80
163.88	-8.24
163.88	-8.24
164.55	-8.16
164.55	-8.16
164.89	-8.15
165.37	-8.12
165.37	-8.12
166.19	-8.27
166.93	-8.34
166.93	-8.34
167.43	-8.29
167.63	-8.23
167.63	-8.23
167.56	-8.38
167.40	-8.39
167.40	-8.39
167.20	-8.35
167.14	-8.54
167.14	-8.54
167.32	-8.97
168.22	-9.66
168.22	-9.66
169.16	-10.75
169.16	-10.75
170.27	-11.90
171.84	-12.32
171.84	-12.32
173.39	-12.55
173.20	-11.72
173.20	-11.72
173.17	-11.75
173.76	-12.59
173.76	-12.59
174.85	-12.87
175.65	-13.20
175.65	-13.20
176.40	-13.54
177.09	-13.92
177.09	-13.92
177.82	-14.52
178.74	-14.57
178.74	-14.57
179.67	-14.51
-180.03	-14.22
-180.03	-14.22
-179.83	-14.10
-179.83	-14.10
-179.51	-14.08
-179.54	-14.09
-179.54	-14.09
-179.51	-14.18
-179.90	-14.31
-179.90	-14.31
-179.94	-13.92
-179.97	-13.79
-179.97	-13.79
-179.79	-13.56
-179.79	-13.22
-179.79	-13.22
-179.98	-12.93
180.03	-12.80
180.03	-12.80
179.83	-12.81
179.69	-12.74
179.69	-12.74
179.48	-12.79
179.15	-12.56
179.15	-12.56
178.97	-12.47
178.69	-12.27
178.69	-12.27
178.66	-12.20
178.66	-12.20
178.56	-12.13
178.14	-12.03
178.14	-12.03
177.92	-11.93
177.76	-11.71
177.76	-11.71
177.43	-11.62
177.09	-11.54
177.09	-11.54
177.01	-11.30
176.83	-11.19
176.83	-11.19
176.69	-11.09
176.79	-11.11
176.79	-11.11
176.77	-10.78
176.65	-10.67
176.65	-10.67
176.48	-10.43
176.48	-10.43
176.31	-10.26
175.98	-10.31
175.98	-10.31
175.94	-10.40
175.62	-9.98
175.62	-9.98
175.91	-10.42
175.62	-10.38
175.62	-10.38
176.49	-11.65
175.73	-10.56
175.73	-10.56
175.37	-9.99
175.43	-10.68
175.43	-10.68
175.38	-11.93
175.38	-11.93
175.58	-11.94
174.46	-11.66
174.46	-11.66
174.85	-12.00
174.76	-10.78
174.76	-10.78
175.20	-10.60
175.25	-9.82
175.25	-9.82
175.40	-9.24
175.41	-9.30
175.41	-9.30
175.13	-9.28
175.08	-8.91
175.08	-8.91
175.19	-8.30
175.43	-7.98
175.43	-7.98
175.29	-8.15
175.08	-8.59
175.08	-8.59
174.98	-9.06
174.98	-9.06
175.03	-9.35
175.13	-9.40
175.13	-9.40
175.22	-9.60
175.18	-9.44
175.18	-9.44
175.22	-9.85
175.09	-9.61
175.09	-9.61
175.14	-10.10
175.31	-10.10
175.31	-10.10
175.35	-9.72
175.35	-9.72
175.38	-10.23
175.64	-10.06
175.64	-10.06
175.74	-10.06
175.88	-9.75
175.88	-9.75
175.75	-9.57
175.55	-9.27
175.55	-9.27
175.57	-9.35
175.42	-9.21
175.42	-9.21
175.74	-9.37
175.74	-9.37
175.51	-9.29
175.45	-9.65
175.45	-9.65
175.41	-9.90
176.17	-9.94
176.17	-9.94
176.80	-10.18
177.05	-10.21
177.05	-10.21
177.59	-10.51
176.88	-10.12
176.88	-10.12
176.62	-10.36
176.21	-10.49
176.21	-10.49
176.77	-10.29
177.15	-10.24
177.15	-10.24
176.95	-10.01
176.86	-9.78
176.86	-9.78
176.76	-9.55
176.76	-9.55
176.39	-9.36
176.67	-8.72
176.67	-8.72
176.45	-8.49
176.20	-7.95
176.20	-7.95
175.85	-7.69
175.65	-7.19
175.65	-7.19
175.62	-6.53
175.12	-5.38
175.12	-5.38
174.00	-3.04
172.68	-1.02
172.68	-1.02
171.67	0.74
170.23	3.29
170.23	3.29
169.07	6.18
168.27	8.15
168.27	8.15
167.29	8.28
166.24	8.56
166.24	8.56
165.45	9.04
165.45	9.04
165.12	9.78
164.97	10.17
164.97	10.17
165.01	10.98
165.14	11.07
165.14	11.07
165.60	12.24
165.25	11.99
165.25	11.99
165.96	12.29
167.32	12.77
167.32	12.77
168.68	13.29
170.27	13.48
170.27	13.48
171.85	13.83
174.72	12.83
174.72	12.83
177.93	11.23
-179.22	9.11
-179.22	9.11
-176.49	7.11
-176.49	7.11
-173.20	4.95
-169.58	2.72
-169.58	2.72
-166.81	0.83
-164.67	-0.54
-164.67	-0.54
-163.15	-1.03
-162.32	-1.71
-162.32	-1.71
-161.43	-1.88
-159.89	-2.11
-159.89	-2.11
-158.19	-2.10
-156.66	-2.28
-156.66	-2.28
-155.62	-1.68
-154.75	-1.85
-154.75	-1.85
-153.70	-2.02
-152.50	-2.22
-152.50	-2.22
-151.44	-2.31
-151.44	-2.31
-150.69	-2.18
-149.99	-2.24
-149.99	-2.24
-149.26	-2.39
-148.20	-2.69
-148.20	-2.69
-146.93	-2.74
-145.71	-2.70
-145.71	-2.70
-144.42	-2.31
-142.67	-1.85
-142.67	-1.85
-141.46	-2.26
-139.92	-2.79
-139.92	-2.79
-137.81	-2.58
-134.27	-2.32
-134.27	-2.32
-131.13	-3.11
-128.21	-3.11
-128.21	-3.11
-125.61	-3.03
-125.61	-3.03
-123.80	-2.32
-122.31	-2.23
-122.31	-2.23
-120.54	-2.29
-118.24	-2.59
-118.24	-2.59
-115.74	-2.46
-113.37	-2.23
-113.37	-2.23
-110.64	-2.62
-107.66	-2.90
-107.66	-2.90
-104.31	-3.27
-104.31	-3.27
-100.59	-3.21
-97.70	-3.34
-97.70	-3.34
-95.33	-3.48
-93.82	-3.74
-93.82	-3.74
-92.71	-3.97
-92.22	-4.04
-92.22	-4.04
-91.60	-3.96
-90.76	-3.94
-90.76	-3.94
-89.64	-4.16
-88.35	-4.29
-88.35	-4.29
-87.50	-4.37
-86.99	-4.21
-86.99	-4.21
-86.63	-4.11
-86.30	-4.29
-86.30	-4.29
-86.12	-4.50
-86.12	-4.50
-86.17	-4.63
-86.32	-4.62
-86.32	-4.62
-86.61	-4.45
-87.16	-4.41
-87.16	-4.41
-87.78	-4.34
-88.09	-4.45
-88.09	-4.45
-88.50	-4.57
-88.94	-4.59
-88.94	-4.59
-89.46	-4.60
-89.51	-4.74
-89.51	-4.74
-89.10	-4.73
-88.53	-4.61
-88.53	-4.61
-87.12	-4.30
-87.12	-4.30
-85.65	-4.21
-84.22	-4.20
-84.22	-4.20
-82.77	-4.00
-81.26	-4.17
-81.26	-4.17
-79.24	-4.18
-76.37	-3.96
-76.37	-3.96
-72.74	-3.73
-68.81	-3.52
-68.81	-3.52
-64.52	-3.33
-60.59	-3.08
-60.59	-3.08
-56.39	-2.71
-52.33	-2.54
-52.33	-2.54
-48.19	-2.53
-44.06	-2.37
-44.06	-2.37
-40.82	-2.19
-38.05	-1.87
-38.05	-1.87
-36.39	-1.54
-36.39	-1.54
-35.57	-1.36
-35.21	-1.31
-35.21	-1.31
-34.98	-1.38
-34.55	-1.51
-34.55	-1.51
-34.05	-1.58
-32.78	-1.63
-32.78	-1.63
-30.94	-1.55
-27.94	-1.25
-27.94	-1.25
-24.31	-1.22
-21.52	-1.26
-21.52	-1.26
-19.47	-1.54
-17.98	-1.53
-17.98	-1.53
-16.74	-1.46
-15.66	-1.35
-15.66	-1.35
-14.70	-1.53
-14.70	-1.53
-13.98	-2.08
-13.55	-2.25
-13.55	-2.25
-12.94	-2.94
-12.42	-3.80
-12.42	-3.80
-11.63	-4.99
-11.61	-5.66
-11.61	-5.66
-12.72	-5.61
-13.41	-5.58
-13.41	-5.58
-13.29	-5.41
-13.29	-5.41
-13.19	-5.41
-13.48	-5.47
-13.48	-5.47
-13.18	-5.55
-12.55	-5.95
-12.55	-5.95
-11.40	-6.28
-10.47	-6.72
-10.47	-6.72
-9.39	-6.92
-9.13	-6.60
-9.13	-6.60
-9.35	-6.00
-9.35	-6.00
-8.91	-6.31
-7.87	-5.75
-7.87	-5.75
-6.14	-5.17
-5.09	-4.47
-5.09	-4.47
-4.59	-3.55
-4.13	-1.29
-4.13	-1.29
-3.76	1.83
-3.38	5.41
-3.38	5.41
-3.20	8.72
-3.48	10.84
-3.48	10.84
-3.43	11.65
-3.43	11.65
-3.39	12.27
-2.95	14.15
-2.95	14.15
-2.24	16.10
-1.88	16.44
-1.88	16.44
-1.24	16.23
0.19	15.93
0.19	15.93
1.23	15.10
1.98	14.42
1.98	14.42
3.84	13.93
4.48	14.00
4.48	14.00
4.65	13.92
5.65	12.63
5.65	12.63
6.61	9.76
7.79	5.97
7.79	5.97
8.95	3.10
8.95	3.10
10.38	1.07
12.45	0.18
12.45	0.18
14.14	-0.21
16.55	-0.38
16.55	-0.38
18.66	-0.29
20.55	-0.01
20.55	-0.01
22.50	0.64
24.59	1.15
24.59	1.15
26.61	1.87
29.16	2.18
29.16	2.18
31.99	2.46
33.94	2.21
33.94	2.21
35.62	2.00
36.93	1.46
36.93	1.46
38.10	1.39
39.26	1.62
39.26	1.62
40.55	2.27
40.55	2.27
41.63	2.65
42.80	3.26
42.80	3.26
43.75	4.13
44.77	6.53
44.77	6.53
46.21	9.49
47.18	12.02
47.18	12.02
48.07	13.97
48.38	15.81
48.38	15.81
49.09	17.39
49.68	18.96
49.68	18.96
50.07	19.86
50.28	20.18
50.28	20.18
50.92	20.10
50.92	20.10
51.36	19.63
51.82	19.26
51.82	19.26
52.32	18.79
53.80	18.09
53.80	18.09
55.70	17.39
58.85	15.84
58.85	15.84
61.86	14.58
61.86	14.58
65.67	13.38
68.61	12.24
68.61	12.24
70.31	11.68
71.40	11.46
71.40	11.46
72.54	11.31
72.74	10.69
72.74	10.69
72.49	9.76
71.80	8.76
71.80	8.76
70.84	7.54
69.22	6.53
69.22	6.53
67.35	5.75
67.35	5.75
65.77	5.65
63.92	5.73
63.92	5.73
62.32	5.89
60.09	6.17
60.09	6.17
57.70	6.34
54.55	6.51
54.55	6.51
50.68	6.50
45.97	6.10
45.97	6.10
39.87	5.58
33.27	5.29
33.27	5.29
27.09	5.26
21.11	5.78
21.11	5.78
16.52	6.25
12.19	6.18
12.19	6.18
8.38	5.93
4.59	5.79
4.59	5.79
1.15	5.60
1.15	5.60
-2.41	5.14
-5.28	4.61
-5.28	4.61
-8.32	3.88
-11.52	3.49
-11.52	3.49
-14.70	3.59
-17.32	3.83
-17.32	3.83
-19.26	4.23
-20.32	4.87
-20.32	4.87
-20.71	5.28
-20.62	5.89
-20.62	5.89
-20.35	6.68
-19.38	7.72
-19.38	7.72
-18.44	8.42
-17.39	8.98
-17.39	8.98
-16.41	9.97
-16.41	9.97
-14.93	11.21
-14.01	13.34
-14.01	13.34
-12.25	16.64
-10.92	21.23
-10.92	21.23
-10.10	26.82
-9.69	30.18
-9.69	30.18
-10.26	33.40
-10.63	34.68
-10.63	34.68
-10.87	35.66
-11.00	36.34
-11.00	36.34
-11.18	36.52
-11.22	36.76
-11.22	36.76
-11.49	37.03
-11.69	37.03
-11.69	37.03
-11.99	37.14
-11.99	37.14
-12.25	36.97
-12.73	36.83
-12.73	36.83
-12.89	36.52
-13.39	36.30
-13.39	36.30
-13.74	35.86
-14.68	35.58
-14.68	35.58
-16.37	35.23
-18.30	34.98
-18.30	34.98
-20.75	34.72
-23.40	34.27
-23.40	34.27
-25.51	33.52
-28.08	32.86
-28.08	32.86
-30.83	32.23
-34.11	31.54
-34.11	31.54
-37.25	30.40
-37.25	30.40
-40.24	29.49
-43.28	28.19
-43.28	28.19
-46.39	26.89
-50.85	25.31
-50.85	25.31
-54.92	23.66
-59.32	22.17
-59.32	22.17
-62.87	21.10
-66.45	20.54
-66.45	20.54
-69.39	20.06
-72.38	19.22
-72.38	19.22
-75.35	18.21
-77.40	16.20
-77.40	16.20
-79.46	15.55
-79.46	15.55
-81.30	14.74
-83.13	14.97
-83.13	14.97
-85.02	16.83
-87.22	18.06
-87.22	18.06
-89.13	18.69
-90.53	18.70
-90.53	18.70
-91.75	18.30
-93.28	17.20
-93.28	17.20
-94.56	15.57
-95.41	12.80
-95.41	12.80
-96.15	10.13
-96.86	7.99
-96.86	7.99
-97.54	7.37
-97.54	7.37
-97.66	7.53
-97.73	8.36
-97.73	8.36
-97.91	8.78
-98.60	9.27
-98.60	9.27
-98.83	8.99
-99.36	8.11
-99.36	8.11
-99.52	6.59
-99.10	5.74
-99.10	5.74
-98.91	4.99
-99.26	3.45
-99.26	3.45
-100.08	1.15
-100.54	-0.83
-100.54	-0.83
-99.83	-2.02
-99.16	-3.08
-99.16	-3.08
-98.37	-4.38
-98.09	-5.33
-98.09	-5.33
-98.15	-6.22
-98.15	-6.22
-97.91	-6.34
-97.44	-5.95
-97.44	-5.95
-96.31	-5.54
-98.26	-4.38
-98.26	-4.38
-98.22	-4.33
-98.46	-3.91
-98.46	-3.91
-99.02	-3.88
-99.76	-4.35
-99.76	-4.35
-100.32	-3.39
-99.97	-3.30
-99.97	-3.30
-99.88	-2.73
-100.07	-2.76
-100.07	-2.76
-100.01	-2.20
-100.05	-1.47
-100.05	-1.47
-100.05	-1.53
-100.05	-1.53
-100.54	-1.44
-100.78	-1.41
-100.78	-1.41
-100.68	-2.04
-100.90	-2.77
-100.90	-2.77
-100.79	-2.98
-101.01	-3.08
-101.01	-3.08
-100.93	-3.76
-101.10	-4.41
-101.10	-4.41
-100.79	-5.04
-100.50	-5.32
-100.50	-5.32
-100.33	-5.64
-100.33	-5.64
-100.30	-5.85
-100.33	-6.24
-100.33	-6.24
-100.59	-6.87
-101.35	-6.63
-101.35	-6.63
-101.90	-6.58
-102.39	-5.59
-102.39	-5.59
-102.58	-6.16
-103.36	-5.94
-103.36	-5.94
-104.10	-5.81
-104.12	-6.15
-104.12	-6.15
-104.34	-6.02
-104.34	-6.02
-105.17	-5.57
-106.13	-5.21
-106.13	-5.21
-106.78	-4.42
-107.42	-3.73
-107.42	-3.73
-107.34	-3.39
-107.45	-3.18
-107.45	-3.18
-107.97	-2.96
-108.33	-3.00
-108.33	-3.00
-108.79	-2.97
-109.31	-2.88
-109.31	-2.88
-109.97	-3.07
-110.70	-2.78
-110.70	-2.78
-112.29	-2.50
-114.38	-2.16
-114.38	-2.16
-116.91	-1.83
-119.76	-1.41
-119.76	-1.41
-123.29	-0.96
-123.29	-0.96
-126.87	-0.23
-130.74	0.21
-130.74	0.21
-134.64	0.73
-137.67	1.16
-137.67	1.16
-140.94	1.44
-144.12	1.87
-144.12	1.87
-147.68	2.91
-150.57	3.32
-150.57	3.32
-153.07	3.95
-155.01	3.84
-155.01	3.84
-156.99	3.99
-158.86	3.96
-158.86	3.96
-160.65	3.89
-162.65	3.86
-162.65	3.86
-163.76	3.95
-163.76	3.95
-163.95	3.62
-164.16	3.44
-164.16	3.44
-164.72	3.39
-165.17	3.18
-165.17	3.18
-165.89	3.24
-167.03	3.67
-167.03	3.67
-169.66	5.15
-172.14	7.42
-172.14	7.42
-174.36	11.18
-176.06	15.61
-176.06	15.61
-177.72	19.26
-178.22	20.79
-178.22	20.79
-178.46	21.84
-178.61	23.19
-178.61	23.19
-178.76	23.60
-178.76	23.60
-178.50	23.20
-178.31	23.16
-178.31	23.16
-178.29	23.19
-178.01	22.93
-178.01	22.93
-177.36	22.59
-176.77	22.36
-176.77	22.36
-176.22	21.95
-175.71	21.62
-175.71	21.62
-175.15	20.99
-174.09	19.88
-174.09	19.88
-172.67	18.17
-170.70	14.46
-170.70	14.46
-168.03	10.41
-168.03	10.41
-166.00	8.05
-164.39	5.58
-164.39	5.58
-163.09	3.92
-162.18	3.43
-162.18	3.43
-160.88	3.35
-159.73	2.90
-159.73	2.90
-158.41	2.71
-157.31	1.68
-157.31	1.68
-156.72	0.36
-155.98	-0.78
-155.98	-0.78
-155.16	-1.85
-154.13	-2.19
-154.13	-2.19
-153.34	-2.33
-152.70	-1.82
-152.70	-1.82
-152.36	-1.21
-152.03	-1.24
-152.03	-1.24
-151.66	-1.10
-151.66	-1.10
-150.07	-1.14
-148.47	-2.01
-148.47	-2.01
-146.92	-2.43
-145.30	-1.89
-145.30	-1.89
-143.68	-1.59
-142.10	-1.76
-142.10	-1.76
-140.61	-1.78
-138.57	-2.11
-138.57	-2.11
-136.46	-2.49
-134.16	-2.77
-134.16	-2.77
-131.55	-3.32
-129.28	-3.59
-129.28	-3.59
-127.24	-3.94
-125.71	-4.30
-125.71	-4.30
-124.31	-4.49
-122.21	-4.74
-122.21	-4.74
-120.37	-5.28
-119.23	-5.24
-119.23	-5.24
-118.34	-5.22
-118.34	-5.22
-118.18	-5.32
-117.59	-5.30
-117.59	-5.30
-116.92	-5.30
-116.35	-5.20
-116.35	-5.20
-115.75	-5.15
-115.20	-5.12
-115.20	-5.12
-114.56	-5.01
-113.85	-5.07
-113.85	-5.07
-113.43	-5.04
-112.64	-5.30
-112.64	-5.30
-111.59	-5.64
-111.59	-5.64
-110.49	-5.81
-109.33	-5.96
-109.33	-5.96
-108.11	-6.10
-106.72	-6.27
-106.72	-6.27
-105.40	-6.36
-103.81	-6.49
-103.81	-6.49
-102.65	-6.45
-101.40	-6.28
-101.40	-6.28
-100.32	-6.01
-100.32	-6.01
-98.89	-5.94
-97.30	-5.83
-97.30	-5.83
-95.84	-5.84
-94.45	-5.85
-94.45	-5.85
-93.07	-5.93
-91.73	-5.98
-91.73	-5.98
-90.39	-6.08
-89.26	-6.36
-89.26	-6.36
-88.04	-6.28
-86.88	-6.32
-86.88	-6.32
-85.62	-6.76
-85.62	-6.76
-84.33	-7.38
-82.85	-7.43
-82.85	-7.43
-81.15	-7.41
-79.49	-7.48
-79.49	-7.48
-77.24	-8.14
-74.32	-9.15
-74.32	-9.15
-71.51	-9.92
-69.18	-10.44
-69.18	-10.44
-67.32	-11.09
-65.40	-11.78
-65.40	-11.78
-62.86	-12.42
-60.64	-12.82
-60.64	-12.82
-59.01	-12.99
-59.01	-12.99
-57.42	-12.62
-55.94	-12.00
-55.94	-12.00
-54.45	-11.13
-52.97	-10.79
-52.97	-10.79
-51.46	-10.90
-49.65	-10.15
-49.65	-10.15
-47.57	-9.58
-46.13	-9.08
-46.13	-9.08
-45.11	-9.87
-43.89	-9.91
-43.89	-9.91
-42.05	-9.68
-42.05	-9.68
-40.41	-9.89
-38.54	-10.08
-38.54	-10.08
-36.52	-9.37
-34.48	-8.78
-34.48	-8.78
-32.17	-8.70
-29.60	-9.86
-29.60	-9.86
-26.80	-9.42
-24.57	-9.63
-24.57	-9.63
-22.79	-9.59
-21.14	-9.44
-21.14	-9.44
-19.17	-9.04
-17.07	-8.80
-17.07	-8.80
-15.35	-8.50
-13.52	-8.24
-13.52	-8.24
-11.62	-7.97
-11.62	-7.97
-9.88	-7.92
-8.31	-8.11
-8.31	-8.11
-6.82	-8.10
-5.22	-7.88
-5.22	-7.88
-3.56	-7.71
-2.32	-7.50
-2.32	-7.50
-1.47	-7.58
-0.30	-7.18
-0.30	-7.18
1.21	-6.89
2.63	-6.87
2.63	-6.87
4.04	-6.66
5.38	-6.62
5.38	-6.62
6.69	-6.75
7.76	-6.88
7.76	-6.88
9.35	-7.05
9.35	-7.05
11.54	-6.82
13.68	-6.52
13.68	-6.52
15.10	-6.19
16.12	-5.75
16.12	-5.75
17.19	-5.06
18.40	-4.06
18.40	-4.06
19.24	-3.19
20.06	-2.92
20.06	-2.92
20.82	-2.41
21.57	-2.21
21.57	-2.21
22.23	-2.22
22.75	-2.33
22.75	-2.33
23.27	-2.07
24.16	-1.91
24.16	-1.91
25.29	-1.85
26.42	-2.15
26.42	-2.15
27.57	-2.12
27.57	-2.12
28.87	-1.90
29.91	-1.90
29.91	-1.90
30.74	-2.20
31.10	-2.34
31.10	-2.34
31.56	-2.48
32.43	-2.76
32.43	-2.76
33.87	-3.45
35.64	-3.85
35.64	-3.85
37.43	-3.90
39.07	-3.81
39.07	-3.81
41.03	-3.63
43.26	-3.42
43.26	-3.42
45.34	-3.08
47.64	-2.62
47.64	-2.62
49.96	-2.18
49.96	-2.18
52.12	-1.58
54.17	-0.74
54.17	-0.74
56.19	0.00
58.07	1.15
58.07	1.15
59.88	2.93
61.76	4.11
61.76	4.11
63.78	4.91
65.87	7.02
65.87	7.02
66.85	9.95
66.46	13.23
66.46	13.23
65.10	16.76
64.28	17.72
64.28	17.72
64.55	19.06
64.58	20.16
64.58	20.16
63.63	19.74
62.45	20.57
62.45	20.57
61.55	22.03
61.55	22.03
60.50	23.30
59.05	24.03
59.05	24.03
57.07	24.31
54.67	24.71
54.67	24.71
52.22	25.15
49.03	25.50
49.03	25.50
45.35	25.58
40.32	25.44
40.32	25.44
35.06	25.47
30.09	24.74
30.09	24.74
26.37	24.62
23.10	24.48
23.10	24.48
20.42	24.69
20.42	24.69
17.97	24.87
15.95	24.99
15.95	24.99
13.82	25.08
11.56	25.34
11.56	25.34
9.50	25.40
7.67	25.71
7.67	25.71
6.21	26.26
4.62	26.75
4.62	26.75
2.78	27.71
1.19	28.47
1.19	28.47
-0.44	29.26
-0.44	29.26
-1.86	30.51
-3.11	31.57
-3.11	31.57
-3.97	32.43
-4.61	32.76
-4.61	32.76
-4.98	32.99
-5.58	33.56
-5.58	33.56
-6.29	34.22
-7.03	34.73
-7.03	34.73
-7.46	34.91
-7.85	34.78
-7.85	34.78
-8.33	34.62
-8.33	34.62
-8.87	34.41
-9.78	34.46
-9.78	34.46
-10.37	34.18
-11.21	34.21
-11.21	34.21
-11.99	33.63
-12.97	32.04
-12.97	32.04
-14.06	30.41
-14.85	29.83
-14.85	29.83
-15.90	28.98
-17.73	27.75
-17.73	27.75
-20.07	27.27
-23.21	26.08
-23.21	26.08
-26.39	23.08
-29.97	20.45
-29.97	20.45
-33.07	18.04
-33.07	18.04
-35.42	14.87
-37.18	11.12
-37.18	11.12
-38.14	9.06
-38.47	8.62
-38.47	8.62
-38.99	8.85
-39.81	9.05
-39.81	9.05
-40.23	9.68
-40.52	10.82
-40.52	10.82
-40.89	12.33
-41.97	12.97
-41.97	12.97
-43.78	12.03
-46.20	11.33
-46.20	11.33
-48.49	11.12
-50.90	11.23
-50.90	11.23
-53.65	10.77
-56.80	10.51
-56.80	10.51
-59.98	10.61
-59.98	10.61
-63.64	10.91
-67.23	11.76
-67.23	11.76
-70.56	12.84
-73.04	13.30
-73.04	13.30
-74.94	13.32
-76.69	13.08
-76.69	13.08
-78.40	12.81
-80.11	12.80
-80.11	12.80
-81.99	12.82
-83.23	13.31
-83.23	13.31
-84.48	13.40
-85.39	14.20
-85.39	14.20
-86.45	14.93
-87.63	15.57
-87.63	15.57
-88.46	17.18
-88.46	17.18
-89.08	20.26
-90.15	24.45
-90.15	24.45
-91.44	27.64
-92.56	31.27
-92.56	31.27
-94.09	32.96
-95.57	33.98
-95.57	33.98
-97.17	34.15
-98.64	34.41
-98.64	34.41
-100.28	34.61
-101.59	34.01
-101.59	34.01
-102.23	32.46
-103.20	31.78
-103.20	31.78
-104.49	31.25
-104.49	31.25
-105.21	31.47
-105.80	31.81
-105.80	31.81
-105.26	31.66
-102.77	30.72
-102.77	30.72
-100.14	29.76
-97.42	28.21
-97.42	28.21
-94.09	26.96
-92.99	26.77
-92.99	26.77
-92.96	26.58
-93.23	26.79
-93.23	26.79
-93.70	26.62
-93.95	26.16
-93.95	26.16
-94.32	25.78
-95.92	25.32
-95.92	25.32
-99.38	24.11
-105.07	21.37
-105.07	21.37
-110.18	18.60
-113.86	16.45
-113.86	16.45
-117.82	13.59
-117.82	13.59
-121.80	11.72
-125.42	10.33
-125.42	10.33
-128.28	9.06
-130.09	7.32
-130.09	7.32
-130.94	5.24
-131.32	3.51
-131.32	3.51
-132.16	2.45
-133.03	1.43
-133.03	1.43
-133.82	0.57
-134.38	-0.54
-134.38	-0.54
-134.43	-1.26
-134.60	-1.61
-134.60	-1.61
-134.88	-1.76
-135.34	-1.91
-135.34	-1.91
-135.65	-1.87
-135.65	-1.87
-135.96	-2.24
-136.25	-2.42
-136.25	-2.42
-136.50	-2.58
-136.70	-2.77
-136.70	-2.77
-136.88	-3.28
-137.06	-4.34
-137.06	-4.34
-137.34	-5.25
-137.45	-5.90
-137.45	-5.90
-137.79	-6.83
-139.00	-7.63
-139.00	-7.63
-139.54	-7.76
-139.59	-7.37
-139.59	-7.37
-139.21	-6.48
-139.11	-6.24
-139.11	-6.24
-139.26	-5.93
-139.87	-5.20
-139.87	-5.20
-140.94	-4.64
-140.94	-4.64
-142.19	-4.52
-142.35	-4.38
-142.35	-4.38
-142.23	-3.61
-142.16	-3.81
-142.16	-3.81
-142.23	-4.47
-142.37	-5.43
-142.37	-5.43
-142.50	-6.33
-143.05	-7.14
-143.05	-7.14
-143.94	-6.70
-145.27	-6.13
-145.27	-6.13
-146.67	-7.53
-148.26	-7.15
-148.26	-7.15
-149.58	-7.63
-150.72	-7.58
-150.72	-7.58
-151.82	-6.63
-152.88	-5.84
-152.88	-5.84
-154.06	-5.58
-154.06	-5.58
-154.94	-6.03
-155.97	-5.93
-155.97	-5.93
-157.27	-5.79
-158.72	-5.44
-158.72	-5.44
-160.33	-5.34
-161.44	-5.14
-161.44	-5.14
-162.55	-5.26
-163.62	-5.25
-163.62	-5.25
-164.58	-5.31
-165.55	-5.34
-165.55	-5.34
-166.40	-5.62
-167.72	-5.65
-167.72	-5.65
-169.17	-5.63
-171.06	-5.32
-171.06	-5.32
-172.81	-4.70
-174.36	-4.34
-174.36	-4.34
