90.05	0.00
83.68	-17.36
83.68	-17.36
83.48	-17.61
83.48	-17.61
83.23	-17.86
83.23	-17.86
83.16	-17.56
83.16	-17.56
83.14	-17.43
83.14	-17.43
82.98	-17.36
82.98	-17.36
83.02	-17.41
83.02	-17.41
83.05	-17.51
83.05	-17.51
83.01	-17.50
83.01	-17.50
82.91	-17.67
82.91	-17.67
82.97	-17.64
82.97	-17.64
83.16	-17.55
83.16	-17.55
83.34	-17.64
83.34	-17.64
83.33	-17.49
83.33	-17.49
83.16	-17.52
83.16	-17.52
83.15	-17.55
83.15	-17.55
83.17	-17.56
83.17	-17.56
83.01	-17.61
83.01	-17.61
83.00	-17.60
83.00	-17.60
83.01	-17.47
82.94	-17.50
82.94	-17.50
82.88	-17.60
82.88	-17.60
82.76	-17.67
82.76	-17.67
82.73	-17.76
82.73	-17.76
82.47	-17.78
82.47	-17.78
82.31	-17.76
82.31	-17.76
82.18	-17.75
82.18	-17.75
82.19	-17.75
82.19	-17.75
82.20	-17.75
82.15	-17.61
82.15	-17.61
82.13	-17.75
82.13	-17.75
82.00	-17.72
82.00	-17.72
82.16	-17.71
82.16	-17.71
82.07	-17.74
82.07	-17.74
82.08	-17.68
82.08	-17.68
82.21	-17.75
82.21	-17.61
82.21	-17.61
82.02	-17.59
82.02	-17.59
82.01	-17.50
81.95	-17.57
81.95	-17.57
81.90	-17.61
81.78	-17.45
81.78	-17.45
81.87	-17.43
81.87	-17.38
81.87	-17.38
81.83	-17.37
81.77	-17.25
81.77	-17.25
81.53	-17.36
81.58	-17.38
81.58	-17.38
81.53	-17.41
81.56	-17.46
81.56	-17.46
81.54	-17.35
81.54	-17.35
81.63	-17.44
81.63	-17.44
81.66	-17.45
81.66	-17.45
81.54	-17.34
81.54	-17.34
81.30	-17.23
81.30	-17.23
81.10	-16.67
81.10	-16.67
80.90	-16.65
80.90	-16.65
80.66	-16.16
80.66	-16.16
80.39	-15.76
80.39	-15.76
79.99	-15.23
79.99	-15.23
79.72	-14.42
79.72	-14.42
79.84	-14.18
79.84	-14.18
80.08	-13.28
80.08	-13.28
80.29	-13.17
80.29	-13.17
80.56	-12.69
80.56	-12.69
80.41	-13.79
80.41	-13.79
79.82	-13.05
79.82	-13.05
79.38	-12.13
79.31	-12.59
79.31	-12.59
78.91	-13.59
78.91	-13.59
78.58	-14.59
78.34	-15.29
78.34	-15.29
78.31	-15.14
78.31	-15.14
78.40	-14.88
78.40	-14.88
78.60	-14.59
78.60	-14.59
78.86	-14.70
78.86	-14.70
78.87	-14.82
78.87	-14.82
78.52	-15.02
78.52	-15.02
78.44	-15.13
78.44	-15.13
78.29	-15.31
78.29	-15.31
77.89	-15.22
77.85	-15.08
77.85	-15.08
77.58	-15.12
77.50	-15.24
77.50	-15.24
77.50	-15.36
77.50	-15.36
77.29	-15.40
77.29	-15.40
77.21	-15.60
77.06	-15.74
77.06	-15.74
77.07	-15.80
77.07	-15.80
77.25	-15.66
77.25	-15.66
77.19	-15.78
77.20	-15.76
77.20	-15.76
77.27	-15.85
77.27	-15.85
77.37	-16.03
77.37	-16.03
77.32	-16.11
77.32	-16.11
77.32	-16.11
77.32	-16.21
77.38	-16.19
77.38	-16.19
77.39	-16.15
77.39	-16.15
77.55	-16.25
77.55	-16.25
77.62	-16.39
77.52	-16.50
77.52	-16.50
77.48	-16.48
77.42	-16.49
77.46	-16.33
77.46	-16.33
77.38	-16.43
77.33	-16.36
77.33	-16.36
77.32	-16.49
77.21	-16.46
77.21	-16.46
77.26	-16.51
77.25	-16.56
77.25	-16.56
77.26	-16.63
77.24	-16.62
77.24	-16.60
77.24	-16.60
77.16	-16.67
77.16	-16.67
77.02	-16.43
77.02	-16.43
76.82	-16.44
76.82	-16.44
76.53	-16.43
76.53	-16.43
76.20	-16.45
76.20	-16.45
76.05	-16.42
76.05	-16.42
75.77	-16.37
75.54	-16.25
75.54	-16.25
73.99	-15.89
73.99	-15.89
71.83	-15.46
71.83	-15.46
69.96	-15.28
69.96	-15.28
68.30	-15.12
68.30	-15.12
66.71	-15.04
66.71	-15.04
64.88	-14.83
64.88	-14.83
63.08	-14.72
63.08	-14.72
61.05	-14.60
61.05	-14.60
59.57	-14.52
59.57	-14.52
58.98	-14.58
58.98	-14.58
58.54	-14.51
58.54	-14.51
57.40	-14.63
57.40	-14.63
55.91	-14.35
55.91	-14.35
54.45	-13.86
54.45	-13.86
52.84	-13.42
52.84	-13.42
51.61	-13.20
51.61	-13.20
50.69	-13.06
50.69	-13.06
50.37	-13.16
50.40	-13.12
50.40	-13.12
50.16	-12.81
50.16	-12.81
49.81	-12.97
49.65	-12.95
49.24	-12.94
49.24	-12.94
48.87	-12.83
48.87	-12.83
48.65	-12.68
48.55	-12.45
48.55	-12.45
48.49	-12.50
48.49	-12.50
48.54	-12.40
48.54	-12.45
48.56	-12.55
48.56	-12.55
48.68	-12.36
48.68	-12.36
48.82	-12.33
48.91	-12.24
48.91	-12.24
48.93	-12.15
48.93	-12.15
49.04	-12.02
49.04	-12.02
48.67	-12.00
48.54	-12.06
48.54	-12.06
48.37	-12.07
48.37	-12.07
48.30	-11.95
48.30	-11.95
48.27	-11.85
48.27	-11.85
48.03	-11.71
48.03	-11.71
48.03	-11.73
48.03	-11.73
47.92	-11.79
47.92	-11.79
47.75	-11.77
47.75	-11.77
46.96	-11.68
46.96	-11.68
45.62	-11.59
44.56	-11.54
43.42	-11.48
42.43	-11.37
41.49	-11.14
40.71	-10.86
39.45	-10.68
38.33	-10.55
37.35	-10.70
36.41	-10.46
35.57	-10.42
34.61	-10.50
33.50	-10.38
32.22	-10.30
30.94	-10.36
29.57	-10.14
28.23	-10.28
27.00	-10.08
25.88	-9.93
25.00	-9.67
24.32	-9.42
23.74	-9.31
23.37	-9.21
23.18	-9.05
23.07	-8.70
22.75	-8.50
22.33	-8.34
21.85	-8.39
21.14	-8.44
20.38	-8.49
19.74	-8.71
19.30	-8.70
18.59	-8.59
17.86	-8.39
17.05	-8.27
16.32	-8.53
15.74	-8.72
15.19	-8.58
14.89	-8.59
14.50	-8.51
14.27	-8.45
13.88	-8.24
13.41	-8.26
12.78	-8.37
12.36	-8.29
12.04	-8.35
11.95	-8.23
11.61	-8.11
11.29	-8.03
10.99	-7.92
10.93	-7.83
11.10	-7.83
11.57	-7.81
12.08	-7.55
12.38	-7.40
12.54	-7.28
12.77	-7.18
12.66	-7.04
12.55	-7.16
12.30	-7.26
12.22	-7.32
12.18	-7.34
12.21	-7.24
12.27	-7.22
12.19	-7.11
12.20	-7.06
12.38	-7.03
12.71	-6.90
12.98	-6.70
13.34	-6.58
13.49	-6.37
13.90	-6.37
13.91	-6.26
14.19	-6.40
14.44	-6.57
14.66	-6.61
15.04	-6.48
15.34	-6.47
15.50	-6.48
15.76	-6.50
15.76	-6.50
16.20	-6.39
16.20	-6.39
16.52	-6.50
16.65	-6.43
16.65	-6.43
16.87	-6.44
16.87	-6.44
17.23	-6.62
17.23	-6.62
17.66	-6.66
17.66	-6.66
17.84	-6.71
17.93	-6.49
17.93	-6.49
18.14	-6.41
18.26	-6.52
18.34	-6.44
18.34	-6.44
18.53	-6.66
18.53	-6.66
18.51	-6.74
18.63	-6.83
18.63	-6.83
18.80	-7.02
19.00	-7.14
19.15	-7.17
19.23	-7.18
19.40	-7.23
19.40	-7.23
19.54	-7.11
19.57	-7.10
19.64	-7.00
19.64	-7.00
19.79	-7.05
19.79	-7.05
20.03	-6.98
20.25	-7.04
20.25	-7.04
20.68	-6.99
20.68	-6.99
21.02	-6.76
21.02	-6.76
21.23	-6.73
21.23	-6.73
21.69	-6.73
21.87	-6.64
21.87	-6.64
22.18	-6.56
22.18	-6.56
22.57	-6.54
22.57	-6.54
22.94	-6.37
22.94	-6.37
23.27	-6.35
23.42	-6.29
23.42	-6.29
23.59	-6.41
23.59	-6.41
23.85	-6.37
23.85	-6.37
24.11	-6.30
24.11	-6.30
24.28	-6.17
24.28	-6.17
24.43	-6.13
24.43	-6.13
24.75	-6.03
24.75	-6.03
24.70	-6.12
24.70	-6.12
24.61	-6.20
24.61	-6.20
24.70	-6.24
24.70	-6.24
24.84	-6.29
24.84	-6.29
24.77	-6.17
24.77	-6.17
24.92	-6.29
24.88	-6.29
24.88	-6.29
24.77	-6.22
24.78	-6.31
24.78	-6.31
24.74	-6.20
24.70	-6.28
24.72	-6.30
24.72	-6.30
24.69	-6.40
24.70	-6.34
24.70	-6.34
24.80	-6.44
24.91	-6.42
24.91	-6.42
24.71	-6.48
24.66	-6.52
24.66	-6.52
24.72	-6.63
24.66	-6.61
24.66	-6.61
24.73	-6.63
24.69	-6.62
24.69	-6.62
24.55	-6.56
24.55	-6.56
24.49	-6.73
24.49	-6.73
24.42	-6.79
24.42	-6.79
24.33	-6.97
24.33	-6.97
24.16	-7.02
24.05	-7.11
24.05	-7.11
23.93	-6.99
23.93	-6.99
23.76	-7.05
23.76	-7.05
23.69	-7.27
23.61	-7.41
23.61	-7.41
23.68	-7.49
23.84	-7.44
23.84	-7.44
23.85	-7.31
23.78	-7.28
23.78	-7.28
23.55	-7.26
23.50	-7.35
23.50	-7.35
23.35	-7.42
23.43	-7.35
23.43	-7.35
23.40	-7.17
23.42	-7.21
23.42	-7.21
23.40	-7.23
23.38	-7.27
23.38	-7.27
23.44	-7.30
23.44	-7.30
23.56	-7.41
23.58	-7.39
23.58	-7.39
23.70	-7.40
23.70	-7.40
23.59	-7.32
23.59	-7.32
23.51	-7.33
23.51	-7.33
23.47	-7.27
23.41	-7.38
23.37	-7.45
23.37	-7.45
23.21	-7.43
23.21	-7.43
23.26	-7.56
23.26	-7.56
23.30	-7.33
23.30	-7.33
23.31	-7.20
23.31	-7.20
23.46	-7.26
23.46	-7.26
23.73	-7.28
23.87	-7.24
23.87	-7.24
24.02	-7.29
24.06	-7.30
24.11	-7.34
24.11	-7.34
24.16	-7.33
24.16	-7.33
24.14	-7.27
24.20	-7.17
24.29	-7.05
24.29	-7.05
24.63	-7.09
24.63	-7.09
24.67	-7.15
24.59	-7.13
24.59	-7.13
24.46	-7.06
24.37	-6.93
24.37	-6.93
24.34	-7.05
24.34	-7.05
24.81	-7.07
24.81	-7.07
25.11	-6.97
25.11	-6.97
25.08	-6.92
25.03	-7.00
24.87	-7.04
24.87	-7.04
24.92	-7.04
24.92	-7.04
25.14	-7.16
25.14	-7.16
25.09	-7.13
25.09	-7.13
25.10	-7.15
25.10	-7.15
25.20	-7.15
25.33	-7.16
25.33	-7.16
25.69	-7.21
26.12	-7.19
26.12	-7.19
27.30	-7.19
27.30	-7.19
28.48	-7.06
28.48	-7.06
29.79	-7.12
29.79	-7.12
32.62	-6.89
32.62	-6.89
35.51	-7.07
35.51	-7.07
37.83	-7.34
37.83	-7.34
40.35	-7.66
40.35	-7.66
44.11	-7.24
44.11	-7.24
46.69	-6.97
46.69	-6.97
48.06	-6.86
48.77	-6.72
48.77	-6.72
49.46	-6.47
49.46	-6.47
50.37	-6.14
50.37	-6.14
51.76	-6.08
51.76	-6.08
53.37	-6.08
53.37	-6.08
55.05	-6.14
55.05	-6.14
56.64	-6.48
56.64	-6.48
58.38	-6.50
58.38	-6.50
60.03	-6.34
60.03	-6.34
61.47	-6.15
61.47	-6.15
62.35	-6.40
62.35	-6.40
63.04	-6.26
63.04	-6.26
63.91	-6.55
63.91	-6.55
64.04	-6.67
64.04	-6.67
63.31	-7.08
63.31	-7.08
62.53	-7.53
62.53	-7.53
61.67	-7.93
61.67	-7.93
60.85	-8.16
60.85	-8.16
59.83	-8.86
59.83	-8.86
58.83	-9.08
58.23	-9.33
58.23	-9.33
57.21	-9.31
56.44	-9.32
56.44	-9.32
55.37	-9.29
55.37	-9.29
54.88	-9.26
54.88	-9.26
54.65	-9.38
54.65	-9.38
54.24	-9.27
54.24	-9.27
53.26	-9.27
53.26	-9.27
52.16	-9.38
52.16	-9.38
51.18	-9.57
51.18	-9.57
50.10	-9.71
50.10	-9.71
47.46	-9.72
47.46	-9.72
43.57	-10.26
43.57	-10.26
40.37	-11.04
40.37	-11.04
37.72	-11.37
37.72	-11.37
35.55	-11.23
35.55	-11.23
33.31	-10.94
33.31	-10.94
31.77	-10.34
31.77	-10.34
30.58	-10.15
30.58	-10.15
29.98	-10.17
29.98	-10.17
29.49	-10.14
29.49	-10.14
29.31	-9.63
29.31	-9.63
29.03	-9.35
29.03	-9.35
29.09	-9.08
29.09	-9.08
29.33	-8.87
29.33	-8.87
29.61	-8.80
29.61	-8.80
29.26	-8.66
28.80	-8.50
28.80	-8.50
28.39	-8.49
28.29	-8.65
28.29	-8.65
28.65	-8.57
28.65	-8.57
29.21	-8.59
29.49	-8.44
29.49	-8.44
29.70	-8.38
29.70	-8.38
29.96	-8.48
29.96	-8.48
30.32	-8.51
30.63	-8.55
30.63	-8.55
31.18	-8.75
31.18	-8.75
32.26	-9.04
32.26	-9.04
33.60	-9.33
33.60	-9.33
34.98	-9.51
34.98	-9.51
36.05	-9.44
36.86	-9.49
36.86	-9.49
38.03	-9.78
38.03	-9.78
39.32	-9.70
39.32	-9.70
41.26	-10.05
41.26	-10.05
43.24	-10.38
43.24	-10.38
45.12	-10.46
46.41	-10.46
46.41	-10.46
48.35	-10.71
48.35	-10.71
51.72	-10.66
51.72	-10.66
55.54	-10.72
55.54	-10.72
58.83	-10.96
58.83	-10.96
62.40	-11.39
64.95	-11.62
64.95	-11.62
68.41	-11.70
68.41	-11.70
71.37	-11.81
73.00	-11.54
73.00	-11.54
75.20	-11.10
75.89	-10.89
76.86	-10.96
76.86	-10.96
77.91	-11.05
78.31	-11.07
78.90	-10.96
78.90	-10.96
80.13	-11.11
80.13	-11.11
81.88	-10.90
83.52	-10.89
83.52	-10.89
86.23	-10.91
86.23	-10.91
89.50	-10.83
92.20	-10.94
92.20	-10.94
95.42	-11.15
95.42	-11.15
99.09	-11.51
99.09	-11.51
101.49	-11.40
101.49	-11.40
104.06	-10.87
104.06	-10.87
106.32	-10.42
106.32	-10.42
109.21	-10.00
109.21	-10.00
111.76	-9.66
111.76	-9.66
114.31	-9.17
116.47	-8.91
116.47	-8.91
119.85	-8.74
119.85	-8.74
122.48	-8.06
124.64	-7.29
124.64	-7.29
127.22	-6.70
127.22	-6.70
129.51	-6.44
129.51	-6.44
132.73	-6.12
132.73	-6.12
135.40	-6.46
135.40	-6.46
138.36	-7.07
141.06	-7.64
141.06	-7.64
144.38	-8.52
144.38	-8.52
147.30	-9.17
147.30	-9.17
149.15	-8.69
149.15	-8.69
150.96	-8.46
150.96	-8.46
152.63	-8.17
152.63	-8.17
154.39	-7.80
155.64	-7.24
155.64	-7.24
157.51	-6.94
158.62	-7.33
160.17	-8.03
160.17	-8.03
161.17	-7.98
161.76	-7.79
162.98	-7.82
162.98	-7.82
164.46	-7.33
164.46	-7.33
165.92	-6.64
165.92	-6.64
167.21	-6.41
167.21	-6.41
168.18	-6.24
168.18	-6.24
168.91	-5.75
168.91	-5.75
169.97	-5.39
169.97	-5.39
170.41	-5.53
170.41	-5.53
170.33	-5.59
170.33	-5.59
170.53	-5.37
170.77	-5.21
170.77	-5.21
171.23	-4.86
171.23	-4.86
172.07	-4.39
172.07	-4.39
172.79	-3.87
172.79	-3.87
173.74	-3.27
173.74	-3.27
174.18	-3.16
174.18	-3.16
174.40	-3.23
174.40	-3.23
174.45	-3.28
174.49	-3.22
174.49	-3.22
174.59	-3.22
174.61	-3.33
174.61	-3.33
174.67	-3.39
174.84	-3.38
174.84	-3.38
175.01	-3.48
175.10	-3.70
175.10	-3.70
175.05	-4.23
175.12	-4.74
175.12	-4.74
175.23	-5.31
175.22	-5.60
175.22	-5.60
175.73	-5.97
176.21	-6.12
176.21	-6.12
177.21	-6.12
178.29	-6.18
178.29	-6.18
179.53	-6.24
179.53	-6.24
-178.91	-6.21
-178.91	-6.21
-177.59	-6.27
-176.84	-6.22
-175.92	-6.19
-175.92	-6.19
-174.98	-6.21
-174.98	-6.21
-173.97	-5.69
-173.97	-5.69
-173.61	-5.26
-173.61	-5.26
-173.45	-5.45
-173.05	-5.90
-173.05	-5.90
-172.57	-6.11
-172.57	-6.11
-172.34	-6.14
-172.19	-5.92
-172.19	-5.92
-171.80	-5.96
-171.56	-5.87
-171.56	-5.87
-171.23	-5.86
-171.05	-5.83
-171.05	-5.83
-170.88	-5.60
-170.55	-5.52
-170.55	-5.52
-170.27	-5.61
-170.28	-5.56
-170.28	-5.56
-170.49	-5.71
-170.49	-5.71
-170.74	-5.63
-170.74	-5.63
-170.93	-5.45
-170.93	-5.45
-171.35	-5.25
-171.35	-5.25
-171.59	-5.04
-171.59	-5.04
-171.71	-4.76
-171.71	-4.76
-171.45	-4.42
-171.45	-4.42
-171.51	-4.11
-171.51	-4.11
-171.62	-4.16
-171.62	-4.16
-171.78	-4.10
-171.78	-4.10
-171.85	-4.01
-171.85	-4.01
-171.95	-3.83
-171.95	-3.83
-172.33	-3.37
-172.33	-3.37
-172.90	-2.88
-172.90	-2.88
-173.68	-2.32
-173.68	-2.32
-174.51	-1.57
-174.51	-1.57
-175.61	-0.73
-175.61	-0.73
-176.49	0.54
-176.49	0.54
-177.78	2.99
-177.78	2.99
-179.56	5.74
-179.56	5.74
178.99	8.66
178.07	10.49
178.07	10.49
177.17	12.44
177.17	12.44
175.86	13.53
175.86	13.53
174.85	14.29
174.85	14.29
173.89	15.12
173.89	15.12
173.15	15.68
173.15	15.68
171.79	16.71
171.79	16.71
170.24	17.67
170.24	17.67
168.91	18.08
168.46	18.19
168.01	18.09
167.68	18.06
167.42	18.07
167.24	18.18
167.14	18.33
167.14	18.33
166.73	18.57
166.73	18.57
166.03	19.00
166.03	19.00
165.34	19.48
165.34	19.48
165.03	19.64
165.03	19.64
164.58	19.64
164.58	19.64
163.95	19.55
163.95	19.55
163.31	19.62
163.31	19.62
162.88	19.80
162.88	19.80
162.28	19.87
162.28	19.87
161.40	19.96
161.40	19.96
160.53	19.73
160.53	19.73
159.89	19.46
159.89	19.46
159.15	19.33
159.15	19.33
158.25	19.06
158.25	19.06
157.45	19.03
157.45	19.03
156.95	19.34
156.59	19.54
156.20	19.72
155.92	19.92
155.92	19.92
155.41	20.12
155.41	20.12
154.94	20.55
154.94	20.55
153.98	20.99
153.98	20.99
152.01	21.06
150.75	21.04
150.75	21.04
148.38	20.52
147.15	20.10
147.15	20.10
144.44	19.34
142.83	19.07
142.83	19.07
139.47	18.46
137.75	17.91
135.77	17.35
135.77	17.35
132.07	16.60
132.07	16.60
129.57	16.29
128.64	16.15
128.64	16.15
126.86	15.74
125.83	15.34
125.83	15.34
123.66	14.73
122.65	14.47
122.65	14.47
120.08	14.00
118.59	13.88
117.31	13.73
115.86	13.39
114.37	13.08
114.37	13.08
111.73	12.92
110.68	12.66
109.77	12.47
109.01	12.33
108.38	12.19
107.77	12.10
107.02	11.98
106.19	11.96
105.43	11.87
104.54	11.86
103.48	11.55
102.56	11.27
101.57	11.05
100.59	10.74
99.76	10.52
98.84	10.48
98.03	10.40
97.43	10.38
96.84	10.28
95.90	10.28
94.77	10.14
93.65	10.21
92.34	10.26
91.10	10.42
89.59	10.74
88.43	10.89
87.16	11.20
85.93	11.57
84.93	11.78
84.12	11.85
83.32	11.98
82.63	12.03
81.93	12.18
81.26	12.24
80.33	12.38
79.67	12.05
79.03	11.57
78.29	10.98
77.38	10.53
76.41	10.17
75.20	9.69
73.91	9.16
72.55	8.62
71.12	8.25
69.58	7.92
68.04	7.59
66.22	6.94
64.58	5.98
62.97	5.13
62.97	5.13
59.61	2.98
58.22	2.40
58.22	2.40
55.84	2.18
54.79	2.10
53.59	1.78
52.26	1.22
52.26	1.22
49.89	0.90
48.65	0.88
47.70	0.98
46.95	0.86
46.29	0.53
45.62	0.28
44.88	-0.22
44.32	-0.49
43.49	-0.68
42.85	-0.98
42.23	-1.10
41.56	-1.20
40.68	-1.49
39.74	-1.90
38.80	-2.05
37.74	-2.26
36.54	-2.41
35.44	-2.44
35.44	-2.44
33.32	-2.38
32.41	-2.50
32.02	-2.99
31.61	-3.37
31.59	-3.87
31.70	-4.87
32.47	-6.13
33.49	-6.66
34.67	-7.85
36.04	-8.49
37.28	-9.00
37.83	-10.08
37.90	-10.52
36.62	-10.85
35.08	-10.88
33.11	-10.74
31.02	-10.52
29.21	-10.35
27.92	-10.63
26.89	-11.04
26.18	-11.30
25.64	-11.07
25.52	-11.17
25.51	-11.31
25.66	-11.27
25.64	-11.19
25.19	-10.95
24.60	-10.53
23.78	-10.17
22.95	-9.26
22.26	-8.04
21.27	-6.96
20.52	-6.05
19.90	-5.24
18.91	-4.22
17.79	-3.57
16.53	-3.08
15.44	-2.45
14.61	-2.10
13.94	-1.44
13.94	-1.44
13.07	-0.13
13.07	-0.13
12.40	1.64
12.40	1.64
12.32	3.14
12.32	3.14
12.33	3.21
12.33	3.21
12.14	1.16
11.93	0.17
11.44	-0.22
11.44	-0.22
11.13	-0.05
10.95	0.01
10.60	-0.09
10.24	-0.00
9.69	-0.27
9.02	-0.68
8.78	-1.08
8.44	-1.50
8.44	-1.50
8.12	-2.65
7.76	-3.12
7.29	-3.59
6.77	-4.02
6.77	-4.02
5.69	-4.45
4.75	-4.75
4.75	-4.75
3.35	-5.12
3.35	-5.12
1.75	-6.18
1.75	-6.18
0.99	-6.79
0.99	-6.79
0.53	-6.79
0.48	-6.82
-0.09	-7.03
-0.09	-7.03
-1.01	-7.62
-1.01	-7.62
-1.43	-8.13
-1.43	-8.13
-1.78	-8.50
-1.78	-8.50
-1.90	-8.41
-1.90	-8.41
-2.30	-8.65
-2.30	-8.65
-2.45	-8.63
-2.43	-8.89
-2.43	-8.89
-2.35	-8.90
-2.35	-8.90
-2.27	-9.49
-2.27	-9.49
-1.89	-9.29
-1.89	-9.29
-1.85	-9.05
-1.85	-9.05
-1.91	-9.14
-1.91	-9.14
-2.22	-9.05
-2.22	-9.05
-2.42	-8.73
-2.42	-8.73
-2.21	-8.55
-2.21	-8.55
-2.17	-8.42
-2.17	-8.42
-2.04	-8.43
-2.04	-8.43
-1.69	-8.33
-1.69	-8.33
-1.32	-8.47
-1.32	-8.47
-1.12	-8.66
-1.18	-8.73
-1.05	-8.62
-1.05	-8.62
-0.65	-8.45
-0.33	-8.36
-0.17	-8.20
0.01	-8.13
0.15	-7.98
0.45	-7.78
0.45	-7.78
1.38	-6.91
1.38	-6.91
2.20	-6.54
2.20	-6.54
2.88	-6.30
2.88	-6.30
3.51	-5.61
3.51	-5.61
4.11	-5.28
4.11	-5.28
4.54	-4.83
4.54	-4.83
4.79	-4.84
4.79	-4.84
4.85	-5.07
4.85	-5.07
5.12	-5.33
5.12	-5.33
5.72	-5.56
5.72	-5.56
6.16	-5.76
6.16	-5.76
7.02	-5.47
7.02	-5.47
7.55	-5.16
7.55	-5.16
8.30	-5.10
8.30	-5.10
9.79	-4.84
9.79	-4.84
11.11	-4.75
11.11	-4.75
12.18	-4.66
12.18	-4.66
12.70	-4.52
12.70	-4.52
13.08	-4.34
13.08	-4.34
13.45	-4.26
13.45	-4.26
13.53	-4.16
13.53	-4.16
13.27	-4.02
13.27	-4.02
13.12	-4.27
13.12	-4.27
13.40	-4.31
13.40	-4.31
13.64	-4.22
13.64	-4.22
13.56	-4.20
13.56	-4.20
13.33	-4.20
13.33	-4.20
13.40	-4.15
13.40	-4.15
13.41	-4.26
13.41	-4.26
13.46	-4.36
13.46	-4.36
13.55	-4.42
13.55	-4.42
13.68	-4.37
13.60	-4.32
13.60	-4.32
13.52	-4.49
13.53	-4.44
13.53	-4.44
13.61	-4.56
13.59	-4.51
13.59	-4.51
13.49	-4.55
13.49	-4.55
13.48	-4.60
13.48	-4.60
13.45	-4.51
13.45	-4.51
13.49	-4.54
13.49	-4.54
13.37	-4.46
13.37	-4.46
13.23	-4.46
13.23	-4.46
13.25	-4.38
13.25	-4.38
13.19	-4.48
13.19	-4.48
12.95	-4.50
12.95	-4.50
13.04	-4.56
13.04	-4.56
13.27	-4.51
13.34	-4.54
13.34	-4.54
13.31	-4.44
13.31	-4.44
13.24	-4.48
13.24	-4.48
13.13	-4.30
13.13	-4.30
12.97	-4.30
12.97	-4.30
13.04	-4.22
12.98	-4.44
12.98	-4.44
12.99	-4.48
12.99	-4.48
13.10	-4.60
12.97	-4.65
12.97	-4.65
12.83	-4.60
12.95	-4.66
12.95	-4.66
12.98	-4.53
12.98	-4.61
12.98	-4.61
12.88	-4.70
12.80	-4.67
12.80	-4.67
13.02	-4.83
13.01	-4.86
13.01	-4.86
13.13	-4.82
13.10	-4.75
13.10	-4.75
13.12	-4.83
13.12	-4.83
13.24	-4.82
13.29	-4.75
13.29	-4.75
13.20	-4.67
13.20	-4.67
13.13	-4.73
13.13	-4.73
13.29	-4.74
13.29	-4.89
13.29	-4.89
13.30	-4.92
13.33	-4.83
13.33	-4.83
13.34	-4.73
13.35	-4.66
13.35	-4.66
13.35	-4.76
13.44	-4.83
13.44	-4.83
13.40	-4.84
13.40	-4.97
13.40	-4.97
13.34	-5.04
13.28	-5.00
13.28	-5.00
13.47	-5.06
13.47	-4.88
13.47	-4.88
13.31	-4.99
13.31	-4.99
13.30	-5.14
13.34	-5.01
13.34	-5.01
13.42	-5.00
13.51	-4.98
13.51	-4.98
13.38	-5.06
13.30	-5.09
13.30	-5.09
13.31	-5.06
13.37	-5.09
13.37	-5.09
13.47	-5.07
13.37	-4.94
13.37	-4.94
13.34	-5.01
13.54	-5.05
13.54	-5.05
13.60	-5.17
13.74	-5.17
13.74	-5.17
14.02	-5.24
14.09	-5.30
14.09	-5.30
13.98	-5.19
13.90	-5.25
13.90	-5.25
14.08	-5.16
14.02	-5.22
14.02	-5.22
13.96	-5.29
13.96	-5.35
13.96	-5.35
13.90	-5.30
13.90	-5.29
13.90	-5.29
13.82	-5.41
13.85	-5.34
13.85	-5.34
13.87	-5.24
13.68	-5.10
13.68	-5.10
13.46	-4.47
13.46	-4.47
13.16	-4.21
13.16	-4.21
12.68	-4.00
12.68	-4.00
11.64	-2.78
11.64	-2.78
11.05	-1.69
10.60	-0.58
10.60	-0.58
10.05	0.58
9.64	2.26
9.64	2.26
9.05	5.43
8.02	7.53
8.02	7.53
7.04	8.73
6.76	9.40
6.76	9.40
6.80	9.95
7.00	10.12
7.00	10.12
7.57	9.99
7.74	9.91
7.74	9.91
7.97	10.33
7.96	9.90
7.96	9.90
7.93	9.97
7.81	10.05
7.81	10.05
7.47	10.37
7.47	10.63
7.47	10.63
7.39	11.49
7.42	12.55
7.42	12.55
7.89	14.62
7.89	14.62
8.16	15.61
8.11	16.45
8.11	16.45
8.09	17.90
8.08	18.63
8.08	18.63
8.28	19.31
8.55	20.11
8.55	20.11
8.35	20.67
8.19	21.53
8.19	21.53
7.99	23.21
7.71	24.65
7.71	24.65
7.21	25.85
7.32	26.45
7.32	26.45
7.74	27.46
7.74	27.46
7.26	28.09
7.26	28.09
6.55	27.72
5.84	27.71
5.84	27.71
4.54	27.46
3.82	26.60
3.82	26.60
2.92	25.54
2.09	25.13
2.09	25.13
1.06	24.33
0.48	23.85
0.48	23.85
-0.67	22.41
-1.66	21.82
-1.66	21.82
-2.91	20.58
-3.86	19.58
-3.86	19.58
-4.86	18.87
-5.73	18.46
-5.73	18.46
-6.59	18.09
-6.97	18.26
-6.97	18.26
-7.39	18.01
-7.63	17.86
-8.11	17.14
-8.11	17.14
-8.51	16.49
-8.76	16.10
-8.76	16.10
-8.56	15.39
-7.84	14.83
-7.84	14.83
-6.40	13.35
-3.42	10.76
-3.42	10.76
2.57	5.28
7.76	-0.30
7.76	-0.30
13.32	-5.51
18.28	-6.07
18.28	-6.07
22.57	-6.47
25.09	-6.83
25.09	-6.83
27.34	-8.11
28.77	-9.79
28.77	-9.79
30.15	-10.59
32.06	-11.11
32.06	-11.11
35.56	-11.07
38.53	-10.03
38.53	-10.03
42.09	-10.03
42.09	-10.03
47.47	-9.51
47.47	-9.51
50.97	-8.91
54.20	-8.80
54.20	-8.80
58.16	-8.99
61.10	-8.52
61.10	-8.52
64.13	-7.82
66.25	-7.21
66.25	-7.21
68.46	-6.06
70.18	-5.67
70.18	-5.67
72.56	-5.72
74.18	-5.76
74.18	-5.76
76.02	-5.25
77.09	-4.89
77.09	-4.89
79.19	-4.60
80.10	-4.58
81.99	-4.46
81.99	-4.46
84.12	-4.32
85.64	-4.23
85.64	-4.23
87.31	-3.44
88.50	-2.91
88.50	-2.91
89.96	-2.18
90.69	-1.49
91.34	-0.94
92.16	-0.10
92.16	-0.10
93.19	0.42
93.19	0.42
95.21	1.79
95.21	1.79
96.34	2.96
96.34	2.96
97.69	4.29
97.69	4.29
99.18	5.01
99.18	5.01
101.65	5.32
101.65	5.32
104.13	5.16
104.13	5.16
106.81	5.40
108.47	5.49
108.47	5.49
110.66	5.74
110.66	5.74
113.28	6.13
113.28	6.13
115.00	5.98
115.00	5.98
116.99	6.27
116.99	6.27
118.82	6.31
118.82	6.31
120.82	5.99
121.56	6.01
121.56	6.01
123.08	6.30
123.80	6.36
125.23	6.61
125.23	6.61
126.50	6.76
126.50	6.76
126.82	6.96
126.82	6.96
127.00	7.16
127.06	7.54
127.27	7.98
127.31	8.42
127.21	8.81
127.16	9.35
127.07	9.68
127.12	9.89
127.06	10.05
127.07	10.12
126.84	9.96
126.30	9.83
125.60	9.63
124.65	9.04
123.38	8.52
121.93	7.87
120.31	7.42
118.88	6.83
117.39	6.59
116.32	6.32
114.61	6.39
113.70	6.30
113.17	6.22
112.68	6.05
111.88	5.64
110.88	5.14
109.58	4.49
107.96	3.53
106.26	2.79
104.49	1.89
102.71	1.30
101.09	0.76
99.90	0.43
98.93	0.07
98.30	-0.16
97.72	-0.35
97.06	-0.67
96.48	-0.98
95.75	-1.09
95.00	-1.23
94.35	-1.40
93.68	-1.69
92.96	-1.97
92.22	-2.25
91.47	-2.41
90.70	-2.41
89.76	-2.34
89.02	-2.13
88.09	-2.03
87.24	-2.00
86.35	-2.02
85.37	-2.03
84.12	-1.85
83.01	-1.82
81.95	-1.63
81.08	-1.56
80.48	-1.66
80.03	-1.61
79.65	-1.77
79.49	-1.94
78.97	-1.88
78.23	-1.96
77.61	-2.07
77.05	-2.20
77.05	-2.20
76.30	-2.30
75.83	-2.24
75.11	-2.18
73.82	-2.07
71.67	-1.92
71.67	-1.92
65.83	-2.67
63.11	-3.18
60.21	-3.83
57.93	-4.11
55.84	-4.25
55.84	-4.25
52.68	-4.69
51.73	-4.72
50.94	-4.53
50.33	-4.34
49.79	-4.04
49.79	-4.04
48.43	-4.16
48.43	-4.16
47.09	-3.91
46.03	-3.89
44.84	-3.89
43.60	-4.05
42.20	-4.00
40.98	-3.98
39.67	-3.94
38.20	-3.99
37.02	-4.02
36.08	-4.11
34.99	-4.06
34.15	-4.15
33.16	-3.98
32.41	-3.71
31.65	-3.61
30.61	-3.70
29.56	-3.47
28.73	-3.22
27.60	-3.03
26.44	-2.80
25.49	-2.63
24.40	-2.55
23.53	-2.80
22.92	-2.80
22.33	-2.69
21.98	-2.70
21.43	-2.59
20.89	-2.48
20.49	-2.33
20.00	-2.29
19.84	-2.39
19.86	-2.51
19.96	-2.57
20.02	-2.50
20.12	-2.37
20.11	-2.29
20.17	-2.25
20.30	-2.31
20.12	-2.10
20.04	-2.05
19.99	-2.08
19.88	-2.01
19.82	-2.11
19.78	-2.06
19.76	-2.19
19.89	-2.20
20.25	-2.40
20.76	-2.40
21.48	-2.28
22.25	-2.05
23.18	-1.99
23.87	-1.97
24.62	-1.97
25.40	-1.88
26.34	-1.92
28.28	-2.07
30.35	-2.54
33.33	-2.85
36.02	-3.08
38.96	-3.44
42.04	-4.04
44.94	-4.52
48.17	-4.71
51.65	-4.35
55.01	-4.20
57.95	-4.27
60.67	-4.51
63.16	-4.83
65.30	-4.81
67.72	-4.90
69.79	-4.87
71.73	-4.94
74.12	-5.06
76.18	-5.36
78.08	-5.48
80.19	-5.75
81.76	-5.85
83.70	-5.66
83.70	-5.66
86.04	-5.75
86.04	-5.75
88.26	-5.34
88.26	-5.34
90.45	-5.15
90.45	-5.15
93.09	-4.79
93.09	-4.79
95.37	-4.30
96.08	-4.27
97.05	-4.48
97.05	-4.48
98.13	-4.66
98.13	-4.66
98.89	-4.77
99.51	-4.83
100.02	-4.98
100.02	-4.98
100.73	-4.98
100.73	-4.98
101.08	-5.00
101.08	-5.00
101.59	-4.80
101.59	-4.80
102.15	-4.78
102.15	-4.78
103.05	-4.86
103.05	-4.86
104.31	-5.20
104.31	-5.20
106.04	-5.75
106.04	-5.75
107.39	-5.78
107.39	-5.78
108.66	-6.06
108.66	-6.06
109.71	-6.22
109.71	-6.22
111.31	-6.46
111.31	-6.46
112.85	-6.30
112.85	-6.30
114.46	-6.15
114.46	-6.15
116.42	-5.31
116.42	-5.31
118.95	-4.28
118.95	-4.28
121.70	-3.61
121.70	-3.61
124.10	-3.41
124.10	-3.41
125.81	-3.28
126.17	-3.07
126.33	-2.82
126.21	-2.53
125.66	-2.08
125.22	-1.82
124.42	-1.61
123.78	-1.21
123.59	-0.89
123.33	-0.50
123.22	-0.08
123.22	0.21
123.01	0.47
122.84	0.69
122.76	0.97
122.56	1.10
122.36	1.33
122.34	2.09
122.12	3.02
122.06	4.75
122.28	6.99
122.41	8.71
122.82	10.18
123.22	11.28
123.60	12.73
124.20	14.56
124.56	16.36
125.09	17.67
125.68	19.02
126.17	20.35
126.80	21.82
127.08	23.39
127.28	24.87
127.57	25.91
127.89	26.99
128.19	28.09
128.64	29.55
128.90	31.28
128.97	32.56
129.64	33.83
129.87	35.06
130.18	36.28
130.50	37.69
130.89	39.20
131.57	40.26
131.91	41.18
132.41	42.09
132.66	43.06
133.05	43.89
132.82	44.74
132.90	45.55
132.67	46.20
132.48	47.08
132.62	47.82
132.38	48.48
132.27	49.07
132.27	49.47
132.30	49.93
132.08	50.29
131.90	50.66
132.07	51.03
131.60	51.70
131.38	52.20
131.29	52.43
131.24	52.67
130.81	52.94
131.03	53.19
130.93	53.54
131.20	53.94
131.51	54.64
131.66	55.07
131.43	55.39
131.19	55.56
131.64	55.76
132.07	55.87
132.83	55.97
133.11	56.31
132.83	56.59
132.48	56.67
132.72	56.81
132.91	56.81
132.99	56.84
133.14	56.92
132.87	56.92
132.64	56.86
132.39	56.71
131.75	56.57
131.40	56.46
131.51	56.30
131.73	56.27
131.99	56.44
131.98	56.41
131.84	56.39
131.24	56.18
130.71	55.92
130.12	55.57
128.34	55.29
126.75	54.99
124.76	54.74
123.17	54.53
122.07	54.06
121.06	53.45
120.08	52.91
119.06	52.42
117.29	52.01
115.58	51.77
113.49	51.39
111.37	50.60
109.36	49.95
106.60	49.58
104.30	48.94
102.31	48.22
100.39	47.45
98.50	46.71
96.16	45.81
93.84	44.27
91.74	43.30
88.76	42.33
86.50	41.50
84.40	41.15
82.29	40.69
80.19	40.60
78.97	40.12
77.46	39.26
76.39	38.90
75.53	38.15
74.47	37.74
73.44	37.64
71.87	36.92
70.50	36.03
68.92	35.44
67.61	34.44
66.46	33.28
64.88	31.50
63.21	30.14
61.70	28.35
60.37	26.46
58.72	24.42
57.22	22.23
56.02	20.60
55.02	19.13
54.15	17.75
53.39	16.24
52.71	14.98
51.70	13.75
50.60	12.27
49.40	10.85
48.37	9.72
47.25	8.52
46.38	7.48
45.57	6.20
44.45	4.67
43.14	3.23
41.79	2.15
40.92	1.48
39.00	-0.04
37.82	-0.97
36.37	-2.00
34.68	-2.86
32.80	-3.38
31.01	-3.67
29.14	-3.94
27.62	-4.33
26.22	-4.42
25.20	-4.68
24.34	-4.77
23.50	-4.49
22.55	-4.51
21.77	-4.37
21.11	-4.53
20.52	-4.63
20.25	-4.75
20.32	-4.92
20.72	-5.11
21.13	-5.13
21.20	-4.90
21.65	-4.22
21.85	-4.07
22.00	-3.65
22.05	-3.09
22.12	-2.34
22.03	-1.56
21.94	-0.81
21.97	0.13
21.83	0.71
21.16	1.57
20.81	1.50
20.47	1.31
20.75	1.06
21.17	1.08
21.49	1.38
21.70	1.41
21.77	1.46
21.91	1.37
21.88	1.24
21.88	1.24
21.74	1.24
21.71	1.34
21.71	1.34
21.80	1.23
22.13	1.19
22.13	1.19
22.36	1.66
22.42	1.72
22.43	1.79
22.62	1.99
22.59	1.98
22.59	1.98
22.81	2.74
23.04	3.08
23.20	3.12
23.59	3.16
23.59	3.16
24.08	3.63
24.08	3.63
24.58	4.14
24.81	4.64
24.81	4.64
24.71	5.73
24.71	5.73
24.61	7.19
24.61	7.19
24.56	8.85
24.56	8.85
24.64	10.27
24.64	10.27
24.25	11.31
24.25	11.31
23.87	11.56
23.87	11.56
23.33	11.58
23.33	11.58
22.97	11.40
22.96	11.11
