131.99	7.10
131.69	6.93
131.63	6.93
131.63	6.96
131.54	6.89
131.45	6.78
131.29	6.60
131.17	6.79
131.09	6.66
130.84	6.54
130.80	6.42
130.71	6.29
130.53	6.23
130.54	5.96
130.37	5.89
130.22	5.70
130.31	5.28
130.42	4.54
130.77	3.26
131.14	1.32
132.00	-1.37
133.20	-4.30
134.60	-6.56
136.57	-9.39
138.45	-11.89
140.54	-13.90
142.58	-15.54
143.89	-16.46
144.78	-16.87
145.23	-17.21
145.07	-17.35
144.71	-17.73
144.28	-17.77
144.07	-17.95
143.81	-17.99
143.81	-18.36
144.08	-18.58
144.46	-18.96
144.80	-19.53
145.03	-19.72
145.21	-19.79
145.64	-20.45
146.22	-21.20
147.19	-22.41
148.89	-23.42
150.81	-24.44
152.87	-25.68
154.87	-26.90
156.61	-27.57
158.00	-28.30
159.05	-29.04
159.93	-30.08
160.55	-31.24
161.07	-32.72
161.44	-33.95
161.44	-33.95
162.57	-36.92
162.87	-38.52
162.95	-39.89
162.95	-39.89
162.17	-43.76
161.59	-45.10
161.06	-45.93
160.87	-46.47
160.04	-46.67
158.96	-46.72
157.21	-46.67
155.04	-46.64
152.93	-46.67
149.72	-46.70
146.79	-46.99
143.60	-46.81
139.94	-46.48
136.55	-46.13
132.35	-45.56
127.95	-44.91
123.53	-44.05
118.46	-43.06
118.46	-43.06
108.19	-41.57
108.19	-41.57
96.77	-39.87
96.77	-39.87
85.21	-38.61
85.21	-38.61
73.47	-37.16
73.47	-37.16
62.15	-35.35
62.15	-35.35
52.93	-34.43
52.93	-34.43
44.40	-34.09
44.40	-34.09
36.83	-33.31
36.83	-33.31
30.66	-33.87
30.66	-33.87
25.63	-34.13
25.63	-34.13
22.91	-32.46
22.91	-32.46
20.22	-31.33
20.22	-31.33
17.33	-30.32
17.33	-30.32
15.29	-29.08
15.29	-29.08
13.82	-28.41
13.82	-28.41
11.34	-28.05
11.34	-28.05
7.46	-26.43
7.46	-26.43
5.51	-24.64
5.51	-24.64
4.46	-24.16
4.46	-24.16
3.23	-23.42
3.23	-23.42
1.16	-22.52
1.16	-22.52
0.90	-19.92
0.90	-19.92
0.91	-19.48
0.91	-19.48
0.84	-19.59
0.84	-19.59
0.72	-19.73
0.72	-19.73
0.43	-19.97
0.43	-19.97
1.44	-17.00
1.44	-17.00
1.28	-17.54
1.28	-17.54
1.17	-16.70
1.17	-16.70
0.86	-16.13
0.61	-15.68
0.61	-15.68
-0.41	-15.49
-0.41	-15.49
-1.63	-16.69
-1.63	-16.69
-1.13	-15.62
-1.13	-15.62
-0.47	-14.71
-0.47	-14.71
-1.05	-14.08
-1.05	-14.08
-1.69	-14.74
-1.69	-14.74
-2.34	-13.85
-2.34	-13.85
-2.00	-14.17
-2.00	-14.17
-1.29	-14.15
-1.29	-14.15
-1.11	-13.15
-1.46	-13.42
-1.80	-13.65
-1.82	-12.90
-1.28	-12.30
-1.11	-11.41
-0.92	-10.29
-0.93	-9.69
-1.43	-9.27
-1.96	-8.96
-2.06	-8.41
-2.06	-7.68
-2.32	-7.56
-2.61	-6.98
-2.70	-6.63
-2.81	-6.63
-2.97	-7.31
-3.05	-7.21
-3.02	-6.76
-3.10	-6.71
-3.32	-6.92
-3.50	-6.67
-3.50	-6.67
-3.33	-7.15
-3.38	-7.45
-3.38	-7.45
-3.50	-7.72
-3.50	-7.72
-3.53	-8.16
-3.52	-8.11
-3.52	-8.11
-3.18	-8.68
-2.66	-9.22
-2.66	-9.22
-1.63	-10.13
-0.93	-10.62
-0.93	-10.62
0.34	-11.45
0.34	-11.45
1.50	-13.88
1.95	-15.74
1.95	-15.74
1.34	-18.00
1.34	-19.19
1.34	-19.19
0.57	-23.32
0.17	-25.40
0.17	-25.40
0.19	-29.12
0.46	-30.86
1.05	-33.65
2.17	-35.50
2.17	-35.50
1.94	-39.10
0.87	-40.55
0.87	-40.55
-1.15	-41.75
-2.18	-41.49
-3.52	-41.62
-5.35	-41.75
-7.30	-41.85
-9.65	-42.02
-12.68	-41.79
-15.85	-41.66
-19.51	-41.30
-22.38	-40.99
-26.63	-40.92
-30.06	-40.71
-34.26	-40.32
-37.77	-39.98
-41.60	-39.40
-44.28	-39.04
-49.69	-38.05
-54.38	-36.98
-59.01	-35.90
-62.29	-35.27
-67.69	-34.21
-71.77	-33.40
-75.43	-32.40
-78.93	-31.63
-82.74	-30.83
-85.70	-30.30
-87.80	-30.03
-89.84	-29.72
-89.84	-29.72
-91.22	-29.72
-90.94	-29.96
-89.79	-30.42
-88.07	-30.70
-85.70	-30.89
-83.17	-31.20
-80.41	-31.57
-77.32	-31.78
-74.96	-31.76
-72.62	-31.88
-70.42	-32.17
-69.97	-32.61
-68.23	-32.75
-65.64	-31.98
-62.15	-31.53
-57.74	-31.09
-52.92	-30.71
-52.92	-30.71
-42.69	-29.12
-36.89	-28.20
-30.99	-27.45
-24.89	-26.62
-18.98	-25.97
-13.73	-25.20
-9.09	-24.68
-5.96	-24.11
-3.33	-23.33
-1.23	-22.04
-0.21	-20.50
0.61	-19.62
1.00	-18.91
0.84	-18.62
0.84	-18.62
0.34	-17.53
0.22	-16.30
0.22	-16.30
-0.24	-15.56
-0.19	-15.71
-0.19	-15.71
-1.05	-16.68
-1.05	-16.68
-1.61	-17.12
-1.61	-17.12
-1.77	-17.98
-1.77	-17.98
-0.91	-16.59
-0.91	-16.59
-0.44	-16.62
-0.44	-16.62
-0.56	-16.66
-0.56	-16.66
-0.62	-17.18
-0.62	-17.18
-0.86	-17.40
-0.86	-17.40
0.25	-16.38
0.25	-16.38
0.92	-13.77
0.92	-13.77
0.22	-12.87
0.22	-12.87
1.64	-12.72
1.64	-12.72
2.42	-11.55
2.42	-11.55
3.44	-9.87
3.44	-9.87
4.25	-10.21
4.25	-10.21
4.06	-12.16
4.06	-12.16
3.05	-14.05
3.05	-14.05
2.20	-15.75
2.29	-16.44
2.51	-18.52
2.51	-18.52
1.74	-24.02
1.74	-24.02
1.32	-28.80
1.32	-28.80
2.23	-29.13
2.42	-29.83
1.94	-30.98
1.65	-30.62
1.67	-30.16
1.68	-30.58
1.78	-31.47
1.78	-31.47
2.01	-31.75
2.01	-31.75
2.56	-30.37
2.56	-30.37
3.08	-29.65
3.08	-29.65
3.84	-31.62
3.84	-31.62
3.93	-31.42
3.93	-31.42
2.94	-30.16
2.94	-30.16
2.09	-29.02
2.09	-29.02
2.53	-27.60
2.53	-27.60
3.75	-26.91
3.75	-26.91
4.82	-26.29
5.09	-26.24
5.20	-26.09
5.20	-26.09
5.04	-25.85
4.95	-25.79
4.82	-25.72
5.00	-25.81
4.96	-25.91
4.81	-26.15
4.85	-26.28
4.88	-26.39
5.05	-26.42
5.13	-26.29
5.25	-26.02
5.07	-25.87
4.87	-25.63
4.82	-25.65
4.53	-25.67
4.48	-25.79
4.45	-25.56
4.52	-25.80
4.43	-24.85
4.39	-23.81
4.25	-23.23
4.11	-22.99
4.06	-22.72
4.01	-22.68
3.95	-22.59
3.82	-22.32
3.91	-21.82
3.86	-21.35
3.80	-21.26
3.70	-22.49
3.77	-24.16
3.74	-25.46
4.06	-26.78
4.71	-27.97
5.29	-29.81
5.86	-32.51
6.13	-35.77
6.14	-38.48
5.99	-40.68
5.53	-42.03
5.38	-41.40
5.07	-39.57
5.05	-37.74
4.62	-36.58
4.15	-36.47
3.64	-36.89
3.14	-37.95
3.00	-38.81
2.89	-40.21
2.99	-41.45
2.66	-43.93
2.80	-46.37
3.31	-48.96
3.82	-51.39
4.61	-52.56
5.77	-55.30
5.77	-55.30
7.83	-56.96
7.83	-56.96
9.18	-58.91
9.18	-58.91
10.02	-60.23
10.38	-61.16
10.93	-61.35
11.17	-61.31
11.82	-61.61
13.06	-61.97
14.31	-62.31
15.88	-61.70
17.61	-60.92
21.09	-59.53
24.27	-57.82
30.79	-54.54
30.79	-54.54
42.62	-47.40
42.62	-47.40
50.84	-42.32
50.84	-42.32
57.05	-39.78
57.05	-39.78
61.77	-37.55
61.77	-37.55
66.75	-34.47
66.75	-34.47
70.42	-33.56
70.42	-33.56
72.49	-32.92
72.49	-32.92
72.04	-32.27
72.04	-32.27
69.72	-31.88
69.72	-31.88
68.58	-31.47
68.64	-31.51
69.41	-31.50
71.13	-31.37
73.77	-30.89
77.10	-30.25
83.26	-29.45
87.69	-28.75
92.94	-28.10
96.20	-27.92
100.58	-27.41
104.36	-26.85
108.22	-26.41
111.70	-25.69
114.12	-25.29
114.12	-25.29
115.81	-24.78
115.76	-24.37
115.91	-24.27
116.08	-24.15
116.30	-24.11
116.45	-23.97
116.40	-23.88
116.41	-23.71
116.43	-22.89
117.29	-22.04
117.78	-20.94
118.32	-19.70
118.64	-18.81
118.17	-19.21
115.65	-19.84
109.05	-20.40
99.79	-21.01
89.71	-21.39
79.59	-21.60
68.40	-21.43
58.54	-21.21
49.27	-20.89
40.40	-20.95
31.81	-20.78
24.48	-20.24
18.13	-19.85
12.02	-19.06
7.53	-18.66
3.61	-18.65
0.18	-18.74
-2.35	-19.19
-3.74	-19.77
-4.05	-20.20
-3.38	-20.48
-2.08	-20.38
-0.59	-20.07
0.84	-19.89
2.06	-19.58
2.81	-19.24
3.59	-18.79
4.28	-18.42
4.71	-17.90
4.80	-17.46
4.54	-17.17
3.38	-16.82
3.38	-16.82
0.36	-16.36
-0.91	-16.88
-1.92	-17.24
-2.61	-17.29
-2.86	-17.32
-2.86	-17.12
-2.28	-16.90
-2.29	-17.40
-2.02	-18.68
-1.80	-20.26
-1.31	-21.45
-0.71	-22.01
-0.04	-21.79
0.42	-21.60
0.86	-21.39
0.90	-21.15
1.01	-20.89
1.09	-20.50
1.01	-20.40
0.88	-20.50
0.85	-20.53
0.62	-20.66
0.65	-20.75
0.65	-20.75
0.67	-21.14
0.67	-21.14
0.90	-21.57
0.99	-21.73
1.17	-21.92
1.24	-21.92
1.20	-22.13
1.32	-22.28
1.24	-22.44
1.37	-22.49
1.29	-22.49
1.41	-22.47
1.38	-22.42
1.47	-22.41
1.56	-22.50
1.78	-22.52
2.01	-22.49
1.99	-22.56
2.12	-22.64
2.21	-22.71
2.18	-22.70
2.47	-22.67
2.42	-22.42
2.43	-22.45
2.37	-22.70
2.23	-22.79
2.12	-22.83
2.10	-22.80
2.11	-22.98
2.11	-22.98
1.95	-23.19
1.65	-23.03
1.31	-22.88
1.20	-22.71
1.31	-22.74
1.55	-22.88
1.55	-22.88
1.59	-22.84
1.68	-22.64
1.62	-22.74
1.74	-22.72
1.70	-22.65
1.81	-22.66
1.97	-22.71
1.98	-22.81
2.05	-22.98
2.11	-23.20
2.26	-23.15
2.33	-23.27
2.56	-23.98
2.59	-25.27
2.82	-26.29
3.06	-26.59
3.03	-26.50
2.97	-26.99
2.57	-27.37
2.01	-27.45
1.58	-27.56
1.31	-27.74
1.04	-28.94
0.72	-30.43
0.54	-32.00
0.34	-32.15
-0.03	-32.11
-0.51	-32.60
-0.87	-34.78
-1.13	-37.47
-1.27	-40.00
-1.45	-40.81
-1.67	-40.30
-1.67	-38.95
-1.51	-37.70
-0.98	-37.01
-0.49	-36.19
-0.17	-35.22
0.01	-33.74
0.10	-31.86
0.34	-30.16
0.60	-28.70
0.80	-28.23
0.91	-28.31
0.85	-28.65
0.86	-29.31
1.06	-30.05
1.16	-31.20
1.33	-32.02
1.65	-32.99
1.57	-33.50
1.78	-34.15
1.69	-34.52
1.52	-34.79
1.33	-34.99
1.37	-35.31
1.26	-35.23
1.27	-35.11
1.23	-35.21
1.32	-35.27
1.46	-35.30
1.59	-35.45
1.59	-35.45
1.82	-35.31
1.94	-35.07
1.97	-34.83
2.16	-34.58
2.31	-34.54
2.50	-34.45
2.43	-34.36
2.52	-34.43
2.59	-34.23
2.81	-34.08
2.78	-34.03
2.94	-34.08
2.98	-34.17
2.98	-34.17
3.05	-34.01
3.05	-34.01
3.66	-34.26
3.99	-34.58
4.20	-35.03
4.25	-35.49
4.32	-35.73
4.31	-36.30
4.25	-36.56
4.25	-36.89
4.26	-37.02
4.26	-37.02
4.57	-36.85
4.60	-36.82
4.68	-36.75
4.64	-36.58
4.72	-36.69
4.51	-36.79
4.49	-36.71
4.55	-36.53
4.55	-36.53
4.65	-36.52
4.65	-36.52
4.77	-36.68
4.77	-36.68
4.45	-36.61
4.39	-36.50
4.39	-36.53
4.39	-36.53
4.46	-36.50
4.46	-36.50
4.55	-36.28
4.67	-36.19
4.67	-36.22
4.69	-36.04
4.81	-36.01
4.84	-36.09
4.95	-35.98
5.19	-35.86
5.12	-35.69
5.07	-35.51
5.14	-35.29
5.20	-35.15
5.17	-35.07
5.19	-34.97
5.23	-34.75
5.23	-34.57
5.30	-34.24
5.42	-33.88
5.43	-33.54
5.43	-33.44
5.55	-33.37
5.63	-33.45
5.50	-33.55
5.57	-33.57
5.54	-33.64
5.61	-33.38
5.56	-33.30
5.44	-33.45
5.50	-33.46
5.61	-33.32
5.56	-33.24
5.63	-33.16
5.67	-32.98
5.62	-32.97
5.77	-32.90
5.54	-32.60
5.62	-32.47
5.71	-32.41
5.52	-32.31
5.52	-32.31
5.39	-32.35
5.39	-32.35
5.31	-32.34
5.31	-32.34
5.23	-32.26
5.20	-32.28
5.31	-32.26
5.37	-31.89
5.34	-31.94
5.30	-31.99
5.23	-32.01
5.26	-31.92
5.24	-31.78
5.20	-31.67
5.20	-31.66
5.21	-31.65
5.32	-31.83
5.45	-31.89
5.78	-31.73
5.99	-31.82
6.00	-31.97
6.00	-32.02
5.99	-32.09
6.04	-32.17
6.11	-32.20
6.05	-32.23
6.03	-32.08
5.91	-32.17
5.66	-32.59
5.34	-32.77
4.79	-32.58
4.51	-32.01
4.63	-31.14
4.54	-30.91
4.80	-30.51
5.02	-29.91
5.29	-30.07
5.02	-30.10
4.63	-29.86
4.34	-29.37
4.21	-28.94
3.99	-28.64
4.17	-28.65
4.42	-29.39
4.34	-29.32
4.34	-29.32
4.52	-28.96
4.52	-28.96
4.95	-28.66
5.59	-28.73
5.59	-28.73
7.20	-29.25
7.20	-29.25
8.13	-30.16
7.50	-31.23
7.50	-31.23
7.30	-31.54
7.30	-31.54
7.15	-31.94
7.33	-31.72
7.33	-31.72
7.06	-30.99
6.53	-30.71
6.06	-30.63
5.57	-30.38
5.25	-30.02
5.25	-30.02
4.71	-29.53
4.53	-29.58
4.53	-29.58
3.99	-30.27
3.64	-31.06
2.66	-30.92
2.66	-30.92
1.30	-29.90
1.26	-29.81
1.27	-29.43
0.48	-28.67
0.25	-28.28
-0.03	-28.03
0.15	-27.68
0.45	-27.85
0.52	-27.97
0.33	-28.32
-0.06	-28.62
-0.05	-28.88
0.26	-29.22
0.87	-29.72
1.02	-29.85
1.73	-29.77
2.38	-29.51
2.46	-29.22
1.82	-28.41
1.28	-27.54
1.16	-27.10
1.43	-26.64
1.58	-26.15
1.97	-26.17
2.01	-25.61
1.77	-25.52
1.87	-25.01
1.79	-24.35
1.62	-23.87
1.42	-23.67
1.18	-23.88
1.25	-24.29
1.33	-24.54
0.82	-24.41
0.96	-24.64
1.20	-24.37
1.67	-23.96
1.79	-23.72
1.92	-23.45
1.94	-23.35
1.86	-23.08
1.73	-22.88
1.25	-22.55
0.81	-22.56
0.39	-22.91
0.36	-22.60
0.33	-21.85
0.67	-21.14
0.80	-20.07
1.12	-19.07
1.21	-18.10
1.25	-17.04
1.32	-16.07
1.42	-14.97
1.70	-14.36
1.70	-14.36
1.82	-12.67
2.05	-11.73
2.33	-11.17
2.67	-10.92
2.67	-10.92
3.78	-9.95
3.78	-9.95
4.86	-8.70
4.86	-8.70
5.61	-6.91
5.61	-6.91
5.52	-7.21
5.52	-7.21
4.93	-7.10
4.65	-7.19
4.65	-7.19
4.35	-7.07
4.35	-7.07
3.81	-6.77
3.81	-6.77
3.40	-4.70
3.21	-3.64
3.00	-2.76
2.65	-2.09
2.52	-1.53
2.44	-0.60
2.12	0.12
1.65	0.39
1.24	0.38
0.51	-0.57
-0.16	-1.39
-0.74	-1.89
-0.85	-1.58
-0.50	-1.68
-0.01	-2.20
0.79	-2.30
1.48	-1.84
1.90	-1.57
2.10	-1.43
2.19	-1.48
2.59	-1.75
2.75	-1.99
3.12	-2.36
3.63	-2.69
4.01	-3.08
4.36	-3.75
4.31	-4.15
3.95	-4.72
3.55	-5.14
3.19	-5.35
2.84	-5.35
2.86	-5.65
3.06	-5.97
3.21	-6.15
3.35	-6.15
3.18	-5.74
3.00	-5.49
2.88	-5.45
2.75	-5.59
2.82	-5.54
2.96	-5.44
3.19	-5.56
3.62	-5.48
4.10	-5.47
4.58	-5.44
5.46	-5.50
6.23	-5.26
7.01	-5.12
7.50	-5.09
7.88	-5.15
7.80	-5.12
7.69	-5.17
7.52	-5.04
7.37	-4.88
7.33	-4.68
7.44	-4.53
7.78	-4.54
7.84	-4.54
7.97	-4.54
7.93	-4.52
7.86	-4.38
7.69	-4.17
7.96	-3.84
8.07	-3.77
8.21	-3.84
8.46	-3.95
8.44	-3.84
8.51	-3.86
8.46	-3.92
8.26	-3.97
8.10	-4.04
7.96	-4.05
7.89	-4.18
7.78	-4.31
7.81	-4.58
7.65	-4.44
7.59	-4.52
7.31	-4.52
6.96	-5.37
6.58	-5.02
6.53	-4.99
6.71	-5.18
6.69	-5.56
6.61	-5.52
6.34	-5.84
6.21	-6.18
6.10	-5.82
5.98	-5.92
6.08	-5.73
6.14	-6.14
6.26	-5.98
6.34	-6.04
6.41	-5.75
6.54	-5.62
6.69	-5.40
6.79	-6.01
6.91	-5.86
6.99	-6.03
7.07	-6.23
7.11	-6.14
6.96	-6.09
7.04	-6.02
7.33	-5.81
7.83	-5.65
8.93	-5.46
10.27	-5.28
11.95	-4.91
14.21	-5.00
17.25	-4.77
20.58	-4.36
24.01	-4.02
26.38	-4.00
28.21	-3.98
29.01	-4.02
29.08	-4.16
29.06	-4.17
28.89	-4.24
28.86	-4.34
29.13	-4.47
29.80	-4.28
30.78	-4.35
31.79	-4.59
33.50	-4.74
35.49	-4.90
37.79	-5.24
40.82	-5.79
43.97	-6.05
46.90	-6.22
50.10	-6.22
53.07	-6.01
55.43	-5.85
57.73	-5.86
59.66	-5.80
61.04	-5.79
62.27	-5.98
63.24	-6.05
64.50	-6.05
66.26	-6.17
67.97	-6.03
69.76	-5.20
72.03	-5.02
74.13	-5.13
76.56	-5.91
79.32	-6.31
82.49	-6.35
85.52	-6.55
88.92	-6.88
91.36	-6.91
93.85	-7.26
95.74	-7.48
97.85	-8.32
99.88	-9.27
101.21	-9.76
101.73	-10.23
102.26	-10.56
102.69	-10.82
103.19	-10.96
103.41	-11.55
103.41	-11.55
102.54	-12.03
102.54	-12.03
98.87	-12.42
98.87	-12.42
90.55	-12.46
77.97	-11.98
77.97	-11.98
61.60	-11.97
53.24	-12.40
38.49	-12.41
38.49	-12.41
24.92	-12.56
15.70	-12.54
15.70	-12.54
8.38	-12.71
3.42	-13.16
3.42	-13.16
-0.53	-14.01
-2.81	-14.37
-2.81	-14.37
-4.18	-14.70
-4.18	-14.70
-4.79	-15.01
-4.91	-16.12
-4.91	-16.12
-4.53	-17.04
-3.84	-17.27
-3.84	-17.27
-2.90	-17.54
-1.46	-16.90
-1.46	-16.90
0.97	-15.73
2.43	-15.66
2.43	-15.66
3.93	-16.09
4.71	-15.86
5.36	-15.61
7.00	-15.25
7.00	-15.25
9.97	-15.09
9.97	-15.09
12.94	-15.12
12.94	-15.12
14.58	-14.94
14.58	-14.94
15.17	-14.76
15.17	-14.76
14.41	-14.44
14.41	-14.44
13.27	-13.63
12.22	-12.64
12.22	-12.64
11.48	-11.71
11.48	-11.71
11.09	-11.06
10.99	-10.62
11.23	-10.23
11.23	-10.23
12.13	-9.98
12.13	-9.98
13.48	-9.77
14.81	-9.32
14.81	-9.32
16.88	-9.00
16.88	-9.00
19.74	-8.86
19.74	-8.86
21.73	-8.54
21.73	-8.54
23.04	-8.30
23.04	-8.30
22.63	-8.17
22.63	-8.17
21.32	-7.97
21.32	-7.97
20.93	-7.95
20.93	-7.95
20.82	-8.16
20.68	-8.09
20.68	-8.09
20.52	-7.97
20.52	-7.97
20.83	-8.15
20.83	-8.15
20.97	-7.96
20.97	-7.96
21.19	-8.13
21.19	-8.13
21.55	-7.86
21.55	-7.86
21.65	-7.69
21.65	-7.69
21.45	-7.48
21.45	-7.48
21.38	-7.08
21.38	-7.08
21.37	-6.81
21.37	-6.81
21.31	-6.51
21.31	-6.51
21.37	-6.15
21.37	-6.15
21.72	-5.64
21.72	-5.64
22.31	-5.35
22.78	-5.15
23.93	-4.81
23.93	-4.81
25.05	-4.59
25.05	-4.59
26.21	-4.39
26.21	-4.39
26.62	-4.23
26.62	-4.23
26.88	-3.83
26.88	-3.83
26.87	-3.71
26.74	-3.62
26.63	-3.54
26.63	-3.54
26.72	-3.66
26.83	-3.61
26.83	-3.61
26.84	-3.63
26.96	-3.46
26.96	-3.46
26.93	-3.46
26.67	-3.44
26.67	-3.44
26.61	-3.49
26.40	-3.39
26.40	-3.39
26.42	-3.43
26.47	-3.48
26.47	-3.48
26.48	-3.40
26.50	-3.46
26.50	-3.46
26.42	-3.68
26.45	-3.58
26.45	-3.58
26.76	-3.57
26.89	-3.63
26.89	-3.63
27.24	-3.62
27.24	-3.62
27.57	-3.66
27.57	-3.66
27.77	-3.54
27.77	-3.54
27.79	-3.43
27.79	-3.43
27.73	-3.51
27.72	-3.41
27.72	-3.41
27.64	-3.43
27.64	-3.43
27.60	-3.71
27.60	-3.71
27.83	-3.49
27.97	-3.55
27.97	-3.55
28.07	-3.57
28.07	-3.57
27.94	-3.64
27.94	-3.64
27.94	-3.53
27.94	-3.61
27.94	-3.61
27.85	-3.69
27.68	-3.70
27.68	-3.70
27.65	-3.75
27.81	-3.63
27.81	-3.63
27.57	-3.84
27.62	-3.80
27.62	-3.80
27.56	-3.67
27.54	-3.82
27.54	-3.82
27.60	-3.98
27.49	-4.00
27.49	-4.00
27.35	-4.13
27.32	-4.06
27.32	-4.06
27.08	-4.01
27.02	-3.96
27.02	-3.96
26.80	-4.10
26.76	-4.15
26.76	-4.15
26.56	-4.11
26.56	-4.11
26.45	-4.18
26.24	-4.32
26.24	-4.32
26.02	-4.33
26.02	-4.33
25.50	-4.37
25.50	-4.37
25.09	-4.55
25.09	-4.55
24.46	-4.76
24.46	-4.76
24.11	-4.62
24.11	-4.62
23.34	-4.66
23.34	-4.66
22.70	-4.92
21.91	-5.21
21.91	-5.21
20.70	-5.62
20.70	-5.62
18.89	-6.03
18.89	-6.03
17.45	-6.48
17.45	-6.48
15.87	-6.88
15.87	-6.88
15.00	-7.04
15.00	-7.04
14.11	-7.42
14.11	-7.42
13.53	-7.74
13.53	-7.74
12.79	-8.13
12.79	-8.13
12.34	-8.61
11.69	-8.77
11.69	-8.77
11.35	-9.17
11.35	-9.17
10.61	-9.84
10.61	-9.84
10.09	-10.15
10.09	-10.15
9.35	-10.41
9.35	-10.41
8.91	-10.84
8.91	-10.84
7.88	-11.26
7.88	-11.26
7.04	-11.78
5.83	-12.57
5.83	-12.57
3.96	-13.71
3.96	-13.71
1.18	-15.18
1.18	-15.18
-0.76	-16.73
-1.62	-17.37
-2.96	-18.68
-2.96	-18.68
-4.02	-19.40
-4.02	-19.40
-4.24	-19.49
-4.24	-19.49
-3.79	-19.48
-3.38	-19.37
-3.06	-19.12
-3.06	-19.12
-2.80	-18.93
-2.80	-18.93
-2.38	-18.75
-2.18	-18.48
-2.18	-18.48
-2.23	-17.99
-2.23	-17.99
-2.36	-17.20
-2.37	-16.51
-2.37	-16.51
-2.38	-15.55
-2.45	-14.94
-2.48	-14.44
-2.48	-14.44
-2.46	-13.94
-2.46	-13.94
-2.70	-13.75
-2.70	-13.75
-2.58	-13.78
-2.58	-13.78
-2.16	-13.87
-2.16	-13.87
-2.16	-13.88
-2.16	-13.88
-2.10	-13.90
-2.10	-13.90
-2.03	-13.92
-1.90	-13.84
-2.01	-13.80
-2.01	-13.80
-1.98	-13.81
-1.98	-13.81
-2.11	-13.72
-2.08	-13.68
-2.08	-13.68
-2.03	-13.59
-2.03	-13.59
-1.92	-13.48
-1.95	-13.14
-1.95	-13.14
-1.78	-12.94
-1.78	-12.94
-1.65	-12.46
-1.65	-12.46
-1.49	-11.53
-1.49	-11.53
-1.40	-9.57
-1.40	-9.57
-1.32	-7.71
-1.30	-7.00
-1.19	-6.32
-1.19	-6.32
-1.25	-5.67
-1.25	-5.67
-1.33	-4.88
-1.33	-4.88
-1.31	-4.74
-1.29	-4.52
-1.29	-4.52
-1.25	-4.18
-1.12	-4.16
-1.12	-4.16
-1.07	-3.89
-1.07	-3.89
-0.98	-3.82
-0.98	-3.82
-0.92	-3.75
-0.97	-3.68
-0.97	-3.68
-0.92	-3.80
-0.99	-3.89
-0.99	-3.89
-0.90	-4.24
-0.96	-4.28
-0.96	-4.28
-0.82	-4.28
-1.02	-4.40
-1.02	-4.40
-0.91	-4.50
-0.92	-4.26
-0.92	-4.26
-0.88	-4.26
-0.91	-4.24
-0.91	-4.24
-0.90	-4.26
-0.93	-4.25
-0.93	-4.25
-0.90	-3.92
-0.73	-3.55
-0.73	-3.55
-0.66	-2.86
-0.58	-2.20
-0.58	-2.20
-0.48	-1.15
-0.57	0.18
-0.57	0.18
-0.68	2.47
-0.86	3.52
-0.86	3.52
-0.68	4.82
-0.61	5.25
-0.61	5.25
-0.48	5.99
-0.47	6.51
-0.53	7.00
-0.53	7.00
-0.56	7.02
-0.56	7.02
-0.58	6.91
-0.58	6.91
-0.55	6.85
-0.69	6.73
-0.69	6.73
-0.61	6.37
-0.63	6.31
-0.63	6.31
-0.51	6.39
-0.65	6.41
-0.65	6.41
-0.67	6.16
-0.71	6.19
-0.71	6.19
-0.87	6.37
-0.97	6.26
-0.97	6.26
-1.22	6.33
-1.88	6.31
-1.88	6.31
-3.01	6.47
-4.91	6.77
-4.91	6.77
-7.42	6.95
-9.36	7.21
-9.36	7.21
-11.01	7.08
-12.58	7.08
-12.58	7.08
-14.77	7.01
-14.77	7.01
-17.38	6.70
-17.38	6.70
-19.55	6.16
-21.18	5.78
-21.18	5.78
-22.91	5.51
-24.36	5.23
-24.36	5.23
-25.07	5.09
-25.28	5.16
-25.28	5.16
-25.02	5.22
-25.02	5.22
-24.64	5.44
-24.64	5.44
-24.71	5.26
-24.75	5.25
-24.75	5.25
-24.97	5.19
-25.10	5.30
-25.10	5.30
-25.38	5.52
-25.55	5.39
-25.55	5.39
-25.61	5.05
-25.48	4.80
-25.48	4.80
-24.81	4.46
-24.45	4.50
-24.45	4.50
-24.44	4.40
-24.45	4.44
-24.45	4.44
-24.62	4.59
-24.61	4.70
-24.61	4.70
-24.81	4.64
-25.20	4.62
-25.20	4.62
-25.43	4.26
-25.43	4.26
-25.74	4.16
-25.80	4.21
-25.80	4.21
-25.60	4.08
-25.60	4.08
-25.47	3.82
-25.47	3.82
-25.33	3.85
-25.33	3.85
-25.29	3.76
-25.22	3.71
-25.22	3.71
-25.10	3.65
-25.03	3.66
-24.95	3.65
-24.95	3.65
-25.03	3.50
-25.05	3.47
-25.05	3.47
-24.77	3.40
-24.70	3.29
-24.70	3.29
-24.63	3.39
-24.68	3.45
-24.68	3.45
-24.57	3.38
-24.57	3.38
-24.38	3.10
-24.16	2.95
-24.16	2.95
-23.99	2.90
-23.84	2.93
-23.84	2.93
-23.71	2.70
-23.59	2.71
-23.59	2.71
-23.39	2.57
-23.30	2.60
-23.30	2.60
-23.16	2.47
-23.14	2.53
-23.14	2.53
-23.03	2.36
-22.86	2.20
-22.61	2.12
-22.61	2.12
-22.41	2.26
-22.06	2.23
-22.06	2.23
-21.62	1.82
-21.33	1.69
-21.33	1.69
-20.56	1.58
-19.90	1.41
-19.90	1.41
-19.12	1.20
-18.36	1.00
-18.36	1.00
-17.42	0.87
-16.45	0.86
-16.45	0.86
-15.20	0.79
-14.31	0.84
-14.31	0.84
-13.27	0.64
-12.50	0.75
-12.50	0.75
-11.69	0.62
-11.20	0.74
-11.20	0.74
-10.88	0.31
-10.67	0.22
-10.67	0.22
-10.47	0.32
-10.37	0.46
-10.37	0.46
-10.15	0.38
-9.87	0.29
-9.87	0.29
-9.61	0.12
-9.35	0.13
-9.35	0.13
-9.05	-0.12
-8.71	-0.23
-8.71	-0.23
-8.30	-0.34
-7.94	-0.40
-7.94	-0.40
-7.64	-0.43
-7.67	-0.38
-7.67	-0.38
-7.62	-0.12
-7.59	-0.23
-7.59	-0.23
-7.31	-0.23
-7.04	-0.18
-7.04	-0.18
-6.53	-0.04
-6.53	-0.04
-5.78	-0.12
-5.78	-0.12
-5.44	-0.14
-5.44	-0.14
-5.31	-0.02
-5.31	-0.02
-5.26	0.09
-5.32	0.22
-5.32	0.22
-5.35	0.19
-5.30	0.27
-5.30	0.27
-5.96	0.38
-7.92	0.50
-7.92	0.50
-11.56	0.43
-14.76	0.62
-14.76	0.62
-18.42	0.64
-21.66	0.85
-21.66	0.85
-26.22	0.91
-30.68	0.93
-30.68	0.93
-35.93	0.88
-38.60	0.86
-41.63	0.50
-41.63	0.50
-45.59	-0.37
-48.04	-0.84
-48.04	-0.84
-50.36	-1.51
-51.75	-1.85
-51.75	-1.85
-53.32	-2.19
-54.34	-2.66
-54.34	-2.66
-55.72	-3.34
-57.68	-3.81
-57.68	-3.81
-61.80	-4.58
-65.08	-4.97
-65.08	-4.97
-68.54	-4.96
-70.43	-4.65
-70.43	-4.65
-71.19	-4.13
-70.97	-3.73
-70.97	-3.73
-70.45	-3.49
-70.05	-3.34
-70.05	-3.34
-68.89	-3.10
-67.62	-2.98
-67.62	-2.98
-65.66	-2.84
-65.66	-2.84
-63.39	-2.83
-63.39	-2.83
-61.09	-2.91
-58.44	-2.76
-58.44	-2.76
-51.69	-2.45
-45.05	-2.40
-45.05	-2.40
-37.75	-2.05
-31.45	-2.03
-31.45	-2.03
-24.79	-0.69
-20.29	-0.21
-20.29	-0.21
-15.33	0.22
-12.20	-1.05
-12.20	-1.05
-8.64	-3.19
-6.20	-5.72
-6.20	-5.72
-3.21	-9.96
-3.21	-9.96
-1.00	-12.24
-1.00	-12.24
2.12	-12.72
2.12	-12.72
6.44	-12.78
10.11	-12.80
10.11	-12.80
15.16	-13.70
15.16	-13.70
18.89	-14.84
18.89	-14.84
21.40	-15.97
21.40	-15.97
21.92	-15.35
23.28	-14.06
23.28	-14.06
25.46	-13.26
25.46	-13.26
28.28	-14.33
28.28	-14.33
30.30	-15.59
31.98	-16.59
31.98	-16.59
33.12	-17.45
33.78	-18.56
33.78	-18.56
34.53	-19.60
34.53	-19.60
35.54	-19.98
36.40	-20.50
36.40	-20.50
38.67	-21.74
38.67	-21.74
43.17	-23.56
43.17	-23.56
47.80	-23.86
49.73	-23.64
49.73	-23.64
51.29	-23.45
51.29	-23.45
50.57	-23.23
50.57	-23.23
48.67	-23.34
48.67	-23.34
47.03	-23.06
47.03	-23.06
44.03	-22.61
44.03	-22.61
38.83	-21.31
38.83	-21.31
32.81	-19.76
27.52	-18.57
27.52	-18.57
20.61	-17.01
17.08	-15.34
17.08	-15.34
11.54	-13.01
7.32	-11.62
7.32	-11.62
1.10	-9.49
1.10	-9.49
-2.65	-8.34
-4.95	-7.40
-4.95	-7.40
-6.93	-5.33
-7.46	-3.65
-7.46	-3.65
-7.22	-1.55
-7.22	-1.55
-6.36	0.35
-5.77	1.62
-5.77	1.62
-4.84	2.71
-4.20	3.41
-4.20	3.41
-3.21	4.35
-2.66	4.97
-2.66	4.97
-2.07	5.95
-1.56	6.58
-1.56	6.58
-1.03	7.71
-0.66	8.17
-0.66	8.17
-0.19	8.66
0.03	9.15
0.03	9.15
0.57	9.63
0.92	10.19
0.92	10.19
1.39	10.74
1.58	11.09
1.58	11.09
1.86	11.69
1.88	11.98
1.88	11.98
1.91	12.00
1.70	12.08
1.70	12.08
1.65	12.19
1.63	12.31
1.63	12.31
1.35	12.49
1.35	12.49
1.33	12.37
1.33	12.37
1.21	12.33
1.21	12.33
0.92	12.34
0.73	12.49
0.73	12.49
0.27	12.63
0.02	12.54
-0.19	12.41
-0.45	12.48
-0.62	12.67
-0.76	12.89
-0.76	12.89
-0.73	13.11
-0.73	13.11
-0.65	13.10
-0.63	13.08
-0.63	13.08
-0.65	12.95
-0.88	12.93
-0.88	12.93
-0.83	12.86
-0.96	12.82
-0.96	12.82
-0.90	12.82
-1.01	12.83
-1.01	12.83
-0.97	12.49
-0.84	12.54
-0.96	12.50
-0.96	12.50
-0.90	12.49
-0.92	12.51
-0.92	12.46
-0.97	12.32
-0.97	12.32
-1.21	12.12
-1.21	12.15
-1.35	12.03
-1.35	12.03
-1.70	12.20
-1.70	12.20
-1.81	12.14
-1.81	12.14
-2.11	12.23
-2.43	12.04
-2.43	12.04
-2.70	11.99
-2.99	12.31
-2.99	12.31
-3.58	12.41
-3.70	12.53
-3.96	12.65
-4.03	12.71
-4.03	12.71
-4.19	12.90
-4.36	12.93
-4.33	12.91
-4.40	12.82
-4.40	12.82
-4.60	12.90
-4.73	12.73
-4.72	12.79
-4.89	13.04
-4.89	13.04
-5.02	13.21
-5.07	13.13
-4.94	13.11
-5.00	13.14
-5.04	13.35
-5.16	13.29
-5.19	13.29
-5.19	13.41
-5.22	13.45
-5.28	13.44
-5.28	13.44
-5.32	13.65
-5.27	13.67
-5.39	13.55
-5.49	13.47
-5.59	13.30
-5.59	13.30
-5.64	13.00
-5.73	12.88
-5.73	12.88
-5.97	12.75
-6.09	12.26
-6.41	11.17
-6.45	10.42
-6.55	9.26
-6.55	9.26
-6.59	6.87
-6.73	6.65
-7.25	5.95
-7.62	5.38
-8.37	5.20
-8.37	5.20
-9.95	5.52
-11.62	5.75
-11.62	5.75
-14.12	6.35
-14.12	6.35
-16.74	7.04
-17.37	7.40
-17.99	7.67
-17.99	7.67
-17.81	8.24
-17.36	8.64
-17.36	8.64
-17.03	9.04
-16.67	9.39
-16.26	9.68
-16.26	9.68
-15.41	9.92
-15.07	10.07
-14.60	10.21
-14.60	10.21
-14.18	9.87
-13.80	9.70
-13.49	9.32
-13.49	9.32
-12.17	9.01
-12.17	9.01
-8.86	8.32
-8.86	8.32
-5.72	7.84
-2.82	7.73
-1.06	7.74
1.55	7.77
1.55	7.77
4.03	8.17
4.86	8.32
6.11	8.81
6.11	8.81
5.52	9.80
5.52	9.80
3.44	11.33
2.72	12.36
2.27	13.50
2.02	14.32
1.66	15.44
1.66	15.44
1.03	16.37
0.35	16.65
0.35	16.65
-1.25	16.83
-1.25	16.83
-4.26	17.19
-6.24	17.14
-8.10	16.94
-10.57	16.56
-12.70	16.52
-15.99	16.09
-15.99	16.09
-19.22	15.76
-21.20	15.60
-21.20	15.60
-23.96	15.13
-25.29	14.83
-25.29	14.83
-26.18	14.33
-26.06	14.06
-25.94	13.73
-25.94	13.73
-25.04	12.97
-24.59	12.51
-23.33	9.86
-23.33	9.86
-22.70	6.72
-22.37	5.63
-22.33	4.91
-22.47	4.29
-22.47	4.29
-23.07	4.03
-23.62	4.06
-24.74	4.24
-24.74	4.24
-25.37	4.40
-25.37	4.40
-25.58	4.54
-25.44	4.51
-25.15	4.50
-25.15	4.50
-25.16	4.53
-25.29	4.39
-25.15	4.42
-25.15	4.42
-24.99	4.45
-24.93	4.42
-24.93	4.42
-24.67	4.51
-24.45	4.62
-24.33	4.74
-24.01	4.74
-24.01	4.74
-23.69	4.81
-23.84	4.72
-23.84	4.72
-24.66	4.78
-24.93	4.77
-25.59	4.91
-25.59	4.91
-27.67	5.23
-29.27	5.42
-31.47	5.71
-31.47	5.71
-33.61	6.48
-34.60	7.24
-35.54	8.38
-35.54	8.38
-37.13	9.72
-39.17	10.13
-39.17	10.13
-43.05	10.34
-46.42	10.52
-46.42	10.52
-48.99	11.36
-49.77	12.38
-51.41	12.71
-51.41	12.71
-53.35	12.27
-54.30	12.18
-55.65	12.01
-55.65	12.01
-57.14	12.05
-58.00	12.23
-58.00	12.23
-59.55	12.27
-60.07	12.60
-60.10	12.77
-59.47	12.73
-58.99	12.85
-58.64	13.53
-58.64	13.53
-58.27	14.58
-58.22	15.12
-58.15	15.53
-57.88	16.00
-57.67	16.39
-57.94	17.07
-57.94	17.07
-58.42	17.56
-58.42	17.56
-58.20	17.72
-57.70	17.98
-57.70	17.98
-57.69	18.19
-57.69	18.19
-57.32	18.53
-56.93	18.65
-56.12	18.88
-56.12	18.88
-55.90	19.51
-55.62	19.69
-55.15	19.78
-54.49	19.85
-54.49	19.85
-53.17	19.70
-53.17	19.70
-52.11	19.64
-52.01	19.76
-52.02	20.06
-52.02	20.06
-51.21	20.64
-50.57	20.89
-49.53	21.18
-49.53	21.18
-48.64	21.63
-47.55	21.65
-46.62	21.38
-44.98	21.06
-44.98	21.06
-42.23	20.59
-39.27	19.82
-39.27	19.82
-33.36	17.92
-33.36	17.92
-30.43	16.85
-28.47	15.76
-28.47	15.76
-26.51	14.83
-25.41	14.35
-25.41	14.35
-24.81	13.40
-24.81	13.40
-23.88	12.90
-23.74	12.91
-23.60	12.93
-23.60	12.93
-23.25	12.52
-22.75	12.08
-22.41	11.85
-21.90	11.60
-21.36	11.53
-21.16	11.07
-21.16	11.07
-21.20	10.87
-21.36	10.80
-21.41	10.73
-21.57	10.71
-21.49	10.71
-21.49	10.71
-21.54	10.66
-21.53	10.58
-21.53	10.58
-21.38	10.40
-21.10	10.25
-20.95	10.10
-20.98	10.09
-21.00	9.89
-20.73	9.52
-20.73	9.52
-20.35	9.49
-20.09	9.30
-19.89	9.07
-19.89	9.07
-19.42	8.77
-19.42	8.77
-18.90	8.61
-18.49	8.69
-18.49	8.69
-17.64	8.54
-16.87	8.16
-16.52	8.11
-15.89	7.90
-15.04	7.69
-14.05	7.49
-13.24	7.25
-12.47	7.12
-10.79	6.57
-10.79	6.57
-9.07	6.22
-9.07	6.22
-6.68	6.05
-6.68	6.05
-5.08	5.92
-4.60	5.62
-3.94	5.34
-3.28	5.09
-3.28	5.09
-2.70	4.78
-2.42	4.70
-2.42	4.70
-2.14	4.28
-1.85	3.92
-1.28	3.11
-0.58	2.27
