114.95	-13.86
114.88	-14.01
114.88	-14.01
114.87	-14.00
114.87	-14.00
114.93	-14.11
114.90	-14.03
114.90	-14.03
114.85	-13.98
114.85	-13.98
114.91	-14.04
114.91	-14.04
114.96	-14.14
114.96	-14.14
114.92	-14.19
114.92	-14.19
114.89	-14.21
114.89	-14.21
114.89	-14.19
114.89	-14.19
114.92	-14.12
114.83	-14.20
114.83	-14.20
114.90	-14.65
114.87	-14.93
114.89	-15.73
114.62	-18.07
114.62	-18.07
114.80	-22.37
114.80	-22.37
115.96	-29.55
115.96	-29.55
117.20	-34.76
117.20	-34.76
119.22	-38.90
119.22	-38.90
120.65	-40.44
120.65	-40.44
122.65	-41.20
122.65	-41.20
123.46	-40.91
123.82	-40.73
123.82	-40.73
124.31	-41.56
124.31	-41.56
124.64	-42.76
124.64	-42.76
124.52	-42.11
124.52	-42.11
124.59	-40.35
124.59	-40.35
125.17	-39.00
125.17	-39.00
127.11	-36.27
127.11	-36.27
130.48	-32.32
130.48	-32.32
133.86	-29.20
133.86	-29.20
136.76	-27.03
139.11	-25.39
139.11	-25.39
142.08	-23.16
142.08	-23.16
145.22	-20.59
145.22	-20.59
146.91	-19.33
146.91	-19.33
148.40	-17.80
148.40	-17.80
149.46	-16.79
149.46	-16.79
150.99	-15.70
152.68	-14.19
152.68	-14.19
154.54	-12.45
154.54	-12.45
157.29	-11.01
157.29	-11.01
159.67	-10.78
159.67	-10.78
161.72	-11.08
162.74	-10.95
162.74	-10.95
164.75	-9.52
164.75	-9.52
166.78	-7.91
168.30	-7.08
168.30	-7.08
169.68	-5.61
169.68	-5.61
170.60	-4.84
171.42	-3.92
171.42	-3.92
173.07	-2.55
173.07	-2.55
175.75	-1.28
175.75	-1.28
177.79	-0.94
177.79	-0.94
-179.25	0.02
-179.25	0.02
-177.53	1.14
-177.53	1.14
-176.63	1.97
-176.63	1.97
-176.88	1.41
-177.17	0.81
-177.26	0.35
-177.26	0.35
-177.31	-0.74
-177.18	-1.07
-177.09	-1.52
-177.09	-1.52
-176.92	-1.65
-176.77	-1.94
-176.77	-1.94
-176.80	-1.90
-176.68	-2.05
-176.68	-2.05
-176.61	-2.26
-176.61	-2.26
-176.52	-2.38
-176.52	-2.38
-176.93	-2.97
-176.93	-2.97
-177.81	-3.85
-177.81	-3.85
-178.92	-4.79
-178.92	-4.79
179.32	-5.78
179.32	-5.78
177.77	-6.04
177.77	-6.04
176.35	-6.20
176.35	-6.20
175.85	-6.25
175.85	-6.25
175.77	-6.44
175.77	-6.44
175.79	-6.64
175.79	-6.64
175.52	-6.59
175.52	-6.59
175.25	-6.91
175.25	-6.91
174.95	-6.97
174.68	-7.11
174.68	-7.11
174.04	-7.27
173.50	-7.25
173.50	-7.25
172.74	-7.24
172.18	-7.16
172.18	-7.16
171.56	-7.23
171.56	-7.23
170.32	-7.12
170.32	-7.12
168.44	-6.64
168.44	-6.64
163.80	-5.39
163.80	-5.39
159.65	-4.09
157.42	-3.54
153.71	-2.33
153.71	-2.33
148.87	-0.79
146.88	-0.16
143.69	0.68
143.69	0.68
140.27	1.66
137.76	2.44
137.76	2.44
134.65	3.27
133.34	3.88
131.61	4.72
131.61	4.72
129.61	6.13
129.61	6.13
126.21	7.35
126.21	7.35
123.97	7.84
123.97	7.84
121.43	8.33
121.43	8.33
118.95	8.90
118.95	8.90
115.93	9.93
115.93	9.93
113.63	10.46
113.63	10.46
111.47	11.30
109.43	12.55
109.43	12.55
106.17	13.90
106.17	13.90
102.57	14.59
102.57	14.59
100.45	15.21
99.67	15.93
98.38	16.64
98.38	16.64
96.70	17.22
95.37	17.66
95.37	17.66
93.99	18.01
92.64	18.18
92.64	18.18
90.82	18.61
89.08	18.99
89.08	18.99
86.51	19.78
84.81	19.88
84.81	19.88
82.50	19.86
82.50	19.86
79.72	19.57
79.72	19.57
77.17	19.22
77.17	19.22
73.88	18.83
73.88	18.83
71.51	18.55
71.51	18.55
69.04	17.51
67.60	16.38
67.60	16.38
65.98	14.82
65.98	14.82
64.98	13.56
64.62	12.59
64.62	12.59
64.09	12.78
64.09	12.78
63.31	13.35
63.31	13.35
62.53	13.88
62.53	13.88
61.68	13.97
60.60	13.32
60.60	13.32
59.59	13.33
59.59	13.33
58.48	12.99
58.48	12.99
57.72	13.00
57.72	13.00
57.14	13.18
57.14	13.18
56.57	13.11
56.57	13.11
55.09	12.41
55.09	12.41
54.06	11.35
54.06	11.35
52.16	10.18
52.16	10.18
49.75	8.75
49.75	8.75
46.75	7.42
46.75	7.42
43.80	5.21
43.80	5.21
40.47	-0.74
40.47	-0.74
38.96	-9.06
38.96	-9.06
36.05	-13.66
36.05	-13.66
33.89	-14.94
33.89	-14.94
32.38	-17.73
32.38	-17.73
30.23	-19.14
30.23	-19.14
27.90	-20.19
27.90	-20.19
25.15	-22.58
25.15	-22.58
23.02	-24.16
21.76	-24.86
21.76	-24.86
20.58	-24.90
20.09	-24.70
20.09	-24.70
19.31	-25.12
19.31	-25.12
16.98	-24.77
16.98	-24.77
14.81	-23.96
13.22	-23.39
13.22	-23.39
11.08	-23.08
11.08	-23.08
8.24	-22.19
8.24	-22.19
4.72	-20.72
4.72	-20.72
1.60	-19.24
1.60	-19.24
-0.97	-18.13
-0.97	-18.13
-3.17	-17.18
-3.17	-17.18
-5.15	-16.43
-5.15	-16.43
-6.98	-15.45
-6.98	-15.45
-8.66	-14.32
-8.66	-14.32
-10.81	-13.00
-10.81	-13.00
-12.74	-11.79
-12.74	-11.79
-15.23	-10.26
-15.23	-10.26
-17.68	-8.88
-17.68	-8.88
-19.78	-7.24
-19.78	-7.24
-21.44	-4.76
-21.44	-4.76
-23.00	-3.46
-23.00	-3.46
-24.27	-1.85
-24.27	-1.85
-26.01	-0.64
-26.01	-0.64
-27.74	0.07
-27.74	0.07
-29.34	0.13
-29.34	0.13
-30.32	0.11
-30.32	0.11
-30.61	0.74
-30.61	0.74
-30.59	1.80
-30.59	1.80
-30.38	2.57
-30.38	2.57
-30.61	3.24
-30.61	3.24
-31.54	3.06
-31.54	3.06
-33.14	1.95
-33.14	1.95
-34.61	0.33
-34.61	0.33
-35.82	-1.93
-36.89	-3.42
-36.89	-3.42
-39.06	-3.94
-39.06	-3.94
-42.31	-4.36
-42.31	-4.36
-46.16	-5.01
-46.16	-5.01
-49.52	-5.56
-49.52	-5.56
-52.48	-5.58
-52.48	-5.58
-55.53	-5.31
-55.53	-5.31
-59.31	-4.16
-59.31	-4.16
-62.81	-4.54
-62.81	-4.54
-66.05	-4.31
-66.05	-4.31
-68.40	-3.55
-68.40	-3.55
-70.27	-2.31
-70.27	-2.31
-72.28	-0.43
-72.28	-0.43
-74.53	1.56
-74.53	1.56
-75.79	3.00
-76.71	4.07
-76.71	4.07
-78.38	5.86
-78.38	5.86
-81.11	7.34
-81.11	7.34
-82.55	8.06
-83.55	8.45
-83.55	8.45
-84.79	9.19
-84.79	9.19
-85.84	9.92
-86.85	10.53
-86.85	10.53
-88.60	11.68
-89.74	12.93
-89.74	12.93
-90.81	14.62
-90.81	14.62
-91.10	16.04
-91.18	17.06
-91.18	17.06
-91.45	18.61
-91.63	19.56
-91.63	19.56
-92.93	20.42
-94.72	21.12
-94.72	21.12
-95.22	22.32
-94.81	23.08
-94.81	23.08
-94.12	24.02
-93.52	24.59
-93.52	24.59
-91.98	25.50
-89.96	26.66
-89.96	26.66
-86.21	28.58
-83.22	30.31
-83.22	30.31
-79.72	32.57
-77.28	33.45
-77.28	33.45
-74.07	34.18
-71.81	34.48
-71.81	34.48
-68.19	34.60
-64.83	34.80
-64.83	34.80
-60.06	35.08
-57.47	35.29
-54.27	35.64
-54.27	35.64
-50.56	35.94
-47.61	36.09
-47.61	36.09
-43.61	36.35
-43.61	36.35
-38.48	36.83
-38.48	36.83
-34.63	37.77
-34.63	37.77
-31.62	37.89
-31.62	37.89
-29.54	37.52
-28.55	37.78
-28.55	37.78
-27.52	38.34
-26.35	38.70
-26.35	38.70
-24.27	38.69
-22.18	38.69
-22.18	38.69
-19.83	38.54
-18.28	38.64
-18.28	38.64
-17.52	38.94
-17.01	38.95
-17.01	38.95
-15.95	38.57
-15.23	38.56
-15.23	38.56
-13.37	38.84
-11.67	39.36
-11.67	39.36
-8.25	39.65
-5.77	39.86
-5.77	39.86
-2.32	40.04
-0.40	40.02
-0.40	40.02
1.96	39.89
3.83	39.98
3.83	39.98
5.39	40.21
6.35	40.17
6.35	40.17
7.53	40.24
8.88	40.31
8.88	40.31
11.22	40.25
13.17	40.09
13.17	40.09
15.33	39.56
17.10	39.59
17.10	39.59
18.94	40.31
19.82	40.36
19.82	40.36
21.27	40.13
22.71	40.01
22.71	40.01
24.84	40.12
26.02	40.12
26.02	40.12
28.34	40.66
28.34	40.66
29.90	40.36
31.20	40.03
31.20	40.03
32.84	40.39
33.67	40.66
35.46	40.47
35.46	40.47
37.70	40.18
39.13	39.94
39.13	39.94
40.89	40.09
41.81	39.66
41.81	39.66
43.32	38.66
44.37	38.61
44.37	38.61
45.50	38.60
46.65	38.30
46.65	38.30
47.59	38.07
47.97	37.95
47.97	37.95
47.94	37.94
47.90	38.24
47.90	38.24
47.46	38.57
47.05	38.74
47.05	38.74
46.12	39.26
45.88	39.28
45.88	39.28
45.65	39.21
45.13	39.24
45.13	39.24
44.78	38.95
44.80	38.92
44.80	38.92
45.26	38.62
45.35	38.42
45.35	38.42
45.34	38.31
45.78	38.30
45.78	38.30
45.58	38.11
45.49	37.97
45.49	37.97
45.42	38.13
45.86	38.45
45.86	38.45
46.62	38.26
47.38	38.25
47.38	38.25
48.29	38.00
49.06	37.75
49.06	37.75
49.85	37.52
49.85	37.52
50.99	37.42
50.99	37.42
52.03	36.70
52.91	36.09
52.91	36.09
54.08	34.99
55.14	33.96
55.14	33.96
56.55	32.61
57.65	31.79
57.65	31.79
59.40	30.23
59.40	30.23
61.36	27.75
61.36	27.75
62.46	24.84
62.82	22.91
62.82	22.91
63.20	20.01
63.13	17.73
63.13	17.73
62.11	16.55
59.76	16.54
59.76	16.54
56.20	17.21
53.02	17.85
53.02	17.85
48.57	18.42
45.27	18.26
45.27	18.26
41.79	17.11
39.60	15.17
39.60	15.17
37.43	11.79
36.79	10.08
35.86	7.44
35.86	7.44
35.10	3.86
35.10	3.86
34.47	0.64
34.47	0.64
34.37	-2.25
34.44	-4.36
34.44	-4.36
34.72	-8.11
34.72	-8.11
36.06	-12.85
36.06	-12.85
38.02	-18.39
38.02	-18.39
40.40	-24.19
40.40	-24.19
41.94	-28.58
41.94	-28.58
44.50	-34.01
44.50	-34.01
47.34	-38.08
47.34	-38.08
47.97	-43.39
48.72	-44.90
49.65	-47.05
49.65	-47.05
51.49	-49.84
53.47	-51.03
53.47	-51.03
58.39	-53.20
58.39	-53.20
64.61	-57.38
64.61	-57.38
69.46	-59.75
69.46	-59.75
73.04	-63.02
73.04	-63.02
74.69	-65.62
74.69	-65.62
76.74	-68.82
76.74	-68.82
79.50	-73.21
79.50	-73.21
82.39	-76.46
84.50	-78.19
84.50	-78.19
88.41	-80.96
88.41	-80.96
89.30	-82.66
89.67	-83.19
89.67	-83.19
91.93	-83.29
91.93	-83.29
94.71	-83.29
95.64	-83.70
95.29	-84.50
95.29	-84.50
100.21	-84.91
101.42	-84.30
101.42	-84.30
104.30	-82.72
107.38	-82.13
110.20	-81.36
110.20	-81.36
114.76	-80.97
115.98	-80.50
115.98	-80.50
119.23	-80.11
120.41	-80.01
122.43	-80.00
122.43	-80.00
126.22	-80.18
130.67	-80.50
130.67	-80.50
133.93	-81.27
133.87	-81.86
133.87	-81.86
131.84	-82.17
131.84	-82.17
130.98	-82.07
130.28	-82.11
130.28	-82.11
128.27	-80.83
128.27	-80.83
131.32	-80.44
131.32	-80.44
130.02	-81.19
130.02	-81.19
127.20	-81.37
127.20	-81.37
129.37	-81.43
129.37	-81.43
131.32	-81.72
131.32	-81.72
129.18	-82.00
130.68	-82.09
130.68	-82.09
129.64	-82.44
128.01	-82.39
128.01	-82.39
125.88	-82.53
124.58	-82.32
124.58	-82.32
124.07	-82.39
124.07	-82.39
122.20	-82.32
122.20	-82.32
122.84	-82.36
122.84	-82.36
121.35	-82.30
121.35	-82.30
120.61	-82.33
120.00	-82.21
118.51	-82.20
118.51	-82.20
116.75	-82.09
116.38	-82.01
116.38	-82.01
115.74	-81.95
116.30	-81.89
115.87	-81.65
115.87	-81.65
115.21	-81.55
115.85	-81.61
115.85	-81.61
115.25	-81.43
114.64	-81.40
114.64	-81.40
114.37	-81.08
114.85	-80.98
114.85	-80.98
114.97	-80.74
115.16	-80.53
115.16	-80.53
115.16	-80.19
115.16	-80.19
115.07	-80.03
115.07	-80.03
115.31	-80.00
115.55	-79.78
115.55	-79.78
115.62	-79.55
115.97	-79.28
115.97	-79.28
116.27	-78.97
116.07	-78.71
116.07	-78.71
116.83	-77.82
116.83	-77.82
117.50	-76.36
117.94	-75.13
117.94	-75.13
119.36	-73.03
121.08	-71.23
121.08	-71.23
123.56	-67.90
123.56	-67.90
126.75	-64.44
126.75	-64.44
128.06	-61.94
128.06	-61.94
128.35	-59.44
128.35	-59.44
130.12	-56.84
131.92	-54.99
131.92	-54.99
137.04	-51.24
137.04	-51.24
140.75	-47.42
143.01	-44.75
143.01	-44.75
146.40	-40.77
148.83	-38.42
148.83	-38.42
149.63	-36.25
149.58	-34.31
149.58	-34.31
149.18	-32.10
148.39	-30.69
148.39	-30.69
148.12	-28.76
149.21	-27.30
149.21	-27.30
152.49	-25.28
155.22	-24.97
155.22	-24.97
159.00	-24.00
159.00	-24.00
161.34	-23.36
161.34	-23.36
161.58	-22.69
161.06	-22.17
161.06	-22.17
159.42	-20.56
158.81	-19.65
158.81	-19.65
159.97	-19.60
159.97	-19.60
161.17	-20.21
161.85	-20.42
161.85	-20.42
162.82	-19.96
163.31	-19.63
163.31	-19.63
164.36	-19.34
165.21	-19.23
165.21	-19.23
166.67	-19.44
166.67	-19.44
167.69	-18.90
168.05	-19.05
168.05	-19.05
168.43	-19.15
168.43	-19.15
168.94	-19.97
169.14	-20.42
169.14	-20.42
169.48	-20.81
170.14	-20.82
170.14	-20.82
171.29	-20.54
171.29	-20.54
173.05	-20.20
173.05	-20.20
174.97	-20.32
174.97	-20.32
177.48	-21.74
177.48	-21.74
179.63	-22.90
179.63	-22.90
-178.36	-22.62
-178.36	-22.62
-175.75	-22.86
-175.75	-22.86
-172.79	-23.07
-172.79	-23.07
-169.92	-22.65
-169.92	-22.65
-167.24	-21.93
-167.24	-21.93
-164.50	-20.84
-164.50	-20.84
-162.20	-19.92
-162.20	-19.92
-160.54	-19.33
-160.54	-19.33
-159.00	-19.01
-159.00	-19.01
-157.35	-18.83
-157.35	-18.83
-155.39	-18.36
-155.39	-18.36
-153.95	-17.85
-153.95	-17.85
-153.89	-16.85
-153.89	-16.85
-154.77	-14.49
-154.77	-14.49
-155.63	-12.89
-155.63	-12.89
-156.32	-12.47
-156.32	-12.47
-157.54	-12.23
-157.54	-12.23
-159.50	-12.26
-159.50	-12.26
-161.34	-12.31
-161.34	-12.31
-162.93	-11.78
-162.93	-11.78
-164.25	-10.98
-164.25	-10.98
-164.90	-10.53
-164.96	-10.70
-164.96	-10.70
-164.64	-11.03
-164.64	-11.03
-163.74	-10.91
-163.74	-10.91
-162.15	-10.51
-162.15	-10.51
-159.43	-9.95
-159.43	-9.95
-155.03	-9.01
-155.03	-9.01
-149.37	-7.80
-149.37	-7.80
-144.46	-6.25
-144.46	-6.25
-139.44	-6.27
-139.44	-6.27
-135.65	-6.09
-133.38	-6.58
-133.38	-6.58
-130.56	-6.80
-130.56	-6.80
-127.89	-6.95
-127.89	-6.95
-125.31	-6.96
-125.31	-6.96
-122.70	-6.65
-122.70	-6.65
-120.19	-6.46
-120.19	-6.46
-117.34	-6.43
-117.34	-6.43
-114.00	-6.69
-114.00	-6.69
-111.13	-7.03
-111.13	-7.03
-108.49	-7.32
-106.80	-7.44
-106.80	-7.44
-104.18	-7.56
-104.18	-7.56
-102.09	-7.77
-102.09	-7.77
-100.21	-8.19
-100.21	-8.19
-98.28	-8.31
-98.28	-8.31
-97.08	-8.27
-97.08	-8.27
-96.19	-8.33
-96.19	-8.33
-95.81	-8.15
-95.81	-8.15
-96.53	-8.18
-96.53	-8.18
-96.53	-8.17
-96.61	-7.79
-96.61	-7.79
-97.28	-7.29
-97.28	-7.29
-97.36	-6.49
-97.36	-6.49
-97.06	-6.31
-97.06	-6.31
-96.96	-6.17
-96.96	-6.17
-97.13	-6.14
-97.13	-6.14
-97.45	-6.15
-97.45	-6.15
-97.24	-6.18
-97.24	-6.18
-97.19	-7.42
-97.19	-7.42
-97.40	-10.38
-97.40	-10.38
-97.16	-14.56
-97.16	-14.56
-96.25	-18.38
-96.25	-18.38
-95.29	-22.69
-95.29	-22.69
-94.11	-25.90
-94.11	-25.90
-93.92	-27.03
-93.92	-27.03
-94.01	-26.96
-94.01	-26.96
-94.03	-27.24
-94.03	-27.24
-94.16	-26.96
-94.16	-26.96
-94.46	-25.88
-94.46	-25.88
-94.33	-24.44
-94.33	-24.44
-93.86	-24.02
-93.86	-24.02
-94.15	-25.22
-94.15	-25.22
-94.46	-27.37
-94.46	-27.37
-96.17	-31.74
-96.17	-31.74
-98.03	-36.16
-98.03	-36.16
-99.34	-38.93
-99.34	-38.93
-101.43	-41.17
-101.43	-41.17
-101.93	-41.76
-101.93	-41.76
-102.99	-41.80
-102.99	-41.80
-103.42	-42.48
-103.42	-42.48
-105.08	-43.78
-105.08	-43.78
-107.50	-45.63
-109.35	-46.72
-109.35	-46.72
-112.05	-48.99
-112.05	-48.99
-114.93	-50.63
-114.93	-50.63
-115.35	-51.16
-115.35	-51.16
-116.36	-50.87
-116.36	-50.87
-116.54	-50.94
-116.54	-50.94
-115.92	-51.00
-115.92	-51.00
-115.57	-50.98
-115.36	-50.91
-115.36	-50.91
-114.88	-50.87
-115.19	-50.95
-115.36	-51.04
-115.36	-51.04
-115.48	-51.20
-115.75	-51.15
-115.75	-51.15
-116.67	-51.56
-117.42	-51.76
-117.42	-51.76
-119.54	-52.06
-122.37	-52.34
-122.37	-52.34
-127.82	-53.33
-131.84	-53.70
-131.84	-53.70
-137.36	-54.49
-140.70	-54.94
-140.70	-54.94
-145.38	-55.12
-147.99	-55.69
-147.99	-55.69
-153.32	-56.54
-156.19	-56.95
-156.19	-56.95
-161.34	-57.12
-164.87	-56.56
-164.87	-56.56
-170.10	-55.23
-170.10	-55.23
-176.01	-54.91
-176.01	-54.91
178.24	-55.24
175.65	-55.38
172.00	-55.34
172.00	-55.34
166.52	-55.69
163.19	-55.86
163.19	-55.86
157.79	-56.16
157.79	-56.16
151.89	-56.77
151.89	-56.77
146.49	-57.26
146.49	-57.26
141.05	-57.19
141.05	-57.19
136.34	-56.94
136.34	-56.94
132.13	-56.24
132.13	-56.24
127.50	-56.16
127.50	-56.16
121.98	-55.58
121.98	-55.58
116.48	-54.77
116.48	-54.77
110.98	-54.68
110.98	-54.68
105.77	-55.24
105.77	-55.24
101.55	-55.63
98.48	-55.73
98.48	-55.73
93.68	-56.28
93.68	-56.28
89.71	-56.32
89.71	-56.32
86.80	-55.79
86.80	-55.79
83.43	-55.26
83.43	-55.26
79.49	-55.67
79.49	-55.67
76.39	-55.79
76.39	-55.79
73.34	-55.60
73.34	-55.60
69.96	-54.34
69.96	-54.34
66.84	-53.41
66.84	-53.41
63.26	-52.66
63.26	-52.66
60.19	-52.00
60.19	-52.00
57.30	-51.42
57.30	-51.42
55.85	-51.12
55.29	-51.05
54.57	-50.75
54.57	-50.75
53.26	-50.00
52.23	-48.71
52.23	-48.71
49.47	-45.34
49.47	-45.34
47.24	-43.31
47.24	-43.31
45.25	-41.72
45.25	-41.72
43.40	-40.76
43.40	-40.76
41.86	-39.91
41.86	-39.91
40.19	-38.48
40.19	-38.48
38.65	-36.90
38.65	-36.90
37.63	-36.01
37.63	-36.01
36.62	-35.06
36.62	-35.06
35.73	-34.16
35.73	-34.16
34.57	-33.66
34.57	-33.66
33.71	-33.43
33.63	-33.33
33.23	-33.02
33.23	-33.02
32.84	-32.60
32.60	-31.78
32.60	-31.78
33.27	-29.86
33.27	-29.86
36.95	-26.68
36.95	-26.68
42.45	-24.13
46.15	-22.38
46.15	-22.38
52.51	-19.34
56.23	-17.07
56.23	-17.07
61.63	-13.44
63.81	-11.55
63.81	-11.55
67.13	-9.14
69.05	-7.48
69.05	-7.48
72.44	-5.25
74.58	-3.82
74.58	-3.82
77.25	-2.05
78.93	-0.49
78.93	-0.49
81.40	2.16
81.40	2.16
82.91	3.97
83.63	4.89
83.63	4.89
84.93	6.48
86.40	7.13
86.40	7.13
87.77	7.45
88.86	7.53
89.54	7.71
90.17	8.07
91.25	8.68
92.07	9.06
93.12	9.67
93.75	9.91
94.50	10.18
95.57	10.30
95.57	10.30
97.55	9.96
97.55	9.96
98.36	9.94
98.59	9.96
98.59	9.96
98.78	10.38
98.70	10.64
98.70	10.64
98.91	10.68
98.91	10.68
99.92	9.69
99.92	9.69
101.84	8.39
101.84	8.39
105.61	6.32
109.49	3.70
109.49	3.70
114.33	-0.71
117.67	-4.33
117.67	-4.33
121.35	-8.06
122.86	-8.99
124.32	-9.49
126.10	-9.61
127.28	-9.34
128.93	-9.06
129.56	-9.01
129.92	-8.91
129.85	-9.02
129.85	-9.02
129.02	-9.91
129.02	-9.91
128.63	-10.64
128.27	-11.26
128.27	-11.26
127.59	-12.23
127.34	-12.42
127.14	-12.59
126.99	-12.42
127.02	-12.51
127.02	-12.51
127.10	-12.25
127.10	-12.25
127.18	-12.12
127.18	-12.12
126.78	-12.20
126.78	-12.20
126.43	-12.27
126.29	-12.55
126.29	-12.55
125.63	-12.53
125.63	-12.53
124.07	-12.47
124.07	-12.47
122.64	-12.61
121.54	-12.65
120.52	-12.41
119.01	-12.38
117.62	-12.21
116.26	-11.94
114.02	-11.47
114.02	-11.47
111.28	-11.22
109.36	-11.19
109.36	-11.19
106.97	-10.92
105.92	-10.66
105.16	-10.46
105.16	-10.46
104.78	-9.96
104.78	-9.96
104.82	-9.86
105.05	-10.01
105.05	-10.01
105.52	-10.08
105.73	-10.26
105.73	-10.26
105.61	-10.25
105.61	-10.25
105.25	-10.22
105.25	-10.22
104.31	-10.34
104.31	-10.34
103.06	-10.29
102.10	-10.03
101.51	-9.70
101.01	-9.23
101.01	-9.23
100.51	-7.57
100.29	-5.62
100.16	-2.31
100.16	-2.31
100.10	1.33
99.52	3.37
99.52	3.37
99.13	4.24
99.01	5.04
98.58	5.73
98.40	6.28
97.89	6.82
97.89	6.82
97.23	7.24
96.57	7.77
96.57	7.77
95.52	8.59
94.81	9.16
93.88	10.03
93.31	10.63
92.14	11.42
91.11	12.00
89.46	12.85
88.25	13.82
86.84	14.68
86.84	14.68
85.18	16.71
84.83	17.72
84.92	19.30
84.79	20.67
84.60	21.68
84.23	22.32
83.55	23.18
82.46	23.85
80.67	24.03
78.29	24.13
75.13	24.49
73.16	24.82
71.05	25.07
69.70	25.07
68.73	25.05
68.73	25.05
67.07	25.18
65.60	24.95
65.60	24.95
62.61	23.40
62.61	23.40
59.23	21.90
55.62	21.05
52.98	20.79
49.98	20.06
42.63	17.53
42.63	17.53
35.42	14.29
29.67	11.23
27.39	10.54
25.47	10.35
22.98	10.43
22.98	10.43
21.66	10.31
20.87	9.91
20.40	9.42
19.75	8.77
19.10	8.44
17.72	7.93
17.72	7.93
14.47	7.14
14.47	7.14
10.49	6.37
10.49	6.37
7.79	6.26
6.00	5.97
5.01	5.72
3.67	5.04
2.95	4.72
2.95	4.72
1.45	4.06
0.92	3.81
0.18	3.13
-0.76	2.39
-0.76	2.39
-2.47	0.95
-3.53	-0.21
-3.53	-0.21
-5.09	-2.28
-5.09	-2.28
-6.04	-3.81
-6.04	-3.81
-6.35	-5.79
-6.50	-7.49
-6.50	-7.49
-6.25	-10.17
-5.93	-12.02
-5.73	-13.71
-5.73	-13.71
-5.04	-17.10
-5.04	-17.10
-5.15	-19.81
-5.09	-20.95
-5.37	-22.69
-5.37	-22.69
-5.30	-27.87
-5.30	-27.87
-4.51	-33.41
-3.72	-35.03
-3.09	-38.59
-3.09	-38.59
-2.75	-42.16
-2.75	-42.16
-1.67	-45.20
-1.67	-45.20
0.11	-47.69
0.11	-47.69
2.00	-49.53
2.72	-49.93
4.07	-50.77
5.20	-51.30
5.20	-51.30
6.26	-53.25
6.75	-55.09
6.75	-55.09
7.98	-57.22
9.25	-59.41
9.25	-59.41
9.37	-61.88
9.42	-62.95
9.44	-63.16
9.40	-63.75
10.25	-66.29
11.22	-68.73
10.66	-70.84
10.88	-71.57
10.88	-71.57
10.24	-71.06
9.74	-71.56
9.74	-71.56
9.62	-72.11
9.43	-72.44
10.02	-73.08
10.00	-73.66
9.04	-73.87
9.04	-73.87
7.11	-72.75
7.11	-72.75
6.69	-72.34
7.09	-71.96
6.87	-71.64
7.41	-71.29
7.69	-70.98
7.69	-70.98
7.52	-70.82
7.83	-70.73
7.83	-70.73
6.61	-70.85
5.16	-70.56
5.16	-70.56
3.24	-69.36
3.89	-69.07
4.50	-69.06
5.25	-68.95
5.51	-68.94
5.51	-68.94
4.62	-69.13
3.40	-68.73
1.19	-68.22
1.19	-68.22
-3.51	-67.59
-6.11	-67.02
-8.46	-66.41
-11.06	-65.68
-15.89	-64.71
-21.05	-63.69
-21.05	-63.69
-33.33	-61.25
-33.33	-61.25
-42.62	-58.57
-46.84	-55.97
-48.94	-54.09
-51.15	-52.78
-54.47	-51.67
-56.82	-51.55
-57.66	-51.62
-58.13	-52.11
-58.13	-52.11
-57.48	-52.03
-57.48	-52.03
-52.37	-50.65
-51.57	-50.38
-51.57	-50.38
-49.91	-49.79
-49.91	-49.79
-48.82	-49.33
-48.82	-49.33
-49.20	-48.59
-50.20	-48.45
-50.20	-48.45
-51.46	-48.87
-52.27	-49.18
-52.83	-49.42
-52.83	-49.42
-53.50	-49.71
-53.97	-49.69
-54.83	-49.62
-55.36	-49.13
-56.02	-48.99
-56.02	-48.99
-56.65	-49.15
-57.51	-49.17
-58.08	-49.18
-59.94	-48.88
-62.20	-48.30
-62.20	-48.30
-65.76	-48.38
-65.76	-48.38
-68.54	-47.22
-68.54	-47.22
-71.96	-46.98
-71.96	-46.98
-76.42	-47.42
-78.52	-47.58
-83.21	-47.98
-83.21	-47.98
-87.01	-48.02
-87.01	-48.02
-88.93	-47.46
-89.56	-47.07
-90.79	-46.82
-91.63	-46.83
-91.63	-46.83
-91.78	-46.95
-91.48	-46.51
-91.35	-45.85
-91.38	-45.25
-91.31	-44.49
-91.58	-44.44
-91.92	-43.95
-92.62	-43.78
-94.31	-43.85
-94.31	-43.85
-95.78	-44.06
-96.22	-43.88
-96.22	-43.88
-97.18	-43.38
-98.96	-43.01
-98.96	-43.01
-101.03	-41.15
-102.74	-38.33
-104.21	-34.18
-104.21	-34.18
-106.30	-26.77
-106.87	-25.00
-107.30	-22.10
-107.42	-19.69
-107.22	-18.05
-107.03	-16.03
-106.88	-13.64
-106.53	-11.91
-105.85	-9.53
-105.07	-8.02
-103.34	-5.41
-101.21	-2.88
-101.21	-2.88
-98.61	0.60
-97.38	2.48
-97.38	2.48
-95.31	5.38
-94.39	7.04
-94.39	7.04
-93.05	8.97
-92.48	9.90
-91.99	10.50
-91.53	11.42
-91.53	11.42
-91.11	12.11
-90.78	12.57
-90.78	12.57
-90.16	12.96
-90.02	13.15
-89.79	13.27
-89.83	13.18
-89.83	13.18
-89.92	13.15
-90.03	13.30
-90.04	13.37
-90.08	13.32
-90.03	13.20
-90.18	13.25
-90.18	13.25
-91.12	13.37
-92.16	13.37
-92.16	13.37
-93.87	13.00
-94.62	13.11
-95.73	13.14
-96.85	12.83
-97.50	12.57
-100.22	11.03
-102.43	10.00
-106.44	8.01
-109.10	6.78
-114.58	4.41
-114.58	4.41
-120.63	2.16
-123.13	1.16
-124.83	0.55
-127.10	-0.54
-129.13	-1.88
-129.13	-1.88
-132.94	-4.50
-134.79	-6.13
-134.79	-6.13
-138.40	-9.09
-140.04	-10.20
-142.31	-11.68
-144.43	-12.99
-145.76	-13.79
-147.12	-14.57
-148.69	-14.92
-150.14	-15.46
-150.14	-15.46
-151.95	-16.24
-152.86	-16.54
-153.65	-16.92
-154.23	-17.31
-154.23	-17.31
-154.50	-17.55
-154.74	-17.88
-154.83	-18.00
-154.84	-18.19
-154.89	-18.53
-154.96	-18.67
-154.92	-18.63
-154.87	-18.86
-154.75	-18.94
-154.61	-19.62
-154.44	-20.39
-154.32	-21.59
-154.13	-24.37
-153.84	-26.26
-153.63	-27.89
-153.70	-29.92
-153.66	-30.72
-153.85	-31.57
-154.05	-32.85
-154.05	-32.85
-154.90	-34.08
-156.01	-35.39
-156.01	-35.39
-156.59	-35.21
-156.92	-34.98
-157.16	-34.77
-157.12	-34.61
-157.11	-34.44
-157.16	-34.10
-157.20	-33.39
-157.05	-32.53
-157.15	-30.77
-157.38	-29.27
-157.48	-28.20
-157.35	-27.01
-157.41	-26.57
-157.38	-26.06
-157.69	-24.89
-157.69	-24.89
-158.11	-22.01
-158.19	-19.47
-158.48	-17.76
-159.18	-15.44
-159.83	-13.73
-160.46	-12.63
-161.72	-11.47
-162.59	-11.20
-164.01	-10.68
-164.78	-10.28
-166.25	-9.37
-166.25	-9.37
-168.66	-7.17
-168.66	-7.17
-170.33	-4.61
-170.33	-4.61
-171.18	-3.74
-171.12	-4.12
-170.98	-4.66
-170.78	-5.40
-170.78	-5.40
-171.13	-4.96
-171.34	-4.49
-171.15	-4.31
-171.10	-3.93
-170.96	-3.26
-170.64	-2.04
-170.64	-2.04
-170.76	0.86
-170.76	0.86
-170.03	2.64
-170.03	2.64
-168.30	2.50
-167.36	1.53
-167.36	1.53
-165.74	-2.36
-165.74	-2.36
-163.52	-6.78
-163.52	-6.78
-161.17	-10.77
-159.01	-13.69
-157.70	-15.65
-155.34	-17.62
-153.82	-18.54
-151.71	-19.00
-147.48	-19.26
-142.80	-19.33
-137.12	-19.18
-137.12	-19.18
-129.70	-18.35
-124.51	-17.92
-119.29	-17.77
-119.29	-17.77
-109.53	-16.95
-109.53	-16.95
-101.91	-16.14
-96.46	-15.41
-96.46	-15.41
-89.24	-14.84
-83.57	-14.59
-83.57	-14.59
-74.92	-13.95
-74.92	-13.95
-68.05	-12.81
-61.16	-12.11
-61.16	-12.11
-52.41	-11.37
-45.36	-10.23
-45.36	-10.23
-35.82	-8.46
-35.82	-8.46
-30.57	-7.88
-26.85	-7.61
-23.82	-7.87
-19.80	-8.39
-19.80	-8.39
-14.24	-9.06
-11.62	-9.74
-9.18	-10.85
-6.93	-11.72
-3.68	-12.39
-3.68	-12.39
0.22	-12.77
2.27	-12.92
3.91	-13.22
6.34	-13.48
7.94	-13.51
9.47	-13.40
11.18	-13.32
13.64	-12.89
15.44	-12.69
17.81	-12.57
20.90	-12.39
20.90	-12.39
25.60	-12.86
29.40	-13.15
29.40	-13.15
35.03	-13.24
39.07	-13.00
39.07	-13.00
44.07	-13.05
47.68	-13.05
47.68	-13.05
53.32	-13.45
53.32	-13.45
57.37	-14.26
60.16	-14.65
62.73	-14.68
62.73	-14.68
66.87	-14.32
69.07	-14.34
71.55	-14.70
75.04	-15.51
76.73	-16.00
78.75	-16.41
81.52	-15.89
83.51	-15.81
86.64	-16.10
88.93	-16.79
91.43	-17.57
91.43	-17.57
94.45	-18.38
94.45	-18.38
96.16	-18.01
97.19	-17.64
98.05	-17.44
99.64	-17.53
99.64	-17.53
102.53	-17.48
103.75	-17.13
104.86	-17.00
105.78	-17.31
106.01	-17.35
106.01	-17.35
103.79	-17.10
103.79	-17.10
99.96	-17.38
99.96	-17.38
97.14	-17.47
95.69	-17.54
93.95	-17.57
93.95	-17.57
83.84	-18.66
79.93	-18.70
79.93	-18.70
76.79	-19.32
75.71	-20.06
75.41	-20.46
75.29	-21.01
75.06	-21.86
73.76	-22.77
73.76	-22.77
71.00	-21.72
69.90	-21.03
68.17	-20.09
66.69	-19.95
66.46	-21.38
66.46	-21.38
67.27	-22.64
67.88	-22.82
68.35	-23.14
68.35	-23.14
68.76	-24.40
68.76	-24.40
69.44	-23.85
69.44	-23.85
70.65	-23.86
70.65	-23.86
71.35	-23.73
71.35	-23.73
71.46	-23.79
71.62	-23.85
71.71	-23.81
71.87	-23.84
71.52	-23.71
71.52	-23.71
71.16	-23.54
70.99	-23.38
70.99	-23.38
70.45	-23.45
70.45	-23.45
70.26	-23.49
70.59	-23.81
70.59	-23.81
70.06	-23.52
70.06	-23.52
68.65	-23.56
67.96	-23.82
67.96	-23.82
67.44	-23.64
67.22	-23.66
67.22	-23.66
66.18	-23.67
64.98	-24.01
64.98	-24.01
64.02	-24.31
64.02	-24.31
64.57	-24.45
65.10	-24.19
65.83	-24.07
65.99	-24.09
65.87	-24.23
65.87	-24.23
65.49	-24.61
65.68	-24.76
66.32	-24.83
66.32	-24.83
67.01	-24.93
67.01	-24.97
66.65	-25.04
66.56	-25.18
66.26	-25.48
66.13	-25.75
66.13	-25.75
66.92	-25.74
66.92	-25.74
66.71	-25.73
66.71	-25.73
66.52	-25.84
66.01	-25.88
65.56	-26.32
65.56	-26.32
66.18	-26.38
66.18	-26.38
66.37	-26.50
65.80	-26.81
65.66	-27.07
65.92	-27.23
66.30	-27.60
66.30	-27.60
67.20	-27.71
67.20	-27.71
68.14	-27.27
68.14	-27.27
69.08	-27.38
69.08	-27.38
69.17	-27.30
69.10	-27.13
68.96	-27.30
68.96	-27.30
69.12	-27.37
69.12	-27.37
69.35	-27.37
69.51	-27.33
69.60	-27.24
69.60	-27.24
69.82	-27.23
69.82	-27.23
69.95	-27.32
70.20	-27.38
70.29	-27.37
70.29	-27.37
70.50	-27.17
70.50	-27.17
70.69	-26.41
70.69	-26.41
70.77	-25.87
70.77	-25.87
71.03	-26.08
70.90	-26.15
70.90	-26.15
70.98	-26.14
71.37	-26.06
71.78	-26.04
71.78	-26.04
72.37	-26.03
72.55	-26.11
72.72	-26.11
72.89	-26.05
72.89	-26.05
72.99	-25.93
72.99	-25.93
73.36	-25.90
73.36	-25.90
73.61	-26.06
73.76	-25.91
73.76	-25.91
73.19	-25.75
72.31	-25.60
72.31	-25.60
71.38	-25.01
71.14	-24.47
71.20	-23.56
71.62	-22.12
72.00	-20.61
72.77	-18.49
73.46	-17.27
74.19	-16.11
74.19	-16.11
75.37	-15.10
75.37	-15.10
76.17	-14.09
76.75	-13.34
77.15	-12.92
77.59	-12.73
78.32	-12.74
79.22	-12.90
81.18	-13.48
83.16	-13.78
83.16	-13.78
85.29	-13.79
86.57	-13.77
88.46	-13.56
89.35	-13.54
89.35	-13.54
90.54	-13.74
91.79	-13.71
91.79	-13.71
93.15	-13.84
93.77	-13.78
94.56	-13.69
95.21	-13.63
96.10	-13.75
96.10	-13.75
96.94	-13.67
97.21	-13.71
97.43	-13.72
97.84	-13.74
97.93	-13.50
97.98	-13.32
98.30	-13.30
98.30	-13.30
98.78	-13.14
99.20	-12.95
100.00	-12.55
100.00	-12.55
102.72	-11.86
104.38	-11.50
104.38	-11.50
107.65	-11.02
108.86	-10.91
109.48	-10.98
111.64	-11.26
111.64	-11.26
115.51	-12.04
115.51	-12.04
117.75	-12.50
119.72	-12.90
121.55	-13.01
121.55	-13.01
124.43	-13.39
124.43	-13.39
127.40	-13.75
127.40	-13.75
129.57	-13.68
129.57	-13.68
130.66	-13.42
131.04	-13.31
131.09	-13.38
131.05	-13.71
131.00	-13.85
130.68	-14.43
130.49	-14.90
130.49	-14.90
130.01	-15.04
130.04	-15.47
130.38	-15.99
130.38	-15.99
130.97	-16.77
130.97	-16.77
131.05	-17.35
130.97	-17.92
130.97	-17.92
130.95	-18.74
130.91	-18.72
130.61	-18.62
129.71	-18.63
129.71	-18.63
127.56	-18.57
127.56	-18.57
125.84	-18.22
125.13	-17.98
124.67	-17.97
124.33	-18.04
124.16	-18.42
124.00	-18.38
124.12	-17.83
124.12	-17.83
124.46	-16.76
124.44	-15.88
124.44	-15.88
124.17	-15.26
123.65	-14.64
123.65	-14.64
122.17	-13.38
122.17	-13.38
118.97	-11.20
118.97	-11.20
117.01	-8.72
117.01	-8.72
117.40	-5.03
118.20	-2.88
119.17	-0.27
119.17	-0.27
119.68	2.51
119.45	4.14
119.18	5.74
118.83	7.54
118.48	8.53
116.51	8.65
116.51	8.65
112.63	8.06
109.39	7.64
109.39	7.64
103.69	6.82
100.76	7.08
97.14	7.88
94.99	8.54
93.88	9.41
93.02	9.79
93.02	9.79
93.89	9.78
94.76	9.24
94.76	9.24
95.59	8.83
96.07	8.58
96.07	8.58
96.25	8.44
96.28	8.41
96.28	8.41
96.36	8.22
96.39	7.99
96.39	7.99
96.66	7.96
96.86	7.70
96.86	7.70
96.95	7.62
97.11	7.61
97.14	7.49
97.13	7.53
97.24	7.60
97.24	7.60
97.57	7.64
97.57	7.64
97.79	7.66
98.09	7.79
98.53	8.46
99.97	10.56
99.97	10.56
102.87	16.57
104.20	19.41
104.20	19.41
105.52	21.07
107.28	21.89
107.28	21.89
109.46	21.87
111.10	22.04
112.55	22.35
112.55	22.35
113.88	23.22
114.52	23.51
115.07	23.79
116.21	24.09
116.21	24.09
117.53	24.66
118.56	24.96
118.56	24.96
119.57	25.32
120.36	25.28
120.36	25.28
121.57	24.73
122.84	24.33
125.16	23.46
126.51	22.86
126.51	22.86
127.86	22.39
128.40	22.24
128.96	21.98
129.90	21.45
129.90	21.45
131.09	20.76
132.05	19.89
132.05	19.89
133.28	19.15
133.28	19.15
134.16	17.92
134.52	17.41
134.52	17.41
135.34	16.91
135.66	16.77
136.06	16.69
136.40	16.60
136.58	16.59
