90.05	0.00
-19.87	-68.45
-20.38	-68.67
-20.38	-68.67
-20.56	-69.25
-20.56	-69.25
-20.96	-69.84
-20.96	-69.84
-20.67	-70.11
-20.67	-70.11
-21.12	-70.20
-21.12	-70.20
-21.50	-68.86
-21.40	-67.73
-21.40	-67.73
-21.65	-67.48
-21.50	-68.24
-21.50	-68.24
-21.55	-68.26
-21.55	-68.26
-21.55	-68.26
-21.37	-69.10
-21.50	-69.29
-21.50	-69.29
-20.94	-69.17
-21.33	-69.03
-21.33	-69.03
-20.93	-68.62
-20.70	-68.53
-20.70	-68.53
-20.90	-68.48
-20.90	-68.48
-20.90	-68.59
-20.90	-68.59
-20.65	-68.63
-20.65	-68.63
-20.58	-68.63
-19.66	-67.55
-19.66	-67.55
-18.14	-65.19
-18.14	-65.19
-16.46	-62.13
-16.46	-62.13
-14.28	-57.40
-12.15	-52.16
-12.15	-52.16
-10.87	-46.20
-10.87	-46.20
-10.00	-39.94
-8.97	-33.88
-8.97	-33.88
-8.09	-29.09
-8.09	-29.09
-7.42	-25.36
-6.70	-22.10
-6.70	-22.10
-6.07	-19.76
-6.07	-19.76
-5.97	-17.86
-5.97	-17.86
-5.85	-16.20
-5.99	-15.16
-5.99	-15.16
-5.65	-14.68
-5.65	-14.68
-5.52	-14.27
-5.58	-13.95
-5.58	-13.95
-5.73	-13.75
-5.73	-13.75
-5.70	-13.50
-5.68	-12.90
-5.68	-12.90
-5.45	-12.01
-5.45	-12.01
-5.06	-10.08
-5.06	-10.08
-4.80	-5.83
-4.62	-0.08
-4.62	-0.08
-4.73	6.59
-4.73	6.59
-4.89	13.98
-4.87	19.81
-4.87	19.81
-5.22	24.83
-5.22	24.83
-5.22	29.56
-5.22	29.56
-5.71	34.12
-5.39	37.24
-5.39	37.24
-5.65	39.49
-5.65	39.49
-5.66	41.07
-5.45	42.04
-5.45	42.04
-5.34	42.54
-5.34	42.54
-5.40	42.86
-5.40	42.86
-5.39	43.25
-5.22	43.97
-5.22	43.97
-4.86	44.63
-4.86	44.63
-4.14	44.81
-3.60	44.26
-3.60	44.26
-3.64	43.90
-3.64	43.90
-4.30	43.21
-4.70	42.79
-4.70	42.79
-4.44	42.72
-4.44	42.72
-4.17	42.60
-4.04	42.67
-4.04	42.67
-4.05	42.85
-4.05	42.85
-4.15	43.17
-4.32	43.13
-4.32	43.13
-4.47	42.92
-4.47	42.92
-4.30	42.59
-4.31	42.47
-4.31	42.47
-4.28	42.49
-4.28	42.49
-4.26	42.13
-4.26	42.13
-4.20	41.71
-4.16	40.38
-4.16	40.38
-4.39	37.51
-4.39	37.51
-4.86	33.52
-5.23	28.74
-5.23	28.74
-5.60	22.88
-5.60	22.88
-6.03	16.65
-6.03	16.65
-6.35	10.24
-6.46	2.83
-6.46	2.83
-6.22	-3.80
-6.22	-3.80
-5.73	-7.33
-5.14	-8.60
-5.14	-8.60
-4.53	-9.17
-4.53	-9.17
-4.37	-9.42
-3.80	-8.79
-3.80	-8.79
-3.37	-8.50
-3.37	-8.50
-2.85	-8.10
-2.85	-8.10
-2.54	-8.14
-2.59	-8.33
-2.59	-8.33
-2.35	-8.72
-2.35	-8.72
-2.53	-8.39
-2.73	-9.10
-2.73	-9.10
-2.21	-8.94
-2.21	-8.94
-1.86	-8.54
-1.86	-8.54
-1.58	-8.23
-0.70	-8.06
-0.70	-8.06
1.00	-7.65
1.00	-7.65
3.82	-7.16
8.42	-7.46
8.42	-7.46
14.58	-7.40
14.58	-7.40
21.77	-7.36
21.77	-7.36
30.03	-7.27
39.35	-6.50
39.35	-6.50
49.13	-4.72
49.13	-4.72
49.13	-4.72
66.92	-3.33
66.92	-3.33
74.87	-3.31
74.87	-3.31
82.02	-3.38
82.02	-3.38
88.19	-3.39
93.73	-3.34
93.73	-3.34
97.72	-3.40
97.72	-3.40
99.53	-3.80
99.53	-3.80
99.20	-4.10
99.20	-4.10
98.43	-4.07
97.48	-4.18
96.15	-4.26
96.15	-4.26
94.65	-4.32
94.65	-4.32
93.60	-4.68
92.68	-5.01
92.68	-5.01
92.32	-5.34
92.32	-5.34
91.99	-5.42
91.99	-5.42
91.50	-5.57
90.20	-5.65
90.20	-5.65
86.99	-5.86
86.99	-5.86
80.97	-5.39
73.26	-4.98
73.26	-4.98
62.12	-4.62
62.12	-4.62
50.21	-4.27
50.21	-4.27
50.21	-4.27
27.36	-3.38
27.36	-3.38
16.31	-2.87
16.31	-2.87
6.91	-2.49
6.91	-2.49
0.19	-2.54
0.19	-2.54
-4.02	-2.71
-4.02	-2.71
-5.26	-2.90
-5.26	-2.90
-4.32	-4.15
-4.32	-4.15
-3.66	-4.47
-3.66	-4.47
-3.66	-4.47
-2.92	-4.75
-2.92	-4.75
-2.22	-5.51
-2.22	-5.51
-2.28	-5.24
-2.28	-5.24
-3.31	-3.14
-4.29	3.02
-4.29	3.02
-5.41	10.01
-5.41	10.01
-6.44	14.09
-6.44	14.09
-7.11	17.20
-7.11	17.20
-7.64	20.13
-8.38	23.51
-8.38	23.51
-8.38	23.51
-9.40	28.11
-9.40	28.11
-8.99	28.64
-8.99	28.64
-8.24	28.61
-8.24	28.61
-7.50	29.09
-7.50	29.09
-6.10	29.83
-4.89	30.23
-4.89	30.23
-3.68	30.75
-1.86	30.85
-1.86	30.85
0.70	29.78
0.70	29.78
5.27	28.01
5.27	28.01
10.90	25.05
17.27	21.41
17.27	21.41
22.22	18.42
22.22	18.42
26.86	14.93
30.70	12.06
30.70	12.06
33.32	9.92
33.32	9.92
34.29	8.35
33.40	7.88
33.40	7.88
31.88	7.43
31.88	7.43
30.40	6.03
30.40	6.03
29.03	3.89
27.47	1.79
27.47	1.79
25.98	0.39
25.98	0.39
25.62	0.01
25.34	-0.17
25.34	-0.17
25.34	-0.17
25.10	-0.47
24.85	-0.80
24.85	-0.80
24.85	-0.80
25.10	-0.82
25.10	-0.82
25.37	-0.75
25.37	-0.75
25.46	-0.74
25.46	-0.74
25.72	-0.76
25.72	-0.76
26.02	-0.81
26.02	-0.81
26.15	-0.95
26.15	-0.95
26.21	-1.11
26.21	-1.11
26.22	-1.35
26.22	-1.35
26.22	-1.41
26.22	-1.41
26.56	-1.59
26.56	-1.59
28.17	-2.08
28.17	-2.08
29.72	-2.54
29.72	-2.54
32.00	-3.16
32.00	-3.16
34.70	-3.90
34.70	-3.90
37.35	-5.03
37.35	-5.03
39.31	-5.57
39.31	-5.57
41.78	-6.54
41.78	-6.54
42.62	-6.85
42.62	-6.85
43.36	-6.84
43.36	-6.84
43.35	-6.28
43.35	-6.28
43.56	-6.39
43.56	-6.39
43.85	-6.01
43.85	-6.01
45.20	-5.95
45.20	-5.95
45.90	-6.22
45.90	-6.22
46.28	-6.30
46.28	-6.30
46.46	-6.61
46.46	-6.61
46.35	-6.84
46.35	-6.84
46.27	-7.05
46.27	-7.05
46.07	-7.74
46.07	-7.74
45.76	-7.60
45.76	-7.60
45.47	-7.83
45.47	-7.83
45.17	-7.79
45.17	-7.79
45.04	-7.72
45.04	-7.72
44.92	-7.72
44.92	-7.72
43.57	-7.23
43.57	-7.23
41.99	-7.02
41.99	-7.02
40.11	-6.67
40.11	-6.67
37.54	-5.98
34.28	-5.09
34.28	-5.09
28.97	-3.66
28.97	-3.66
21.52	-1.08
14.46	0.55
14.46	0.55
9.10	1.95
9.10	1.95
4.98	2.53
4.98	2.53
1.96	2.53
1.96	2.53
1.96	2.53
-1.39	2.14
-1.39	2.14
-1.98	1.83
-1.98	1.83
-2.16	1.50
-2.16	1.50
-1.94	1.25
-1.94	1.25
-1.63	1.20
-1.63	1.20
-1.58	1.10
-1.58	1.10
-3.14	0.53
-3.14	0.53
-4.60	0.45
-4.60	0.45
-6.73	0.16
-6.73	0.16
-10.04	-0.30
-10.04	-0.30
-14.25	-0.99
-14.25	-0.99
-18.86	-1.51
-18.86	-1.51
-28.61	-1.61
-28.61	-1.61
-33.98	-1.41
-33.98	-1.41
-39.11	-1.26
-39.11	-1.26
-43.75	-1.24
-43.75	-1.24
-48.08	-1.61
-48.08	-1.61
-51.24	-2.13
-53.55	-2.76
-53.55	-2.76
-55.06	-3.09
-55.06	-3.09
-56.10	-3.26
-56.10	-3.26
-56.64	-3.22
-56.64	-3.22
-57.35	-3.45
-57.35	-3.45
-57.57	-3.94
-57.57	-3.94
-57.87	-4.02
-57.87	-4.02
-57.87	-4.02
-58.18	-4.09
-58.15	-4.49
-58.15	-4.49
-58.11	-4.65
-58.11	-4.65
-58.13	-4.90
-58.13	-4.90
-57.19	-5.92
-57.19	-5.92
-56.61	-7.49
-56.61	-7.49
-56.61	-7.49
-55.77	-11.95
-55.43	-18.25
-55.43	-18.25
-55.47	-24.85
-55.47	-24.85
-55.77	-29.34
-55.38	-30.87
-55.38	-30.87
-54.57	-30.39
-54.02	-29.65
-54.02	-29.65
-53.63	-29.29
-53.63	-29.29
-53.63	-29.29
-52.67	-28.19
-52.67	-28.19
-51.91	-27.94
-51.91	-27.94
-51.46	-27.84
-51.46	-27.84
-51.22	-27.96
-51.22	-27.96
-51.03	-28.12
-51.03	-28.12
-50.86	-27.75
-50.86	-27.75
-49.48	-26.45
-49.48	-26.45
-48.27	-24.67
-48.27	-24.67
-47.19	-23.06
-47.19	-23.06
-46.27	-22.71
-46.27	-22.71
-45.10	-21.94
-45.10	-21.94
-43.24	-20.68
-43.24	-20.68
-36.77	-17.09
-36.77	-17.09
-32.73	-15.24
-32.73	-15.24
-28.09	-13.63
-28.09	-13.63
-23.16	-12.35
-17.66	-10.58
-17.66	-10.58
-12.13	-8.56
-6.49	-6.85
-6.49	-6.85
-1.63	-6.11
-1.63	-6.11
2.86	-5.67
2.86	-5.67
6.11	-5.75
6.11	-5.75
7.77	-5.84
8.59	-6.07
8.59	-6.07
9.00	-6.26
9.00	-6.26
9.51	-6.67
9.75	-6.58
9.75	-6.58
9.97	-6.50
9.97	-6.50
9.99	-6.52
9.99	-6.52
10.25	-6.35
10.77	-6.30
10.77	-6.30
11.43	-6.32
12.07	-6.44
12.07	-6.44
13.04	-6.32
13.04	-6.32
13.04	-6.32
14.28	-6.20
14.28	-6.20
19.14	-5.25
19.14	-5.25
22.23	-5.00
22.23	-5.00
22.23	-5.00
25.95	-4.82
30.39	-4.72
30.39	-4.72
36.72	-4.07
43.37	-4.03
43.37	-4.03
50.30	-4.04
55.97	-4.04
55.97	-4.04
59.51	-4.31
59.51	-4.31
59.51	-4.31
61.84	-4.21
63.45	-3.88
63.45	-3.88
64.77	-3.69
66.18	-3.45
66.18	-3.45
67.44	-3.32
68.89	-3.26
68.89	-3.26
70.17	-3.23
70.17	-3.23
70.17	-3.23
71.15	-3.37
72.29	-3.35
72.29	-3.35
73.45	-3.30
75.56	-3.14
75.56	-3.14
79.05	-3.32
83.62	-3.64
83.62	-3.64
87.74	-3.82
87.74	-3.82
87.74	-3.82
91.53	-3.84
95.23	-4.08
95.23	-4.08
97.71	-4.15
99.21	-4.18
99.21	-4.18
100.10	-4.51
100.13	-4.39
100.13	-4.39
100.03	-4.34
100.03	-4.34
100.03	-4.34
99.84	-4.15
99.94	-3.92
99.94	-3.92
100.12	-3.78
100.47	-3.84
100.47	-3.84
100.68	-4.18
100.58	-4.39
100.58	-4.39
100.29	-4.72
100.29	-4.72
100.29	-4.72
99.92	-5.01
99.44	-5.07
99.44	-5.07
98.88	-5.17
98.56	-5.30
98.56	-5.30
98.14	-5.35
97.98	-5.42
97.98	-5.42
98.04	-5.49
98.29	-5.41
98.29	-5.41
98.35	-5.50
98.35	-5.50
98.35	-5.50
98.52	-5.69
98.47	-5.90
98.47	-5.90
98.49	-6.29
97.95	-6.82
97.95	-6.82
97.25	-7.26
96.44	-7.39
96.44	-7.39
95.91	-7.00
95.91	-7.00
95.91	-7.00
95.76	-6.55
95.87	-6.09
95.87	-6.09
96.17	-6.06
96.17	-6.06
96.18	-6.05
95.62	-6.03
95.62	-6.03
94.42	-5.79
92.17	-5.41
92.17	-5.41
89.86	-5.47
89.86	-5.47
86.16	-5.35
81.46	-5.28
81.46	-5.28
75.69	-5.08
68.39	-4.48
68.39	-4.48
59.87	-4.36
59.87	-4.36
59.87	-4.36
50.60	-3.77
41.50	-3.65
41.50	-3.65
32.91	-3.71
25.31	-4.32
25.31	-4.32
18.16	-4.47
11.58	-4.77
11.58	-4.77
6.27	-5.40
2.20	-5.57
2.20	-5.57
-0.86	-5.76
-0.86	-5.76
-0.86	-5.76
-3.66	-5.49
-3.66	-5.49
-5.92	-5.01
-5.92	-5.01
-6.05	-4.67
-6.05	-4.67
-5.88	-4.63
-5.88	-4.63
-5.67	-4.55
-5.67	-4.55
-5.16	-4.40
-5.16	-4.40
-4.73	-4.07
-4.20	-3.84
-4.20	-3.84
-3.95	-3.37
-3.95	-3.37
-3.58	-3.02
-2.95	-2.85
-2.95	-2.85
-2.48	-2.65
-2.16	-2.54
-2.16	-2.54
-1.46	-2.04
-1.46	-2.04
-0.87	-1.22
-0.10	-0.82
-0.10	-0.82
0.55	-0.71
0.55	-0.71
1.21	-0.43
1.21	-0.43
1.91	-0.19
2.19	-0.21
2.19	-0.21
2.19	-0.33
2.19	-0.33
2.24	-0.37
2.03	-0.42
2.03	-0.42
1.67	-0.43
1.67	-0.43
1.40	-0.25
1.07	-0.23
1.07	-0.23
0.76	-0.10
0.76	-0.10
0.64	-0.05
0.56	0.06
0.56	0.06
-0.68	0.11
-0.68	0.11
-3.32	-0.15
-6.23	-0.62
-6.23	-0.62
-8.99	-0.85
-8.99	-0.85
-11.65	-0.82
-11.65	-0.82
-14.09	-0.85
-16.57	-0.82
-16.57	-0.82
-18.92	-0.86
-18.92	-0.86
-20.77	-0.78
-22.33	-0.45
-22.33	-0.45
-23.39	-0.31
-23.39	-0.31
-24.24	-0.02
-24.24	-0.02
-24.93	0.03
-25.37	0.07
-25.37	0.07
-25.37	0.07
-26.12	-0.07
-27.75	0.08
-30.54	-0.07
-30.54	-0.07
-30.54	-0.07
-34.26	-0.43
-39.10	-0.87
-39.10	-0.87
-44.90	-1.40
-51.22	-1.77
-51.22	-1.77
-51.22	-1.77
-57.54	-1.77
-63.63	-1.56
-68.23	-1.33
-68.23	-1.33
-68.23	-1.33
-71.91	-1.37
-74.85	-1.20
-77.09	-0.97
-77.09	-0.97
-79.53	-0.91
-79.53	-0.91
-81.88	-0.87
-84.50	-0.91
-84.50	-0.91
-86.05	-1.23
-86.05	-1.23
-87.46	-1.51
-87.46	-1.51
-89.02	-1.78
-90.75	-1.88
-90.75	-1.88
-92.36	-1.90
-92.36	-1.90
-93.70	-1.99
-93.70	-1.99
-94.71	-2.09
-95.22	-2.38
-95.22	-2.38
-95.22	-2.38
-95.14	-2.79
-94.40	-3.12
-93.15	-3.27
-93.15	-3.27
-91.60	-3.26
-91.60	-3.26
-89.48	-3.61
-89.48	-3.61
-86.38	-3.96
-81.34	-4.63
-81.34	-4.63
-75.11	-4.91
-75.11	-4.91
-67.41	-4.83
-59.58	-5.18
-59.58	-5.18
-51.00	-5.35
-51.00	-5.35
-42.77	-5.35
-34.39	-5.37
-34.39	-5.37
-26.25	-5.45
-26.25	-5.45
-19.28	-5.56
-12.94	-5.52
-12.94	-5.52
-7.51	-5.67
-7.51	-5.67
-3.45	-5.38
-0.43	-5.41
-0.43	-5.41
2.42	-5.22
2.42	-5.22
4.77	-5.37
6.22	-5.65
6.22	-5.65
7.81	-6.03
7.81	-6.03
10.03	-6.02
10.03	-6.02
12.16	-5.98
13.93	-6.24
13.93	-6.24
15.32	-6.59
15.32	-6.59
16.50	-6.89
17.21	-6.46
17.21	-6.46
17.42	-6.19
17.42	-6.19
17.43	-5.65
17.26	-5.18
17.15	-4.56
16.48	-3.13
16.48	-3.13
15.84	-1.63
15.84	-1.63
15.46	-0.28
15.04	0.95
15.04	0.95
14.45	4.66
14.45	4.66
13.98	11.53
13.86	16.36
13.86	16.36
13.66	20.30
13.66	20.30
14.17	23.06
14.17	23.06
14.62	24.52
14.62	24.52
14.83	25.80
15.09	25.88
15.09	25.88
16.02	25.62
16.02	25.62
18.11	23.94
22.22	21.84
22.22	21.84
27.24	19.75
27.24	19.75
33.30	18.23
39.48	18.20
39.48	18.20
45.80	18.46
45.80	18.46
52.15	18.55
58.05	18.45
58.05	18.45
62.54	18.20
62.54	18.20
64.58	18.53
64.58	18.53
64.71	19.03
63.83	18.99
63.83	18.99
62.96	19.01
62.96	19.01
62.23	19.18
61.84	19.40
61.84	19.40
61.84	19.69
61.84	19.69
61.84	19.69
62.52	19.69
62.52	19.69
62.82	19.26
62.82	19.26
62.68	18.42
62.17	17.32
62.17	17.32
61.42	15.66
61.42	15.66
60.32	13.27
60.32	13.27
59.29	10.48
58.15	7.89
58.15	7.89
57.41	6.10
57.41	6.10
56.59	5.12
56.19	3.97
56.19	3.97
55.68	3.50
55.68	3.50
54.87	2.91
53.54	2.41
53.54	2.41
50.63	1.61
50.63	1.61
45.77	0.45
45.77	0.45
39.48	-0.76
32.39	-1.70
32.39	-1.70
24.49	-2.04
24.49	-2.04
24.49	-2.04
10.15	-1.88
10.15	-1.88
3.61	-1.49
3.61	-1.49
-1.33	-1.52
-4.36	-1.64
-4.36	-1.64
-5.50	-1.30
-5.50	-1.30
-5.66	-1.21
-5.20	-1.22
-5.20	-1.22
-5.11	-1.33
-5.11	-1.33
-5.11	-1.33
-5.36	-1.59
-5.36	-1.59
-5.36	-1.59
-5.84	-1.31
-6.18	-0.77
-6.51	-0.30
-6.51	-0.30
-6.57	0.16
-6.57	0.16
-6.74	0.34
-6.74	0.34
-7.41	0.47
-7.41	0.47
-9.20	0.14
-9.20	0.14
-11.93	-0.51
-11.93	-0.51
-20.38	-1.46
-20.38	-1.46
-25.30	-1.90
-25.30	-1.90
-30.81	-2.37
-30.81	-2.37
-36.58	-2.52
-41.48	-2.42
-41.48	-2.42
-41.48	-2.42
-47.26	-1.77
-47.26	-1.77
-48.99	-1.30
-48.99	-1.30
-50.77	-0.96
-50.77	-0.96
-52.09	-0.72
-52.09	-0.72
-53.28	-0.56
-53.28	-0.56
-54.81	-0.27
-54.81	-0.27
-57.19	-0.57
-57.19	-0.57
-58.14	-0.82
-58.14	-0.82
-59.09	-1.19
-59.09	-1.19
-59.98	-1.34
-59.98	-1.34
-60.62	-1.47
-60.96	-1.70
-60.96	-1.70
-61.42	-1.85
-61.42	-1.85
-61.77	-2.12
-61.77	-2.12
-62.24	-2.46
-62.24	-2.46
-63.15	-3.42
-63.15	-3.42
-63.64	-3.56
-63.64	-3.56
-64.10	-3.65
-64.10	-3.65
-64.60	-3.76
-65.04	-3.78
-65.04	-3.78
-65.04	-3.78
-65.61	-3.67
-65.61	-3.67
-65.96	-3.78
-65.96	-3.78
-66.03	-3.91
-66.03	-3.91
-65.81	-4.32
-65.81	-4.32
-65.51	-4.47
-65.51	-4.47
-65.33	-4.58
-65.33	-4.58
-65.14	-4.76
-65.14	-4.76
-65.08	-4.62
-65.08	-4.62
-64.74	-4.62
-64.74	-4.62
-64.32	-4.80
-64.32	-4.80
-64.02	-4.56
-64.02	-4.56
-63.83	-4.43
-63.83	-4.43
-63.94	-4.34
-63.94	-4.34
-63.68	-4.10
-63.68	-4.10
-59.54	-3.09
-59.54	-3.09
-54.38	-2.70
-54.38	-2.70
-48.95	-2.92
-48.95	-2.92
-44.68	-3.78
-44.68	-3.78
-42.27	-4.39
-40.91	-4.52
-40.91	-4.52
-40.91	-4.52
-39.67	-4.80
-39.67	-4.80
-38.72	-4.93
-38.29	-4.71
-38.29	-4.71
-38.04	-4.66
-38.04	-4.66
-37.91	-4.86
-37.91	-4.86
-37.28	-4.71
-37.28	-4.71
-35.95	-4.44
-35.95	-4.44
-30.69	-4.07
-30.69	-4.07
-27.27	-3.68
-27.27	-3.68
-23.43	-4.08
-23.43	-4.08
-18.69	-4.69
-18.69	-4.69
-13.64	-4.97
-13.64	-4.97
-2.68	-5.14
-2.68	-5.14
1.89	-4.57
1.89	-4.57
1.89	-4.57
5.66	-3.93
5.66	-3.93
11.08	-2.62
11.08	-2.62
13.09	-2.35
13.09	-2.35
14.53	-2.11
14.53	-2.11
15.88	-2.34
15.88	-2.34
17.26	-2.81
18.70	-3.23
19.83	-3.81
19.83	-3.81
20.95	-4.34
20.95	-4.34
21.60	-4.71
21.60	-4.71
22.04	-4.58
22.04	-4.58
22.54	-4.51
22.54	-4.51
23.57	-4.58
23.57	-4.58
24.89	-4.92
24.89	-4.92
24.89	-4.92
25.55	-5.14
25.55	-5.14
25.72	-5.52
25.72	-5.52
25.32	-5.65
25.32	-5.65
25.03	-5.53
25.03	-5.53
24.54	-5.85
23.80	-6.18
23.80	-6.18
22.12	-6.44
22.12	-6.44
20.35	-6.75
20.35	-6.75
18.73	-6.83
18.73	-6.83
17.40	-6.48
17.40	-6.48
16.94	-6.29
16.94	-6.29
17.06	-6.35
17.06	-6.35
17.25	-6.21
17.25	-6.21
17.41	-6.19
17.41	-6.19
17.71	-6.03
17.71	-6.03
17.90	-5.58
17.90	-5.58
17.65	-5.16
17.65	-5.16
17.18	-5.25
17.18	-5.25
16.46	-5.33
16.46	-5.33
15.50	-5.27
14.08	-4.98
14.08	-4.98
12.17	-4.80
12.17	-4.80
9.77	-4.56
9.77	-4.56
6.84	-4.56
3.84	-4.22
3.84	-4.22
0.96	-4.12
0.96	-4.12
-1.59	-4.09
-1.59	-4.09
-4.01	-3.84
-5.74	-3.67
-6.81	-3.23
-6.81	-3.23
-7.64	-2.51
-7.64	-2.51
-7.95	-1.60
-7.95	-1.60
-8.31	-0.66
-8.31	-0.66
-8.49	0.16
-8.49	0.16
-8.66	1.75
-8.66	1.75
-8.82	5.03
-8.82	5.03
-9.16	10.15
-9.39	15.33
-9.39	15.33
-9.82	20.41
-9.82	20.41
-9.48	25.07
-9.48	25.07
-8.98	29.11
-8.59	33.67
-8.59	33.67
-7.87	36.63
-7.87	36.63
-7.07	38.95
-7.07	38.95
-5.97	40.17
-5.97	40.17
-5.54	41.35
-5.54	41.35
-4.52	43.74
-4.52	43.74
-3.47	47.83
-3.47	47.83
-3.27	49.30
-3.27	49.30
-2.84	50.56
-2.43	51.29
-2.43	51.29
-2.43	51.36
-2.43	51.36
-2.47	51.31
-2.47	51.31
-2.15	51.16
-2.17	50.93
-2.17	50.93
-2.17	50.93
-2.39	50.67
-2.39	50.67
-2.27	50.85
-2.27	50.85
-2.27	50.85
-2.27	50.92
-2.27	50.92
-2.30	50.96
-2.30	50.96
-2.54	50.81
-2.54	50.81
-2.79	50.74
-2.79	50.74
-2.83	50.65
-2.93	50.55
-2.93	50.55
-2.97	50.69
-2.97	50.69
-3.01	50.67
-3.01	50.67
-2.99	50.59
-2.74	50.45
-2.74	50.45
-2.75	50.57
-2.75	50.57
-2.70	50.49
-2.70	50.49
-2.79	50.32
-2.79	50.32
-2.82	50.21
-2.82	50.21
-2.92	50.12
-2.92	50.12
-2.94	50.11
-2.94	50.11
-2.98	50.06
-2.98	50.06
-2.85	49.94
-2.85	49.94
-2.68	49.86
-2.78	49.67
-2.78	49.67
-2.75	49.42
-2.65	49.44
-2.65	49.44
-2.34	48.60
-2.39	46.86
-2.39	46.86
-2.76	44.40
-2.76	44.40
-2.76	44.40
-3.35	41.79
-3.90	38.49
-3.90	38.49
-4.41	34.86
-4.90	29.64
-4.90	29.64
-5.62	23.78
-5.67	17.00
-5.67	17.00
-5.40	10.42
-5.40	10.42
-5.40	10.42
-5.11	7.64
-4.49	6.13
-4.49	6.13
-3.75	6.13
-3.24	6.31
-3.24	6.31
-2.93	6.61
-2.89	6.83
-2.89	6.83
-2.89	6.83
-2.89	6.83
-2.83	6.34
-2.83	6.34
-2.85	6.01
-2.85	6.01
-2.75	5.63
-2.80	5.33
-2.80	5.33
-2.71	4.81
-2.71	4.81
-2.37	3.89
-2.37	3.89
-1.98	2.87
-1.51	0.85
-1.51	0.85
-1.18	-1.36
-0.89	-3.67
-0.89	-3.67
-0.59	-5.13
-0.59	-5.13
-0.59	-5.13
-0.63	-5.48
-0.68	-5.43
-0.68	-5.43
-0.87	-5.21
-0.97	-5.00
-0.97	-5.00
-1.16	-4.97
-1.16	-5.02
-1.16	-5.02
-1.19	-5.26
-1.19	-5.26
-0.96	-5.53
-0.96	-5.53
-0.63	-5.70
-0.63	-5.70
-0.06	-5.76
-0.06	-5.76
0.43	-5.78
0.43	-5.78
0.91	-5.85
0.91	-5.85
1.48	-5.71
1.48	-5.71
2.40	-5.56
2.40	-5.56
2.02	-5.42
2.02	-5.42
1.85	-5.32
1.85	-5.32
2.35	-5.44
3.14	-5.62
3.14	-5.62
3.14	-5.62
4.50	-6.17
6.51	-6.69
6.51	-6.69
9.27	-7.13
12.19	-7.48
12.19	-7.48
15.73	-7.74
15.73	-7.74
18.98	-7.87
22.40	-7.46
22.40	-7.46
25.34	-6.95
25.34	-6.95
27.48	-6.74
27.48	-6.74
28.46	-6.58
28.54	-6.63
28.54	-6.63
28.54	-6.63
28.39	-6.49
28.39	-6.49
28.39	-6.49
27.75	-6.28
27.75	-6.28
26.75	-6.20
25.51	-6.23
25.51	-6.23
24.22	-6.00
22.95	-5.84
22.95	-5.84
21.36	-5.77
21.36	-5.77
19.87	-5.73
18.70	-5.71
18.70	-5.71
17.80	-5.81
17.80	-5.81
17.30	-6.04
16.97	-6.29
16.97	-6.29
16.71	-6.32
16.71	-6.32
16.68	-6.35
16.68	-6.35
16.74	-6.36
16.84	-6.54
16.84	-6.54
16.82	-6.68
16.82	-6.68
16.83	-6.60
16.52	-6.64
16.52	-6.64
16.32	-6.46
16.32	-6.46
16.34	-6.61
15.95	-6.56
15.95	-6.56
15.79	-6.46
15.79	-6.46
15.50	-6.49
15.26	-6.50
15.26	-6.50
15.04	-6.58
15.04	-6.58
14.63	-6.69
14.63	-6.69
14.45	-7.05
14.07	-7.19
14.07	-7.19
13.69	-7.33
13.69	-7.33
13.63	-7.31
13.63	-7.31
13.35	-7.25
13.35	-7.25
13.15	-6.93
12.88	-6.86
12.68	-6.90
12.68	-6.90
12.40	-6.87
12.40	-6.87
11.98	-6.92
11.58	-6.97
11.58	-6.97
11.11	-6.85
11.11	-6.85
10.46	-6.66
10.46	-6.66
9.88	-6.33
9.35	-6.01
9.35	-6.01
8.78	-5.60
8.78	-5.60
8.33	-5.37
7.92	-5.41
7.92	-5.41
7.47	-5.38
7.47	-5.38
7.32	-5.29
7.09	-5.10
7.09	-5.10
6.93	-5.01
6.93	-5.01
6.92	-4.71
6.76	-4.34
6.76	-4.34
6.69	-3.98
6.69	-3.98
6.50	-3.63
6.50	-3.63
6.12	-3.21
5.67	-2.60
5.67	-2.60
5.08	-1.73
5.08	-1.73
4.35	-0.47
2.80	0.68
2.80	0.68
1.16	1.05
1.16	1.05
-0.22	0.88
-1.01	0.69
-1.01	0.69
-1.42	1.09
-1.42	1.09
-2.40	1.64
-2.40	1.64
-3.34	4.08
-5.56	7.25
-5.56	7.25
-6.86	10.02
-6.86	10.02
-8.21	13.07
-9.35	16.51
-9.35	16.51
-10.29	20.55
-10.29	20.55
-10.66	23.35
-10.85	26.23
-10.85	26.23
-10.46	28.86
-10.46	28.86
-9.75	30.75
-8.67	32.32
-8.67	32.32
-7.41	33.61
-7.41	33.61
-6.33	34.21
-6.33	34.21
-5.55	34.42
-5.07	34.68
-5.07	34.68
-4.64	34.68
-4.64	34.68
-4.64	34.53
-4.49	34.36
-4.49	34.36
-4.60	34.28
-4.60	34.28
-4.93	34.09
-5.30	33.74
-5.30	33.74
-5.81	33.53
-5.81	33.53
-6.23	32.95
-6.82	31.22
-6.82	31.22
-8.01	27.98
-8.01	27.98
-9.36	23.85
-9.36	23.85
-10.76	18.87
-12.42	12.74
-12.42	12.74
-14.25	7.57
-14.25	7.57
-16.40	3.64
-18.50	0.87
-18.50	0.87
-20.18	-0.64
-20.18	-0.64
-21.53	-1.21
-22.83	-1.47
-22.83	-1.47
-24.28	-1.57
-24.28	-1.57
-25.73	-1.44
-27.76	-1.61
-27.76	-1.61
-30.32	-1.69
-30.32	-1.69
-33.63	-1.02
-33.63	-1.02
-37.00	-0.16
-41.32	0.69
-41.32	0.69
-46.42	1.90
-46.42	1.90
-51.29	2.75
-56.10	3.60
-56.10	3.60
-60.86	4.51
-60.86	4.51
-65.51	5.46
-69.62	6.09
-69.62	6.09
-73.84	7.25
-73.84	7.25
-77.70	8.09
-81.76	8.62
-81.76	8.62
-85.06	8.91
-85.06	8.91
-88.14	9.52
-88.14	9.52
-90.93	9.70
-93.44	9.62
-93.44	9.62
-96.14	9.88
-96.14	9.88
-98.25	10.36
-99.89	11.67
-99.89	11.67
-101.33	13.28
-101.33	13.28
-102.72	14.07
-103.63	15.21
-103.63	15.21
-104.56	17.56
-104.56	17.56
-105.99	20.30
-107.50	24.55
-107.50	24.55
-108.73	28.84
-108.73	28.84
-109.80	32.13
-109.80	32.13
-110.72	35.77
-111.74	38.80
-111.74	38.80
-112.52	40.85
-112.52	40.85
-112.71	42.30
-112.71	42.30
-112.63	43.50
-113.03	44.20
-113.03	44.20
-112.77	43.82
-112.77	43.82
-112.71	43.42
-112.62	42.99
-112.62	42.99
-112.59	41.34
-112.65	39.48
-112.65	39.48
-112.13	37.37
-112.13	37.37
-112.13	37.37
-111.91	34.98
-111.91	34.98
-112.33	28.61
-112.33	28.61
-112.93	25.05
-112.93	25.05
-112.93	25.05
-114.63	17.78
-114.63	17.78
-115.11	14.43
-115.11	14.43
-115.11	14.43
-115.03	9.46
-115.03	9.46
-115.03	9.46
-114.87	8.73
-114.76	7.99
-114.15	7.19
-114.15	7.19
-113.83	6.29
-113.83	6.29
-113.16	5.35
-113.16	5.35
-112.59	4.15
-112.59	4.15
-111.91	2.86
-111.91	2.86
-110.61	2.06
-110.61	2.06
-105.92	0.81
-105.92	0.81
-103.00	0.10
-103.00	0.10
-100.11	-0.10
-100.11	-0.10
-96.95	-1.67
-96.95	-1.67
-93.09	-3.25
-93.09	-3.25
-82.82	-6.58
-82.82	-6.58
-76.96	-8.42
-76.96	-8.42
-70.47	-9.65
-70.47	-9.65
-63.96	-10.50
-63.96	-10.50
-57.13	-11.33
-57.13	-11.33
-50.73	-11.64
-50.73	-11.64
-38.59	-12.02
-38.59	-12.02
-33.05	-12.08
-33.05	-12.08
-27.99	-11.88
-27.99	-11.88
-23.40	-11.51
-23.40	-11.51
-19.12	-11.38
-19.12	-11.38
-12.55	-11.56
-12.55	-11.56
-10.20	-11.40
-10.20	-11.40
-8.14	-11.01
-8.14	-11.01
-6.35	-10.44
-6.35	-10.44
-4.63	-10.04
-4.63	-10.04
-2.91	-9.36
-2.91	-9.36
-0.05	-7.95
-0.05	-7.95
0.67	-7.48
0.67	-7.48
1.00	-7.30
1.00	-7.30
0.97	-7.08
0.97	-7.08
0.94	-7.13
0.94	-7.13
0.13	-7.12
0.13	-7.12
-0.08	-7.51
-0.08	-7.51
-0.06	-7.71
-0.06	-7.71
0.12	-7.66
0.12	-7.66
0.42	-7.48
0.42	-7.48
1.12	-7.61
1.12	-7.61
2.76	-7.71
2.76	-7.71
3.61	-7.62
3.61	-7.62
4.15	-7.46
4.15	-7.46
4.55	-6.43
4.55	-6.43
5.11	-4.96
5.11	-4.96
6.53	-3.42
6.53	-3.42
6.41	-4.19
6.41	-4.19
6.10	-5.32
6.10	-5.32
6.73	-4.60
6.73	-4.60
9.49	-3.57
9.49	-3.57
13.49	-3.01
13.49	-3.01
18.14	-2.89
18.14	-2.89
19.34	-0.95
19.34	-0.95
20.05	-1.51
20.05	-1.51
20.86	-1.87
20.86	-1.87
20.80	-1.68
20.80	-1.68
20.78	-1.59
20.78	-1.59
20.81	-1.21
20.81	-1.21
21.09	-1.26
21.09	-1.26
21.53	-0.95
21.53	-0.95
22.07	0.03
22.86	1.46
22.86	1.46
24.03	2.35
25.68	2.87
25.68	2.87
27.77	3.86
27.77	3.86
27.77	3.86
29.67	4.88
30.10	5.48
30.10	5.48
28.97	6.12
26.61	5.31
26.61	5.31
24.17	4.44
24.17	4.44
22.00	4.31
22.00	4.31
17.56	3.88
17.56	3.88
13.60	3.89
13.60	3.89
9.49	3.43
9.49	3.43
4.80	3.05
4.80	3.05
0.38	3.13
0.38	3.13
-4.03	2.96
-4.03	2.96
-11.41	3.03
-11.41	3.03
-14.05	3.01
-14.05	3.01
-15.74	3.07
-15.74	3.07
-17.19	3.43
-17.19	3.43
-18.98	3.79
-21.32	4.43
-21.32	4.43
-24.17	5.81
-27.29	7.26
-27.29	7.26
-30.12	8.18
-30.12	8.18
-32.87	8.47
-35.20	8.62
-35.20	8.62
-36.79	8.45
-36.79	8.45
-36.79	8.45
-38.08	8.80
-38.93	9.60
-38.93	9.60
-39.96	10.04
-39.96	10.04
-42.64	10.50
-46.43	10.96
-46.43	10.96
-51.21	11.71
-56.94	12.69
-56.94	12.69
-62.39	13.87
-62.39	13.87
-66.09	15.28
-66.09	15.28
-67.57	16.37
-67.57	16.37
-66.42	16.87
-66.42	16.87
-65.72	16.56
-65.72	16.56
-65.70	16.18
-65.70	16.18
-65.53	15.79
-65.31	15.66
-65.31	15.66
-65.16	15.64
-64.31	15.36
-64.31	15.36
-60.81	13.48
-60.81	13.48
-53.76	10.38
-53.76	10.38
-53.76	10.38
-44.46	7.73
-34.86	4.46
-34.86	4.46
-25.07	3.14
-14.35	1.04
-14.35	1.04
-4.19	0.35
-4.19	0.35
5.78	0.10
5.78	0.10
14.34	-0.15
20.97	-0.12
20.97	-0.12
24.15	-0.03
24.80	-0.23
24.80	-0.23
24.24	-0.55
23.10	-0.91
23.10	-0.91
22.16	-1.10
22.16	-1.10
22.16	-1.10
21.54	-1.10
21.40	-1.15
21.40	-1.15
21.17	-0.96
21.17	-0.96
21.02	-0.86
21.05	-0.70
21.05	-0.70
20.86	-0.74
20.61	-0.78
20.61	-0.78
20.06	-0.60
18.84	-0.60
18.84	-0.60
16.90	-0.57
16.90	-0.57
16.90	-0.57
12.79	0.16
12.79	0.16
12.79	0.16
11.62	0.60
11.35	0.96
11.35	0.96
11.60	1.17
11.81	1.22
11.81	1.22
12.02	1.37
12.15	1.61
12.15	1.61
12.21	1.86
12.21	1.86
12.21	1.86
12.71	2.24
13.06	2.38
13.06	2.38
13.34	2.61
13.60	2.85
13.60	2.85
13.84	2.65
13.84	2.56
13.84	2.56
14.08	2.61
14.08	2.61
14.08	2.61
14.19	2.60
14.62	2.38
14.62	2.38
16.03	1.79
17.80	0.57
17.80	0.57
19.07	-0.13
19.67	-0.79
19.67	-0.79
19.84	-1.22
19.94	-1.25
19.94	-1.25
19.94	-1.25
19.83	-0.95
19.83	-0.95
19.67	-0.71
19.39	-0.69
19.39	-0.69
19.10	-0.47
19.02	-0.43
19.02	-0.43
19.53	-0.50
19.82	-0.56
19.82	-0.56
20.23	-0.65
20.23	-0.65
20.23	-0.65
20.39	-0.54
20.31	-0.47
20.31	-0.47
19.99	0.12
19.77	1.12
19.77	1.12
19.05	2.71
19.05	2.71
19.05	2.71
14.12	11.93
14.12	11.93
11.78	16.49
11.78	16.49
9.45	21.39
9.45	21.39
7.64	26.51
7.64	26.51
6.39	31.17
6.39	31.17
5.63	35.34
5.63	35.34
5.07	37.52
4.01	38.42
4.01	38.42
3.22	38.70
3.22	38.70
2.65	39.73
2.65	39.73
2.57	39.88
2.57	39.88
2.45	39.35
2.45	39.35
2.33	39.18
1.92	39.13
1.92	39.13
1.92	39.13
1.60	39.11
1.60	39.11
1.39	39.08
1.25	38.87
1.25	38.87
1.29	38.20
0.27	35.90
0.27	35.90
-1.58	32.17
-3.71	27.36
-3.71	27.36
-5.52	22.94
-5.52	22.94
-5.52	22.94
-7.09	19.50
-8.48	15.14
-8.48	15.14
-9.74	9.91
-11.02	6.09
-11.02	6.09
-12.10	2.71
-12.64	-0.40
-12.64	-0.40
-12.94	-2.60
-12.94	-2.60
-12.94	-2.60
-12.91	-4.07
-12.95	-4.17
-12.95	-4.17
-12.76	-3.78
-12.55	-3.35
-12.55	-3.35
-12.57	-2.80
-12.69	-2.65
-12.69	-2.65
-13.75	-2.30
-16.48	-2.53
-16.48	-2.53
-20.16	-2.83
-20.16	-2.83
-20.16	-2.83
-23.33	-3.42
-25.46	-3.94
-25.46	-3.94
-25.91	-4.24
-25.64	-4.61
-25.64	-4.61
-25.31	-4.84
-24.94	-5.30
-24.94	-5.30
-24.40	-5.85
-24.40	-5.85
-23.77	-6.00
-23.77	-6.00
-23.05	-6.12
-22.76	-6.28
-22.76	-6.28
-22.51	-6.47
-22.56	-6.40
-22.56	-6.40
-22.56	-6.40
-22.61	-6.55
-22.61	-6.55
-22.72	-6.66
-22.88	-6.66
-22.88	-6.66
-22.86	-6.46
-22.86	-6.46
-22.94	-6.38
-22.94	-6.38
-22.92	-6.20
-22.92	-6.20
-22.92	-6.20
-22.93	-6.14
-22.93	-6.14
-22.92	-6.17
-22.82	-6.23
-22.82	-6.23
-22.70	-6.34
-22.61	-6.34
-22.61	-6.34
-22.60	-6.30
-22.82	-6.37
-22.82	-6.37
-22.71	-6.44
-22.71	-6.44
-22.74	-6.47
-22.74	-6.47
-22.63	-6.41
-22.63	-6.41
-22.59	-6.61
-22.53	-6.64
-22.53	-6.64
-22.51	-6.57
-22.51	-6.57
-22.47	-6.69
-22.38	-6.67
-22.38	-6.67
-22.20	-6.70
-22.20	-6.70
-21.86	-6.66
-21.76	-6.67
-21.76	-6.67
-21.69	-6.71
-21.69	-6.71
-21.78	-6.66
-21.78	-6.66
-21.97	-6.52
-21.88	-6.40
-21.88	-6.40
-21.68	-6.26
-21.68	-6.26
-21.40	-6.42
-21.14	-6.57
-21.14	-6.57
-20.86	-6.55
-20.86	-6.55
-20.76	-6.51
-20.70	-6.62
-20.70	-6.62
-20.69	-6.62
-20.69	-6.62
-20.38	-6.62
-20.38	-6.62
-20.27	-6.51
-20.11	-6.60
-20.11	-6.60
-19.37	-6.71
-19.37	-6.71
-17.74	-6.62
-14.72	-7.40
-14.72	-7.40
-11.01	-8.29
-11.01	-8.29
-7.19	-8.56
-4.11	-8.05
-4.11	-8.05
-2.76	-7.69
-2.76	-7.69
-2.13	-7.48
-2.13	-7.48
-1.82	-7.72
-1.87	-7.93
-1.87	-7.93
-1.92	-8.18
-1.92	-8.18
-1.75	-8.68
-1.56	-8.66
-1.56	-8.66
-1.61	-8.74
-1.61	-8.74
-0.80	-8.82
-0.80	-8.82
1.00	-8.82
2.92	-8.99
