-54.68	3.60
-55.03	3.66
-55.03	3.66
-55.62	3.70
-55.62	3.70
-56.25	3.66
-56.25	3.66
-56.72	3.73
-57.15	3.55
-57.15	3.55
-57.79	3.16
-57.97	3.02
-57.97	3.02
-57.89	2.57
-57.78	2.28
-57.78	2.28
-57.65	1.61
-57.46	1.42
-57.35	0.44
-57.33	-0.76
-57.33	-0.76
-56.82	-5.84
-56.59	-7.28
-55.87	-9.41
-55.18	-10.45
-55.18	-10.45
-54.03	-11.08
-53.55	-11.96
-53.55	-11.96
-52.90	-12.52
-52.90	-12.52
-53.07	-13.01
-53.07	-13.01
-52.50	-13.90
-52.50	-13.90
-50.89	-14.60
-50.89	-14.60
-48.30	-14.90
-47.58	-14.98
-46.44	-15.02
-46.44	-15.02
-44.84	-15.10
-44.84	-15.10
-43.71	-15.23
-43.47	-15.29
-42.99	-15.37
-42.80	-15.31
-42.80	-15.31
-42.63	-15.32
-42.63	-15.32
-42.68	-15.10
-42.68	-15.10
-42.63	-14.96
-42.63	-14.96
-42.56	-14.79
-42.56	-14.79
-42.43	-14.57
-42.43	-14.57
-42.42	-14.47
-42.42	-14.47
-42.52	-14.38
-42.52	-14.38
-42.43	-14.47
-42.31	-14.24
-41.86	-13.96
-41.86	-13.96
-40.24	-11.99
-40.24	-11.99
-36.58	-5.92
-35.03	-3.66
-32.31	-0.81
-31.04	0.04
-29.06	1.62
-29.06	1.62
-26.87	4.91
-26.87	4.91
-25.71	7.87
-25.42	8.83
-24.88	10.79
-24.48	11.94
-23.97	12.95
-23.97	12.95
-23.50	14.47
-23.50	14.47
-23.14	15.77
-23.14	15.77
-23.05	16.27
-23.05	16.27
-22.83	16.36
-22.83	16.36
-22.14	16.27
-21.45	16.34
-20.62	16.17
-20.27	16.22
-19.98	16.15
-19.83	16.14
-19.83	16.14
-19.49	16.28
-19.49	16.28
-19.10	16.45
-19.10	16.45
-18.66	16.54
-18.66	16.54
-17.97	16.51
-17.64	16.44
-16.38	16.39
-15.09	16.29
-15.09	16.29
-11.67	16.00
-9.23	15.84
-7.62	15.83
-4.50	16.13
-3.16	16.21
-1.05	16.65
0.26	16.81
0.26	16.81
1.97	17.63
2.90	18.00
2.90	18.00
4.28	18.95
4.81	19.23
5.46	19.72
5.46	19.72
6.48	20.46
6.48	20.46
7.32	20.99
7.32	20.99
8.16	21.39
8.60	21.58
8.80	21.61
9.19	21.82
9.38	21.92
9.46	21.98
9.69	22.27
9.74	22.33
9.74	22.33
9.86	22.61
9.89	22.91
9.89	22.91
9.93	23.02
9.67	22.97
9.67	22.97
9.45	23.17
9.44	23.26
9.49	23.35
9.42	23.29
9.28	23.27
9.16	23.46
9.14	23.57
9.01	23.61
8.97	23.77
8.91	23.95
8.91	23.95
8.76	24.08
8.69	24.27
8.69	24.33
8.41	24.42
8.41	24.42
7.98	24.46
7.85	24.49
7.62	24.53
7.42	24.45
6.93	24.36
6.93	24.36
6.76	24.36
6.72	24.36
6.80	24.26
7.05	24.23
7.05	24.23
8.09	23.70
8.56	23.54
9.58	23.16
10.17	23.04
11.51	22.82
12.55	22.64
13.24	22.57
14.55	22.26
15.68	22.12
16.49	21.91
17.97	21.49
19.35	21.02
19.35	21.02
22.04	20.41
23.68	19.79
25.37	19.28
29.05	18.41
31.55	17.78
31.55	17.78
34.38	16.28
35.24	15.43
35.24	15.43
36.53	13.44
37.11	12.49
38.10	11.34
39.35	10.37
39.35	10.37
42.16	8.84
43.34	8.44
45.24	8.12
46.50	8.28
48.64	8.59
48.64	8.59
52.68	9.50
54.17	9.68
56.08	9.83
56.08	9.83
58.16	9.58
59.11	9.56
59.11	9.56
60.22	9.65
60.22	9.65
61.33	9.27
61.33	9.27
62.57	8.96
62.57	8.96
63.62	8.76
63.62	8.76
64.35	8.29
64.48	8.23
64.48	8.23
65.15	8.25
65.15	8.25
65.77	7.91
65.77	7.91
66.48	7.78
66.77	7.59
66.82	7.54
66.82	7.54
66.80	8.01
66.80	8.01
66.83	8.24
66.83	8.24
67.09	8.62
67.18	8.74
67.40	8.53
67.47	8.43
67.47	8.43
67.39	8.20
67.39	8.20
67.56	8.27
67.56	8.27
67.59	7.96
67.59	7.96
65.94	5.79
65.94	5.79
60.43	-1.35
60.43	-1.35
58.59	-3.75
58.59	-3.75
56.99	-5.96
56.30	-6.91
54.15	-9.33
54.15	-9.33
52.93	-12.62
52.93	-12.62
50.42	-18.07
49.33	-20.13
48.03	-21.15
48.03	-21.15
45.04	-22.63
45.04	-22.63
41.88	-24.36
41.88	-24.36
38.31	-26.69
36.26	-27.52
33.23	-27.94
33.23	-27.94
28.07	-29.36
28.07	-29.36
25.90	-29.58
25.52	-29.54
25.52	-29.54
25.55	-28.99
25.73	-28.92
26.18	-28.48
26.18	-28.48
26.22	-28.35
25.88	-28.43
25.47	-28.49
25.12	-28.61
25.12	-28.61
24.90	-28.59
24.90	-28.59
24.78	-28.45
24.79	-28.33
24.77	-28.22
24.43	-27.79
24.29	-27.47
24.19	-27.33
24.05	-26.87
24.04	-26.57
24.05	-26.46
24.18	-26.13
24.29	-25.96
24.44	-25.62
24.44	-25.62
24.05	-24.90
23.53	-24.38
23.53	-24.38
22.06	-23.78
20.49	-23.04
17.57	-22.29
17.57	-22.29
12.79	-20.66
11.61	-19.43
11.61	-19.43
10.59	-17.75
10.59	-17.75
10.45	-16.49
10.55	-16.02
10.74	-15.23
10.82	-14.67
10.82	-14.67
10.54	-13.57
10.43	-12.97
10.41	-11.99
10.60	-11.23
10.84	-9.95
10.84	-9.95
11.35	-7.79
11.79	-7.21
12.68	-6.45
13.56	-5.93
13.56	-5.93
17.05	-4.11
20.35	-3.42
20.35	-3.42
24.20	-2.48
25.12	-1.69
25.12	-1.69
25.93	-0.25
25.93	-0.25
26.67	0.97
26.96	1.46
27.26	1.92
27.75	2.41
27.75	2.41
28.20	3.12
28.34	3.34
28.39	3.56
28.69	3.97
28.79	4.27
28.85	4.35
29.04	4.39
29.22	4.48
29.41	4.34
29.45	4.27
29.42	4.25
29.42	4.25
29.39	4.52
29.36	4.53
29.29	4.66
29.36	4.80
29.30	4.81
29.36	4.78
29.47	4.68
29.47	4.69
29.63	4.80
29.70	4.94
29.99	5.44
30.65	6.48
31.22	7.77
32.50	10.05
33.24	12.17
33.75	14.42
34.50	17.53
34.74	19.31
35.04	21.67
35.00	22.69
34.88	23.72
34.88	23.72
34.38	24.95
33.97	24.85
33.97	24.85
33.16	24.42
33.08	24.26
32.65	24.04
32.38	23.80
32.03	23.60
31.79	23.27
31.42	22.63
30.62	21.54
30.22	21.01
29.77	20.31
29.53	19.97
29.22	19.65
28.64	19.11
28.32	18.94
27.86	18.90
27.15	18.73
26.24	18.66
25.33	18.42
23.98	17.94
22.46	17.14
20.36	16.18
18.46	15.40
16.74	14.48
14.80	13.75
13.10	12.83
11.42	11.17
9.86	9.88
6.52	8.50
6.52	8.50
1.03	7.02
-0.95	7.19
-2.61	6.98
-3.94	6.77
-5.27	6.45
-6.50	6.24
-7.49	6.11
-8.08	6.14
-8.70	5.93
-10.10	5.61
-11.84	5.30
-13.52	5.08
-15.73	5.22
-18.01	5.14
-20.26	5.59
-23.17	6.01
-26.16	6.59
-31.87	7.73
-36.39	7.88
-40.64	7.79
-44.25	8.54
-47.96	9.39
-50.72	9.72
-53.38	10.17
-55.99	10.39
-58.69	10.70
-61.82	11.24
-65.05	11.53
-67.97	11.38
-70.90	10.99
-73.35	10.91
-75.93	10.12
-78.32	9.90
-80.58	9.70
-82.45	9.28
-83.66	8.68
-85.36	7.61
-86.44	6.73
-87.55	4.95
-87.60	2.30
-87.20	0.18
-87.88	-0.94
-87.88	-0.94
-89.52	-1.88
-89.52	-1.88
-91.17	-2.53
-91.17	-2.53
-93.25	-2.47
-93.25	-2.47
-96.08	-1.85
-96.08	-1.85
-99.13	-1.50
-99.13	-1.50
-103.89	-1.31
-103.89	-1.31
-110.12	-1.27
-110.12	-1.27
-112.27	-1.62
-112.31	-1.60
-112.31	-1.60
-113.05	-1.47
-113.71	-1.47
-114.43	-1.64
-115.07	-1.84
-115.27	-1.99
-115.77	-2.44
-116.11	-2.58
-116.72	-2.75
-116.72	-2.75
-117.29	-3.16
-117.29	-3.16
-118.00	-3.12
-118.42	-3.03
-118.72	-3.10
-118.85	-3.19
-118.98	-3.17
-118.94	-3.06
-118.96	-2.80
-118.82	-2.46
-118.82	-2.46
-118.03	0.34
-116.94	2.70
-115.72	4.41
-115.25	5.15
-115.00	6.27
-114.71	7.24
-114.17	7.77
-113.02	9.49
-112.35	10.39
-111.63	11.10
-111.03	11.82
-110.32	12.16
-109.82	12.59
-108.58	12.82
-106.94	12.59
-106.30	12.46
-105.54	12.49
-104.46	12.21
-102.57	12.15
-98.81	11.69
-94.39	10.81
-91.26	10.57
-88.09	10.00
-87.48	10.36
-87.15	10.28
-86.03	10.11
-84.38	9.79
-82.68	9.67
-81.04	9.30
-78.94	8.33
-76.84	7.90
-74.28	7.05
-71.63	6.04
-68.98	5.94
-68.98	5.94
-63.63	4.69
-61.19	4.22
-57.20	3.30
-54.07	2.81
-50.69	2.26
-47.79	1.61
-45.14	1.31
-42.32	0.88
-39.73	0.63
-37.30	0.42
-34.61	0.19
-31.84	-0.10
-29.10	-0.09
-26.01	0.03
-23.29	-0.01
-20.38	-0.18
-20.38	-0.18
-15.26	-0.02
-13.24	0.13
-11.37	0.34
-8.25	1.32
-4.04	2.96
-0.61	3.73
2.10	3.92
4.47	4.39
6.75	5.13
8.70	5.84
10.33	6.21
11.74	6.86
12.98	7.11
13.70	7.15
14.36	7.30
14.88	7.52
15.38	7.62
15.78	7.55
16.15	7.49
16.65	7.62
17.17	7.69
17.54	7.68
17.96	7.71
18.40	7.78
18.89	7.84
19.28	7.92
19.49	8.17
19.80	8.15
19.87	8.29
20.03	8.39
20.00	8.62
20.04	8.75
20.03	8.98
19.94	9.18
19.78	9.49
19.76	9.67
19.73	9.93
19.45	10.66
19.21	11.26
19.21	11.83
18.93	12.54
18.90	13.06
18.70	13.32
18.70	13.32
18.57	13.41
18.60	13.47
18.68	13.41
18.73	13.33
18.77	13.37
18.80	13.29
18.73	13.37
18.59	13.18
18.47	13.12
18.39	13.13
18.38	13.00
18.22	13.01
17.95	12.96
18.03	13.13
17.99	13.01
17.74	12.98
17.44	13.12
17.40	13.15
17.15	13.23
16.89	13.30
16.19	13.37
15.52	13.48
14.69	13.58
14.16	13.69
13.84	13.85
13.84	13.85
13.94	13.67
13.94	13.67
14.48	13.55
14.67	13.51
14.64	13.48
14.85	13.41
15.10	13.43
15.26	13.06
15.02	12.40
14.89	12.36
14.82	12.53
14.74	12.52
14.66	12.33
14.45	12.01
14.23	11.91
14.12	11.95
13.99	11.64
13.98	11.29
14.13	10.88
14.40	10.34
14.90	9.53
15.43	8.33
15.97	5.89
16.54	3.32
17.10	0.86
17.83	-1.95
19.26	-3.46
20.83	-5.31
21.88	-7.40
22.66	-8.11
23.15	-9.16
23.55	-9.58
23.93	-9.67
24.06	-9.80
24.21	-10.00
24.16	-10.16
24.37	-10.14
24.41	-10.26
24.64	-10.21
24.94	-9.96
25.30	-9.72
25.57	-9.55
25.53	-9.70
25.44	-9.67
25.81	-9.73
26.02	-9.88
26.28	-9.83
26.57	-9.59
26.82	-9.47
27.17	-9.36
27.42	-9.32
27.64	-9.17
27.93	-9.19
28.00	-9.18
28.23	-9.07
28.54	-8.95
28.76	-9.04
29.04	-8.86
29.04	-8.86
30.12	-8.74
30.65	-8.67
31.27	-8.71
32.01	-8.75
32.76	-8.60
34.06	-8.47
35.10	-8.38
36.19	-8.23
37.37	-8.26
38.27	-7.98
39.51	-7.56
40.71	-7.25
41.63	-7.11
42.69	-6.92
43.61	-6.49
45.23	-5.92
46.47	-5.57
47.94	-4.98
49.61	-4.68
51.19	-4.16
53.28	-3.05
57.04	-1.70
60.09	-0.86
62.67	-0.31
65.02	0.63
67.40	1.61
69.85	2.64
72.40	3.42
74.46	3.98
77.30	4.53
79.43	4.93
81.95	5.08
84.25	4.98
86.90	4.65
89.42	4.23
91.26	4.02
92.96	3.69
94.18	3.39
95.21	3.38
95.77	3.02
96.15	2.89
96.69	2.71
97.41	2.97
98.85	3.32
100.21	3.40
101.19	3.40
101.66	3.67
102.09	4.19
102.82	4.63
103.15	4.68
103.38	5.08
103.37	5.38
103.15	5.33
102.74	5.33
102.63	5.34
102.97	5.19
103.32	5.04
103.89	4.82
104.03	4.34
104.20	4.06
104.68	3.22
105.73	2.34
107.48	1.55
109.64	0.71
111.67	0.22
113.06	-0.15
114.05	-0.19
114.46	-0.20
114.47	-0.04
115.09	0.13
115.85	0.48
116.71	0.57
116.88	0.72
117.05	0.79
116.75	0.68
116.19	0.55
115.72	0.94
115.30	1.20
114.69	1.37
113.92	2.07
113.00	2.55
112.31	2.87
111.40	3.66
110.17	4.81
109.52	5.57
108.81	7.07
108.65	9.10
108.62	10.60
108.01	12.14
107.54	13.52
107.01	14.70
106.54	16.72
106.66	17.80
106.92	18.57
107.55	19.12
108.28	19.75
109.10	20.00
109.82	20.21
110.55	20.35
111.39	20.56
111.71	21.23
111.46	22.14
111.34	23.31
111.32	24.99
111.29	26.30
110.69	28.11
109.92	29.28
108.69	30.92
107.23	32.53
105.60	34.16
103.94	35.55
103.21	36.56
102.08	37.33
101.17	38.25
100.86	38.75
99.65	39.28
99.12	39.52
99.26	40.41
98.70	41.15
98.58	41.57
98.07	41.86
98.24	42.24
98.55	42.62
98.65	43.09
99.61	43.27
99.28	43.29
98.85	43.04
99.25	43.06
99.78	43.20
101.10	43.31
101.96	43.51
102.37	43.40
103.23	43.35
103.85	43.55
104.13	43.68
104.29	43.67
103.33	44.12
102.79	44.47
102.47	44.93
102.75	45.24
102.53	45.41
102.21	45.34
101.62	45.27
100.89	44.86
100.64	44.83
100.52	45.15
100.88	45.22
100.93	45.27
101.30	45.27
102.16	45.23
102.68	45.06
102.92	44.98
103.28	44.85
104.52	44.45
106.86	44.03
109.73	43.06
112.34	42.00
114.73	41.07
116.11	40.13
118.00	39.25
119.90	38.40
122.19	37.56
123.65	37.31
125.06	36.65
126.78	36.30
128.48	35.76
130.00	34.91
131.57	33.95
132.77	32.98
134.41	32.40
135.70	31.58
137.01	30.76
138.03	29.92
138.86	29.04
139.94	27.92
140.87	26.17
142.08	25.12
143.63	23.81
145.02	22.48
146.13	21.53
147.26	20.58
148.09	19.67
149.13	18.63
150.17	17.79
150.87	16.81
151.27	15.94
151.56	15.38
151.88	14.89
152.37	14.53
152.68	14.11
152.83	13.73
153.38	13.30
153.93	12.82
154.37	11.92
154.55	11.00
154.64	10.28
154.24	9.92
153.94	9.70
154.00	9.09
154.15	8.93
154.21	8.81
154.50	8.39
155.25	7.90
156.16	7.45
157.39	6.58
158.56	5.62
159.50	4.74
160.79	3.87
161.60	2.70
162.41	1.86
163.23	1.15
163.96	0.66
164.42	0.46
164.30	-0.29
164.73	-0.43
165.09	-0.80
165.65	-1.29
166.15	-1.82
166.71	-2.34
167.41	-2.82
168.24	-3.19
168.91	-3.51
169.78	-3.78
170.34	-4.49
171.04	-5.37
171.92	-6.25
172.63	-7.41
173.20	-8.48
173.27	-9.72
173.51	-10.38
173.76	-11.53
173.32	-12.23
173.51	-12.76
173.28	-13.11
172.99	-12.91
172.91	-13.13
172.57	-13.15
173.11	-13.23
174.46	-13.32
176.12	-13.48
178.50	-13.78
-178.52	-14.71
-175.20	-16.49
-172.22	-18.10
-170.53	-18.98
-169.79	-19.40
-169.73	-19.81
-169.73	-20.38
-169.52	-20.98
-169.10	-21.27
-168.74	-21.22
-168.38	-21.61
-168.33	-22.33
-168.80	-22.92
-169.67	-24.21
-170.25	-25.02
-170.85	-26.20
-171.07	-26.72
-170.26	-26.92
-170.75	-28.53
-171.16	-30.64
-172.55	-33.40
-173.55	-34.79
-173.85	-36.19
-175.05	-37.90
-175.14	-38.46
-175.62	-39.11
-175.37	-38.89
-175.56	-38.77
-175.56	-38.86
-175.85	-39.24
-176.31	-39.30
-176.57	-39.94
-176.77	-40.51
-177.27	-41.88
-178.45	-43.72
178.83	-45.53
174.82	-47.90
172.13	-49.48
170.21	-50.49
168.23	-51.64
167.20	-52.31
166.10	-53.01
166.85	-53.06
167.07	-53.56
167.38	-54.42
167.66	-54.87
166.96	-55.47
166.17	-56.15
165.97	-57.05
164.89	-58.26
163.67	-58.51
161.99	-58.74
161.25	-58.68
160.94	-59.29
159.93	-61.13
158.42	-63.67
158.87	-65.89
159.58	-66.60
160.56	-66.82
160.60	-66.72
160.11	-67.16
160.19	-67.80
159.92	-67.90
159.85	-67.90
159.82	-67.58
159.84	-67.23
159.81	-67.61
159.81	-67.87
159.74	-67.95
160.33	-67.57
160.15	-67.45
160.56	-67.51
160.70	-67.14
160.90	-67.20
160.76	-67.50
160.37	-67.44
159.97	-67.12
159.65	-67.35
159.91	-67.39
160.34	-66.99
160.18	-66.85
160.23	-66.66
159.94	-66.64
159.83	-66.48
161.16	-65.90
164.33	-64.81
168.12	-62.65
172.54	-60.73
176.26	-59.69
178.48	-58.06
-179.65	-56.50
-178.37	-54.29
-177.66	-53.11
-177.10	-52.73
-177.21	-51.95
-176.87	-51.91
-176.56	-51.61
-176.66	-51.23
-176.72	-50.94
-176.42	-50.59
-176.48	-50.77
-176.05	-50.31
-175.84	-50.11
-175.12	-49.44
-173.86	-49.33
-173.51	-48.70
-173.12	-48.36
-173.16	-48.09
-173.46	-47.47
-173.42	-47.09
-172.17	-47.01
-168.53	-46.65
-162.49	-46.27
-156.68	-46.43
-152.64	-46.09
-150.80	-45.13
-150.51	-44.37
-150.68	-43.79
-151.25	-43.52
-151.80	-43.29
-151.87	-42.97
-151.58	-42.48
-150.50	-41.94
-148.92	-41.41
-147.74	-40.85
-146.93	-40.45
-146.23	-40.04
-145.85	-39.60
-145.83	-39.47
-146.00	-39.24
-145.98	-39.11
-145.68	-38.74
-145.47	-38.61
-145.18	-38.31
-144.91	-37.85
-144.99	-37.21
-145.04	-36.21
-145.06	-35.66
-144.83	-35.42
-144.75	-35.08
-144.71	-34.19
-145.31	-33.19
-146.12	-32.37
-146.50	-31.75
-146.60	-31.46
-146.66	-31.07
-146.77	-30.52
-146.69	-29.61
-146.23	-28.03
-145.48	-25.97
-143.44	-23.06
-141.05	-21.14
-139.91	-19.54
-139.58	-18.57
-140.12	-18.10
-140.52	-17.25
-140.75	-16.75
-140.85	-16.10
-140.58	-15.49
-140.09	-15.37
-139.61	-15.11
-139.28	-15.12
-138.84	-15.12
-138.54	-15.07
-138.71	-14.78
-138.83	-15.02
-139.33	-15.43
-139.71	-15.46
-139.90	-15.46
-140.21	-15.65
-140.28	-15.50
-140.66	-15.42
-140.70	-15.57
-141.08	-15.63
-141.78	-15.44
-142.00	-15.12
-144.91	-14.92
-149.06	-14.20
-154.30	-13.28
-158.04	-11.90
-159.44	-10.68
-162.12	-9.93
-162.86	-9.06
-163.76	-8.72
-164.80	-8.69
-165.39	-8.60
-166.27	-8.17
-166.71	-7.94
-167.81	-7.70
-168.48	-7.69
-168.86	-7.71
-169.94	-8.07
-170.93	-8.39
-172.10	-8.75
-173.02	-8.74
-173.61	-8.81
-174.50	-9.29
-175.04	-9.33
-175.44	-9.50
-176.25	-9.61
-176.69	-9.37
-177.37	-9.36
-178.66	-9.77
179.32	-10.42
175.45	-12.00
171.58	-14.00
167.48	-16.58
163.33	-19.47
160.23	-20.92
156.69	-22.58
152.33	-25.61
147.23	-30.04
141.95	-34.77
137.84	-37.99
135.90	-39.81
134.83	-41.38
134.83	-42.67
135.29	-44.40
135.64	-46.93
136.03	-49.19
136.66	-51.75
136.58	-53.67
135.97	-54.36
135.45	-55.39
134.35	-55.55
133.34	-56.57
132.91	-58.86
132.48	-59.79
132.28	-61.73
132.16	-62.99
132.28	-64.12
132.27	-65.57
132.23	-65.98
132.49	-67.27
132.44	-67.99
131.97	-68.50
132.22	-69.42
132.34	-69.73
131.96	-70.47
131.84	-71.06
131.17	-71.49
130.96	-71.84
130.40	-72.30
130.25	-72.71
130.05	-73.52
129.94	-74.31
128.87	-75.06
128.34	-75.67
127.74	-75.81
127.24	-76.24
126.57	-76.73
125.74	-77.21
125.22	-77.60
122.75	-77.71
119.25	-77.77
113.39	-77.46
107.50	-76.55
102.75	-75.85
99.27	-74.51
97.62	-73.53
97.98	-72.67
99.26	-72.35
100.86	-72.44
102.58	-72.23
103.94	-72.03
106.65	-71.97
106.78	-71.64
106.82	-71.21
106.10	-70.76
105.24	-70.34
104.19	-69.86
103.22	-69.35
103.05	-69.07
104.19	-68.98
105.81	-68.78
107.35	-68.54
108.51	-68.36
109.33	-68.29
109.90	-68.09
110.47	-67.91
111.05	-67.77
111.47	-67.64
111.70	-67.56
112.31	-67.43
112.68	-66.99
112.63	-66.54
113.57	-65.86
115.12	-64.68
116.12	-63.19
117.72	-61.86
118.94	-60.19
120.52	-58.30
121.91	-56.33
123.67	-53.67
125.25	-50.76
126.92	-48.11
128.01	-46.31
128.75	-45.12
129.66	-42.81
130.73	-40.61
132.22	-38.47
132.96	-36.33
134.48	-32.93
135.80	-29.67
136.99	-27.48
137.80	-25.30
138.90	-22.45
140.36	-19.33
142.80	-15.13
147.26	-11.20
152.11	-9.21
156.87	-7.59
159.51	-6.79
162.65	-5.54
164.02	-4.42
166.14	-2.95
167.41	-2.77
168.77	-2.06
169.70	-1.43
170.50	-1.28
171.32	-1.23
172.28	-0.84
172.66	-0.34
173.36	0.27
174.72	0.86
175.33	1.22
176.15	1.74
176.63	2.01
176.75	1.91
177.01	2.27
177.24	2.29
177.50	2.33
177.76	2.34
178.25	2.20
178.65	2.08
178.98	1.53
179.45	1.06
180.05	0.55
-179.82	0.29
-179.49	0.13
-179.11	0.30
-178.95	0.44
-178.64	0.70
-178.26	0.63
-177.89	0.69
-177.53	0.75
-177.40	0.90
-177.16	1.27
-176.88	1.64
-176.73	1.62
-176.79	1.75
-176.59	1.74
-176.30	1.90
-175.99	1.95
-175.72	2.03
-175.51	2.22
-175.02	2.22
-174.83	2.29
-174.45	2.28
-174.02	2.27
-173.54	2.21
-173.03	2.11
-172.28	2.19
-171.63	2.22
-170.85	2.39
-169.71	2.26
-168.18	2.21
-165.48	2.19
-161.43	1.76
-156.27	0.31
-150.33	-1.85
-143.56	-3.82
-135.54	-6.03
-129.84	-8.48
-125.66	-9.52
-123.05	-10.01
-121.07	-10.85
-119.50	-11.65
-118.24	-12.65
-117.33	-13.79
-116.62	-14.27
-115.95	-14.74
-115.40	-15.01
-114.95	-15.11
-114.56	-15.19
-114.01	-15.51
-113.67	-15.76
-113.29	-15.81
-112.64	-15.92
-111.82	-16.21
-110.40	-16.20
-109.08	-16.56
-107.95	-17.60
-107.18	-18.40
-106.24	-19.19
-105.82	-19.62
-105.45	-19.71
-105.06	-19.92
-104.93	-20.13
-104.66	-19.98
-104.64	-19.94
-104.96	-19.77
-105.24	-19.85
-105.76	-19.50
-106.02	-19.15
-106.18	-18.50
-106.04	-17.61
-106.42	-17.41
-106.85	-16.31
-107.25	-16.21
-107.25	-16.21
-107.72	-15.70
-108.34	-15.52
-108.34	-15.52
-111.97	-15.86
-114.17	-15.91
-114.17	-15.91
-115.23	-15.56
-115.40	-15.32
-115.44	-15.05
-115.60	-15.43
-115.60	-15.43
-116.09	-15.47
-116.60	-15.55
-116.60	-15.55
-117.32	-15.22
-118.02	-14.80
-118.39	-14.30
-118.56	-13.62
-117.99	-12.96
-117.43	-12.28
-116.61	-11.21
-116.61	-11.21
-115.92	-9.76
-115.39	-9.01
-115.39	-9.01
-114.83	-7.15
-114.62	-5.80
-114.41	-3.71
-114.12	-0.64
-114.12	-0.64
-113.95	2.13
-113.96	2.79
-113.96	2.79
-113.89	3.44
-113.32	3.91
-113.32	3.91
-112.47	4.32
-111.55	4.72
-111.55	4.72
-110.86	5.41
-110.20	6.37
-110.20	6.37
-109.45	7.55
-108.70	8.09
-108.70	8.09
-108.31	8.63
-107.66	8.86
-107.66	8.86
-106.30	9.29
-104.48	9.59
-104.48	9.59
-102.10	8.47
-100.24	7.25
-100.24	7.25
-98.63	5.49
-97.92	4.48
-96.53	2.01
-96.53	2.01
-94.91	-1.89
-92.98	-4.95
-92.98	-4.95
-92.73	-10.15
-92.20	-15.38
-92.20	-15.38
-92.07	-19.16
-91.35	-21.99
-91.35	-21.99
-91.09	-23.60
-90.27	-25.04
-90.27	-25.04
-90.47	-27.02
-90.20	-27.95
-90.20	-27.95
-90.35	-28.56
-90.58	-30.31
-90.58	-30.31
-90.70	-31.62
-90.53	-32.55
-90.32	-34.78
-90.32	-34.78
-89.50	-37.42
-88.81	-40.20
-88.81	-40.20
-87.49	-42.24
-86.74	-42.62
-86.74	-42.62
-86.25	-42.90
-86.42	-42.86
-86.42	-42.86
-86.74	-42.91
-86.74	-42.75
-86.74	-42.75
-86.53	-42.83
-86.29	-42.92
-86.29	-42.92
-86.30	-42.55
-86.49	-42.39
-86.49	-42.39
-86.48	-42.14
-86.48	-42.08
-86.48	-42.08
-86.65	-41.74
-87.86	-39.59
-87.86	-39.59
-95.10	-33.40
-103.65	-25.27
-103.65	-25.27
-112.30	-17.72
-119.22	-10.53
-119.22	-10.53
-124.97	-2.23
-124.97	-2.23
-127.17	3.03
-128.41	3.80
-128.41	3.80
-129.26	5.15
-129.87	5.47
-129.87	5.47
-129.53	6.36
-129.14	6.80
-129.14	6.80
-129.06	6.74
-129.22	7.31
-129.22	7.31
-129.45	7.49
-129.65	7.79
-129.65	7.79
-129.97	8.16
-130.17	8.92
-130.17	8.92
-130.22	9.46
-130.51	10.43
-130.51	10.43
-130.68	11.86
-130.93	13.45
-130.93	13.45
-131.26	15.08
-131.56	16.46
-131.56	16.46
-132.03	17.08
-132.18	17.68
-132.18	17.68
-132.24	17.56
-132.31	17.56
-132.31	17.56
-132.44	17.89
-132.49	18.33
-132.49	18.33
-132.69	18.42
-132.69	18.45
-132.69	18.45
-132.63	18.32
-132.92	18.30
-132.92	18.30
-132.99	18.18
-133.20	18.01
-133.20	18.01
-133.19	18.01
-132.78	17.49
-132.78	17.49
-132.00	14.90
-132.00	14.90
-128.20	0.96
-128.20	0.96
-125.94	-4.46
-123.71	-10.96
-123.71	-10.96
-120.59	-15.65
-118.76	-19.80
-118.76	-19.80
-117.67	-20.84
-117.67	-20.84
-117.07	-22.62
-116.31	-24.12
-116.31	-24.12
-115.83	-25.36
-115.50	-26.66
-115.50	-26.66
-114.93	-27.65
-114.77	-28.28
-114.77	-28.28
-114.76	-28.36
-114.79	-28.48
-114.79	-28.48
-114.67	-27.92
-114.67	-27.92
-114.69	-27.95
-114.42	-28.08
-114.42	-28.08
-113.58	-27.94
-113.58	-27.94
-112.94	-28.33
-112.69	-28.37
-112.69	-28.37
-112.56	-28.28
-112.56	-28.28
-112.46	-28.16
-112.46	-28.16
-112.71	-27.89
-112.46	-27.68
-112.46	-27.68
-112.56	-27.41
-112.56	-27.41
-112.69	-27.34
-112.69	-27.34
-112.60	-27.35
-112.60	-27.35
-112.18	-27.45
-112.18	-27.45
-111.86	-27.64
-111.86	-27.64
-111.71	-27.73
-111.76	-27.49
-111.76	-27.49
-111.83	-27.24
-114.81	-22.18
-114.81	-22.18
-121.85	-13.16
-129.89	-4.14
-129.89	-4.14
-137.71	3.38
-142.62	7.39
-142.62	7.39
-144.88	10.16
-145.78	12.88
-145.78	12.88
-146.37	15.45
-147.85	17.85
-147.85	17.85
-149.15	19.92
-149.86	21.60
-149.86	21.60
-150.75	23.54
-152.49	25.38
-152.49	25.38
-154.13	26.60
-155.26	27.59
-155.26	27.59
-157.36	28.70
-157.36	28.70
-158.68	28.83
-158.91	28.78
-158.91	28.78
-159.28	28.77
-160.10	28.87
-160.10	28.87
-161.01	29.04
-161.01	29.04
-161.96	28.84
-161.96	28.84
-162.96	28.33
-164.38	26.98
-164.38	26.98
-167.33	20.60
-167.33	20.60
-169.61	13.14
-169.61	13.14
-170.85	8.98
-170.85	8.98
-171.60	5.53
-172.08	1.70
-172.08	1.70
-172.90	-1.85
-173.81	-7.25
-173.81	-7.25
-174.79	-9.56
-174.79	-9.56
-175.52	-12.38
-175.52	-12.38
-175.95	-14.86
-175.95	-14.86
-176.10	-18.33
-176.10	-18.33
-175.84	-22.54
-175.84	-22.54
-175.26	-27.62
-175.14	-30.50
-175.14	-30.50
-175.18	-32.95
-175.02	-33.68
-175.02	-33.68
-175.27	-34.11
-175.27	-34.11
-175.15	-35.09
-175.15	-35.09
-174.91	-35.40
-174.91	-35.40
-174.98	-35.90
-174.98	-35.90
-176.29	-36.77
-176.29	-36.77
-179.12	-37.42
-179.12	-37.42
179.67	-37.28
179.67	-37.28
179.57	-37.12
179.57	-37.12
179.87	-36.77
179.87	-36.77
180.03	-37.47
180.03	-37.47
179.65	-39.48
179.65	-39.48
179.71	-41.96
179.71	-41.96
-180.04	-44.57
-180.04	-44.57
-178.49	-48.55
-178.49	-48.55
-176.52	-50.94
-176.52	-50.94
-175.71	-52.34
-175.71	-52.34
-174.86	-53.92
-174.92	-54.58
-174.92	-54.58
-174.37	-55.18
-174.37	-55.18
-174.68	-56.97
-174.68	-56.97
-174.59	-58.58
-174.59	-58.58
-174.06	-59.83
-173.02	-61.09
-173.02	-61.09
-170.80	-63.17
-170.80	-63.17
-168.09	-65.51
-168.09	-65.51
-164.56	-67.85
-164.56	-67.85
-158.73	-69.63
-158.73	-69.63
-151.78	-70.38
-151.78	-70.38
-144.25	-70.61
-144.25	-70.61
-135.31	-69.50
-135.31	-69.50
-121.51	-66.94
-121.51	-66.94
-106.43	-62.90
-106.43	-62.90
-95.29	-58.14
-95.29	-58.14
-91.35	-56.20
-91.35	-56.20
-93.35	-56.02
-93.35	-56.02
-95.78	-55.58
-95.78	-55.58
-93.86	-54.42
-93.86	-54.42
-90.70	-51.99
-90.70	-51.99
-86.43	-46.89
-86.43	-46.89
-82.63	-41.91
-82.63	-41.91
-80.87	-38.36
-80.87	-38.36
-80.33	-34.53
-80.33	-34.53
-79.57	-31.56
-79.57	-31.56
-79.42	-29.38
-79.42	-29.38
-80.14	-27.06
-80.14	-27.06
-80.83	-23.64
-80.83	-23.64
-82.09	-20.02
-82.09	-20.02
-83.65	-16.77
-83.65	-16.77
-85.05	-14.69
-85.05	-14.69
-86.29	-12.18
-86.29	-12.18
-88.28	-12.74
-88.28	-12.74
-91.73	-15.67
-91.73	-15.67
-92.99	-15.40
-92.99	-15.40
-91.03	-12.46
-91.03	-12.46
-86.25	-7.29
-86.25	-7.29
-81.73	-2.37
-81.73	-2.37
-79.46	-0.29
-79.46	-0.29
-78.52	1.10
-78.52	1.10
-78.63	3.53
-78.63	3.53
-79.65	6.28
-79.65	6.28
-80.91	9.33
-80.91	9.33
-82.43	11.81
-82.43	11.81
-83.33	13.72
-83.33	13.72
-84.10	14.57
-84.10	14.57
-83.90	14.01
-83.90	14.01
-84.05	14.05
-84.05	14.05
-84.45	13.91
-84.80	12.40
-84.80	12.40
-87.25	5.88
-87.25	5.88
-89.21	-6.56
-89.21	-6.56
-91.21	-14.57
-91.21	-14.57
-91.85	-17.36
-92.90	-18.17
-92.90	-18.17
-93.47	-18.33
-93.83	-18.77
-93.83	-18.77
-94.81	-19.12
-95.67	-19.39
-95.67	-19.39
-96.30	-20.18
-96.85	-20.61
-96.85	-20.61
-98.96	-21.38
-101.74	-22.23
-101.74	-22.23
-105.70	-22.74
-109.75	-23.07
-109.75	-23.07
-120.15	-22.74
-130.69	-21.92
-130.69	-21.92
-142.91	-20.42
-150.08	-19.56
-150.08	-19.56
-154.19	-19.15
-154.89	-18.87
-154.89	-18.87
-155.06	-18.47
-155.90	-17.87
-155.90	-17.87
-157.56	-17.36
-158.77	-16.99
-158.77	-16.99
-160.79	-15.69
-162.63	-15.01
-162.63	-15.01
-165.47	-14.36
-166.88	-14.20
-166.88	-14.20
-168.62	-14.08
-170.97	-14.69
-170.97	-14.69
-174.14	-15.22
-174.71	-14.96
-174.71	-14.96
-174.63	-15.03
-174.97	-14.41
-174.97	-14.41
-175.78	-14.43
-176.31	-14.41
-176.31	-14.41
-177.10	-14.05
-177.34	-13.94
-177.34	-13.94
-177.49	-13.72
-177.35	-13.58
-177.35	-13.58
-177.58	-13.61
-177.68	-13.57
-177.68	-13.57
-177.95	-13.19
-178.20	-12.83
-178.20	-12.83
-178.86	-12.45
-179.00	-12.27
-179.00	-12.27
-179.32	-12.17
-179.32	-12.17
180.09	-11.54
180.09	-11.54
177.98	-9.94
177.98	-9.94
171.37	-5.48
171.37	-5.48
164.13	-1.44
164.13	-1.44
157.86	2.11
157.86	2.11
151.95	5.62
151.95	5.62
147.94	8.36
147.94	8.36
144.75	10.50
144.75	10.50
141.47	11.67
141.47	11.67
138.23	12.04
138.23	12.04
136.21	11.75
136.21	11.75
134.07	11.43
134.07	11.43
131.05	10.66
131.05	10.66
126.79	9.60
126.79	9.60
122.67	7.86
122.67	7.86
118.85	6.36
118.85	6.36
115.52	4.60
115.52	4.60
112.51	2.83
112.51	2.83
111.16	1.82
111.16	1.82
111.25	1.02
111.25	1.02
111.77	0.79
111.77	0.79
112.10	0.86
112.10	0.86
112.30	1.27
112.30	1.27
112.47	1.56
112.47	1.56
111.84	1.81
111.84	1.81
110.09	2.19
110.09	2.19
108.61	2.83
108.61	2.83
107.49	3.76
107.49	3.76
104.93	5.28
104.93	5.28
101.93	7.26
101.93	7.26
99.54	8.72
99.54	8.72
97.95	9.91
97.95	9.91
95.98	11.26
95.98	11.26
93.69	11.53
93.69	11.53
91.42	12.48
91.42	12.48
89.13	13.37
89.13	13.37
86.15	14.58
86.15	14.58
83.45	15.61
83.45	15.61
81.43	16.57
81.43	16.57
79.45	17.72
79.45	17.72
76.91	19.01
76.91	19.01
75.47	19.94
74.68	20.05
74.68	20.05
73.50	21.34
73.52	24.06
73.52	24.06
73.43	26.02
74.44	27.69
74.44	27.69
83.16	29.99
83.16	29.99
106.13	25.76
106.13	25.76
113.32	25.43
113.32	25.43
122.82	23.81
122.82	23.81
133.14	22.09
133.14	22.09
140.54	20.96
140.54	20.96
148.75	19.32
148.75	19.32
153.68	18.81
153.68	18.81
153.34	18.59
153.34	18.59
152.33	18.06
152.33	18.06
152.14	17.37
152.14	17.37
153.85	16.03
153.85	16.03
157.43	9.49
157.43	9.49
163.92	0.16
163.92	0.16
169.09	-4.90
169.09	-4.90
171.74	-6.78
171.74	-6.78
172.68	-7.46
172.68	-7.46
173.14	-8.23
173.14	-8.23
173.00	-8.48
173.00	-8.48
173.24	-8.63
173.24	-8.63
173.24	-8.90
173.24	-8.90
173.34	-9.31
173.34	-9.31
173.66	-9.54
173.66	-9.54
173.68	-9.61
173.68	-9.61
173.70	-10.52
173.70	-10.52
173.98	-12.17
173.98	-12.17
174.12	-14.28
174.12	-14.28
174.41	-17.06
174.41	-17.06
174.42	-18.73
174.42	-18.73
174.48	-19.78
174.48	-19.78
175.10	-20.45
175.10	-20.45
175.20	-21.25
175.20	-21.25
175.71	-21.78
175.71	-21.78
175.79	-22.32
175.79	-22.32
176.08	-23.23
176.08	-23.23
176.32	-24.85
176.32	-24.85
176.36	-26.58
176.36	-26.58
176.56	-27.12
176.56	-27.12
176.78	-27.52
176.78	-27.52
176.62	-28.16
176.62	-28.16
176.13	-29.04
176.13	-29.04
176.10	-28.37
176.10	-28.37
174.94	-25.43
174.94	-25.43
175.00	-23.78
175.00	-23.78
175.81	-18.94
175.81	-18.94
175.91	-17.64
175.91	-17.64
176.07	-17.76
176.07	-17.76
176.16	-17.36
176.16	-17.36
176.30	-17.41
176.30	-17.41
176.48	-17.38
176.48	-17.38
177.02	-17.22
177.02	-17.22
177.44	-17.30
177.44	-17.30
178.13	-17.14
178.13	-17.14
178.62	-17.15
178.62	-17.15
179.50	-17.38
179.50	-17.38
-178.55	-17.64
-178.55	-17.64
-174.50	-18.69
-174.50	-18.69
-168.24	-21.40
-168.24	-21.40
-163.14	-24.38
-163.14	-24.38
-158.91	-25.10
-158.91	-25.10
-154.92	-26.10
-154.92	-26.10
-151.27	-26.72
-151.27	-26.72
-148.08	-27.29
-148.08	-27.29
-144.75	-27.46
-144.75	-27.46
-142.48	-27.53
-142.48	-27.53
-140.62	-27.64
-140.62	-27.64
-139.45	-27.79
-139.45	-27.79
-138.14	-28.29
-138.14	-28.29
-136.99	-28.72
-136.99	-28.72
-135.29	-29.05
-135.29	-29.05
-132.88	-29.22
-132.88	-29.22
-130.98	-29.65
-130.98	-29.65
-129.46	-29.90
-129.46	-29.90
-128.18	-30.06
-128.18	-30.06
-127.22	-30.07
-127.22	-30.07
-126.77	-30.21
-126.77	-30.21
-126.65	-30.33
-126.63	-30.18
-126.63	-30.18
-126.65	-29.96
-126.62	-29.82
-126.62	-29.82
-126.53	-29.86
-126.58	-29.79
-126.36	-29.78
-126.34	-29.79
-126.27	-29.66
-126.43	-29.58
-126.42	-29.56
-126.42	-29.56
-126.39	-29.51
-126.34	-29.60
-126.36	-29.58
-126.38	-29.45
-126.29	-29.57
-126.17	-29.44
-125.95	-29.49
-125.90	-29.34
-125.75	-29.22
-125.46	-29.20
-125.27	-28.96
-124.97	-28.75
-124.55	-28.61
-124.35	-28.36
-124.25	-27.90
-124.00	-27.36
-123.75	-26.75
-123.58	-26.46
-123.47	-26.20
-123.36	-26.14
-123.29	-26.16
-123.40	-26.36
-123.47	-26.50
-123.33	-26.43
-123.13	-26.27
-123.07	-26.08
-123.10	-26.11
-123.02	-26.25
-122.67	-26.52
-122.34	-26.60
-121.83	-26.62
-121.65	-26.42
-121.44	-26.20
-121.16	-25.73
-120.63	-25.45
-120.05	-25.17
-119.47	-24.92
-118.84	-24.70
