158.33	-26.49
158.05	-26.22
157.23	-26.31
157.23	-26.31
157.07	-26.21
157.07	-26.21
156.94	-26.34
156.94	-26.34
157.26	-26.60
157.50	-26.46
157.50	-26.46
157.10	-26.09
157.10	-26.09
156.98	-26.01
157.25	-25.86
157.25	-25.86
157.19	-25.72
157.19	-25.72
157.07	-25.46
157.15	-25.21
157.15	-25.21
157.58	-24.76
157.58	-24.76
157.69	-24.15
158.00	-22.95
158.00	-22.95
157.85	-20.87
157.85	-20.87
157.68	-19.57
157.68	-19.57
157.00	-19.39
156.70	-19.75
156.70	-19.75
157.10	-19.47
157.10	-19.47
157.12	-19.61
156.99	-18.48
156.99	-18.48
156.90	-18.23
156.90	-18.23
156.72	-16.55
156.20	-14.18
156.20	-14.18
155.56	-11.66
155.56	-11.66
155.59	-9.31
155.65	-7.80
155.65	-7.80
155.77	-5.97
155.77	-5.97
155.86	-5.09
155.86	-5.09
155.98	-5.53
156.30	-5.60
156.30	-5.60
156.28	-5.40
156.28	-5.40
156.43	-5.33
156.15	-5.65
156.15	-5.65
156.32	-5.54
156.32	-5.54
156.84	-7.08
157.72	-6.91
157.72	-6.91
157.83	-6.82
157.83	-6.82
157.36	-6.79
157.97	-6.81
157.97	-6.81
158.90	-6.94
158.90	-6.94
159.65	-6.91
159.65	-6.91
160.45	-7.10
161.17	-7.37
161.17	-7.37
161.48	-7.40
161.48	-7.40
162.22	-7.53
163.65	-7.68
163.65	-7.68
165.79	-7.74
165.79	-7.74
168.68	-7.96
171.76	-8.35
171.76	-8.35
175.09	-8.74
175.09	-8.74
177.72	-8.91
-179.86	-8.91
-179.86	-8.91
-177.44	-8.91
-177.44	-8.91
-174.83	-9.22
-174.83	-9.22
-172.69	-9.19
-170.96	-9.47
-170.96	-9.47
-169.34	-9.78
-169.34	-9.78
-167.52	-9.88
-165.47	-9.51
-165.47	-9.51
-163.34	-9.31
-163.34	-9.31
-160.71	-9.16
-158.54	-9.08
-158.54	-9.08
-155.98	-8.93
-155.98	-8.93
-153.48	-8.60
-150.81	-8.40
-150.81	-8.40
-148.83	-8.06
-148.83	-8.06
-146.79	-7.71
-145.08	-7.43
-145.08	-7.43
-143.39	-7.31
-143.39	-7.31
-141.67	-7.28
-141.67	-7.28
-140.03	-7.12
-139.28	-6.87
-139.28	-6.87
-138.26	-6.69
-138.26	-6.69
-137.39	-6.71
-136.30	-6.55
-136.30	-6.55
-135.02	-6.45
-135.02	-6.45
-133.58	-6.20
-132.52	-6.22
-132.52	-6.22
-131.69	-6.54
-131.69	-6.54
-131.12	-6.62
-131.12	-6.62
-130.36	-6.66
-129.44	-6.68
-129.44	-6.68
-128.86	-6.53
-128.86	-6.53
-128.55	-6.51
-127.91	-6.42
-127.91	-6.42
-127.24	-6.35
-127.24	-6.35
-126.71	-6.51
-126.05	-6.44
-126.05	-6.44
-125.74	-6.27
-125.74	-6.27
-124.85	-6.14
-124.03	-6.08
-124.03	-6.08
-123.25	-5.97
-123.25	-5.97
-122.43	-5.81
-122.43	-5.81
-121.29	-5.80
-120.19	-5.80
-120.19	-5.80
-119.11	-5.77
-119.11	-5.77
-117.50	-5.75
-115.10	-5.46
-115.10	-5.46
-111.29	-4.68
-111.29	-4.68
-107.28	-4.04
-105.00	-4.11
-105.00	-4.11
-103.34	-4.18
-103.34	-4.18
-102.44	-4.33
-101.54	-4.09
-101.54	-4.09
-100.80	-3.82
-100.80	-3.82
-100.33	-3.31
-100.33	-3.31
-99.24	-3.26
-98.62	-4.01
-98.62	-4.01
-98.18	-3.87
-98.18	-3.87
-97.61	-3.71
-97.08	-3.39
-97.08	-3.39
-96.47	-3.37
-96.47	-3.37
-95.39	-3.56
-94.19	-4.03
-94.19	-4.03
-92.93	-4.30
-92.93	-4.30
-89.76	-4.46
-87.77	-4.60
-87.77	-4.60
-87.03	-4.80
-87.03	-4.80
-86.24	-5.12
-86.24	-5.12
-84.76	-5.13
-83.61	-5.79
-83.61	-5.79
-82.99	-5.86
-82.99	-5.86
-82.24	-5.82
-81.60	-5.24
-81.60	-5.24
-80.74	-5.59
-80.74	-5.59
-79.94	-6.07
-79.42	-6.37
-79.42	-6.37
-79.70	-6.70
-79.70	-6.70
-80.03	-6.74
-80.03	-6.74
-80.23	-6.64
-80.90	-6.51
-80.90	-6.51
-81.59	-6.26
-81.59	-6.26
-82.12	-6.21
-82.88	-6.15
-82.88	-6.15
-83.62	-6.08
-83.62	-6.08
-84.27	-5.82
-84.79	-4.81
-84.79	-4.81
-85.76	-2.71
-85.76	-2.71
-86.83	-0.58
-87.82	1.68
-87.82	1.68
-89.29	5.10
-89.29	5.10
-91.35	7.85
-91.35	7.85
-92.94	10.40
-95.12	13.17
-95.12	13.17
-97.46	15.59
-97.46	15.59
-99.27	17.37
-101.70	19.40
-101.70	19.40
-103.90	21.42
-103.90	21.42
-106.47	23.51
-109.68	26.09
-109.68	26.09
-114.15	28.45
-114.15	28.45
-119.62	31.17
-124.83	33.94
-124.83	33.94
-130.41	36.13
-130.41	36.13
-135.00	37.58
-135.00	37.58
-139.04	38.70
-143.43	39.65
-143.43	39.65
-146.89	40.00
-146.89	40.00
-150.86	40.62
-154.18	40.90
-154.18	40.90
-157.48	41.02
-157.48	41.02
-161.05	40.91
-164.72	40.60
-164.72	40.60
-168.29	40.15
-168.29	40.15
-171.83	39.88
-171.83	39.88
-174.87	39.80
-178.26	39.80
-178.26	39.80
178.05	39.61
178.05	39.61
174.43	39.12
170.64	38.97
170.64	38.97
166.85	39.00
166.85	39.00
163.15	38.82
158.59	38.64
158.59	38.64
154.39	38.59
154.39	38.59
150.68	38.43
147.17	37.96
147.17	37.96
144.06	37.45
144.06	37.45
141.18	36.90
137.59	36.20
137.59	36.20
134.20	35.16
134.20	35.16
130.82	34.04
130.82	34.04
127.24	32.94
122.11	31.36
122.11	31.36
115.75	29.52
115.75	29.52
109.12	26.26
103.16	23.27
103.16	23.27
97.39	20.12
97.39	20.12
91.07	16.05
87.27	12.51
87.27	12.51
84.61	8.89
84.61	8.89
83.24	5.97
81.08	4.78
81.08	4.78
78.27	3.11
78.27	3.11
75.38	1.85
75.38	1.85
72.58	0.97
72.58	0.97
70.04	-0.07
68.11	-0.86
68.11	-0.86
67.21	-1.23
67.14	-1.40
67.14	-1.40
67.39	-1.25
67.39	-1.25
68.40	-0.63
68.90	-0.62
68.90	-0.62
69.38	-0.91
69.38	-0.91
69.82	-0.99
69.82	-0.99
70.73	-0.76
71.43	-0.43
71.43	-0.43
71.43	-0.43
71.68	-0.41
72.02	-0.71
72.02	-0.71
72.41	-1.01
72.78	-0.82
72.78	-0.82
73.02	-0.28
72.70	-0.26
72.70	-0.26
71.45	-0.70
71.45	-0.70
67.07	-1.91
61.76	-3.28
61.76	-3.28
57.81	-4.62
57.81	-4.62
57.81	-4.62
53.92	-5.86
49.96	-6.68
45.81	-7.56
45.81	-7.56
41.64	-8.48
41.64	-8.48
41.64	-8.48
35.01	-10.99
35.01	-10.99
35.01	-10.99
31.17	-11.68
31.17	-11.68
22.43	-13.43
22.43	-13.43
22.43	-13.43
18.10	-14.04
14.31	-14.30
14.31	-14.30
14.31	-14.30
8.83	-14.04
8.83	-14.04
6.59	-13.86
6.59	-13.86
6.59	-13.86
1.05	-13.47
1.05	-13.47
1.05	-13.47
-1.03	-12.94
-1.03	-12.94
-3.58	-10.60
-3.58	-10.60
-3.44	-6.82
-3.44	-6.82
-2.05	-2.91
-2.05	-2.91
-0.90	-0.26
-0.90	-0.26
-1.55	2.67
-1.55	2.67
-1.21	4.67
0.08	6.62
2.00	6.32
2.00	6.32
3.01	6.30
3.01	6.30
3.34	6.54
3.34	6.54
3.50	6.62
3.50	6.62
3.35	6.50
3.35	6.50
2.94	5.46
2.94	5.46
1.63	5.54
1.63	5.54
0.34	4.94
0.34	4.94
-0.99	4.72
-0.99	4.72
-2.53	3.28
-2.53	3.28
-4.33	1.30
-4.33	1.30
-10.18	-1.07
-10.18	-1.07
-15.33	-1.81
-15.33	-1.81
-20.43	-3.96
-20.43	-3.96
-24.22	-5.16
-24.22	-5.16
-27.22	-5.36
-27.22	-5.36
-34.31	-5.44
-34.31	-5.44
-38.92	-4.93
-38.92	-4.93
-41.57	-5.08
-41.57	-5.08
-45.42	-4.57
-45.42	-4.57
-49.72	-4.46
-49.72	-4.46
-51.64	-4.69
-51.64	-4.69
-55.20	-4.45
-55.20	-4.45
-56.98	-5.02
-56.98	-5.02
-58.35	-5.03
-58.35	-5.03
-59.41	-4.53
-59.41	-4.53
-60.56	-4.57
-60.56	-4.57
-61.77	-4.51
-61.77	-4.51
-62.05	-4.11
-62.05	-4.11
-60.76	-4.63
-60.76	-4.63
-58.83	-5.36
-58.83	-5.36
-57.24	-5.62
-57.24	-5.62
-56.20	-5.84
-54.92	-5.84
-54.92	-5.84
-52.95	-5.88
-52.95	-5.88
-50.61	-6.12
-50.61	-6.12
-47.72	-5.93
-47.72	-5.93
-44.23	-6.00
-44.23	-6.00
-33.17	-6.99
-33.17	-6.99
-24.48	-7.22
-24.48	-7.22
-15.42	-7.28
-15.42	-7.28
-5.17	-7.27
-5.17	-7.27
4.87	-7.87
4.87	-7.87
21.64	-8.58
21.64	-8.58
27.82	-8.57
27.82	-8.57
32.59	-8.75
32.59	-8.75
37.86	-8.89
37.86	-8.89
43.68	-8.87
43.68	-8.87
49.63	-8.74
49.63	-8.74
64.22	-9.14
64.22	-9.14
70.07	-9.87
70.07	-9.87
73.30	-10.38
73.30	-10.38
74.87	-11.07
74.87	-11.07
75.60	-12.00
75.60	-12.00
77.72	-11.82
77.72	-11.82
80.01	-11.27
80.01	-11.27
82.01	-11.39
82.01	-11.39
82.62	-12.20
82.62	-12.20
83.05	-12.24
83.05	-12.24
83.38	-11.69
83.38	-11.69
83.74	-11.92
83.74	-11.92
84.12	-12.18
84.12	-12.18
84.66	-12.58
84.66	-12.58
85.09	-12.32
85.09	-12.32
85.11	-12.97
85.11	-12.97
84.44	-15.22
84.44	-15.22
85.70	-14.03
85.70	-14.03
89.16	-15.52
89.16	-15.52
92.88	-16.13
92.88	-16.13
95.44	-18.33
95.44	-18.33
99.12	-17.39
99.12	-17.39
101.02	-16.78
101.02	-16.78
103.20	-17.22
103.20	-17.22
106.62	-17.64
106.62	-17.64
110.19	-16.98
110.19	-16.98
115.18	-13.98
115.18	-13.98
128.84	-10.58
128.84	-10.58
137.34	-9.33
137.34	-9.33
144.95	-9.03
144.95	-9.03
150.64	-9.38
150.64	-9.38
155.76	-9.46
155.76	-9.46
165.55	-7.26
165.55	-7.26
169.26	-6.87
169.26	-6.87
172.64	-7.95
172.64	-7.95
176.33	-8.10
-179.91	-8.67
-179.91	-8.67
-175.31	-8.91
-175.31	-8.91
-175.31	-8.91
-171.39	-8.04
-167.31	-7.22
-167.31	-7.22
-163.68	-6.08
-161.19	-3.86
-161.19	-3.86
-159.91	-1.66
-160.06	2.95
-160.06	2.95
-160.91	7.24
-162.83	12.19
-162.83	12.19
-162.83	12.19
-165.96	16.41
-165.96	16.41
-169.99	19.12
-174.82	23.38
-174.82	23.38
-178.04	27.42
-179.42	29.76
-179.42	29.76
178.80	32.09
178.80	32.09
177.31	34.83
177.31	34.83
175.63	35.55
172.92	35.55
172.92	35.55
171.64	35.20
171.64	35.20
170.38	34.29
168.86	32.47
168.86	32.47
167.42	30.52
167.42	30.52
165.86	26.69
163.16	18.52
163.16	18.52
159.57	9.68
159.57	9.68
156.07	0.21
152.98	-4.41
152.98	-4.41
151.23	-0.88
151.23	-0.88
150.57	-4.42
150.57	-4.42
150.67	-9.03
151.30	-1.83
151.30	-1.83
152.25	-7.90
152.25	-7.90
151.58	-14.93
150.03	-12.79
150.03	-12.79
149.01	-16.19
149.01	-16.19
146.80	-20.71
141.84	-21.77
141.84	-21.77
135.67	-21.64
135.67	-21.64
128.39	-20.93
128.39	-20.93
122.74	-20.66
121.35	-20.43
121.35	-20.43
122.37	-19.94
122.37	-19.94
121.56	-19.56
118.65	-20.02
118.65	-20.02
115.99	-22.45
115.99	-22.45
113.22	-23.50
113.22	-23.50
109.26	-24.64
104.54	-26.00
104.54	-26.00
99.72	-25.13
99.72	-25.13
95.43	-24.32
92.37	-25.01
92.37	-25.01
90.54	-25.82
90.54	-25.82
88.88	-23.90
88.88	-23.90
87.89	-23.44
86.81	-23.41
86.81	-23.41
84.37	-23.83
84.37	-23.83
81.91	-23.47
79.21	-22.87
79.21	-22.87
78.91	-22.68
78.91	-22.68
79.84	-22.54
79.84	-22.54
79.87	-21.94
79.72	-21.63
79.72	-21.63
80.33	-20.19
80.33	-20.19
80.76	-18.89
80.76	-18.89
80.25	-17.71
80.56	-16.56
80.56	-16.56
81.24	-16.42
81.24	-16.42
81.40	-16.45
81.40	-16.45
82.05	-16.27
82.32	-16.21
82.32	-16.21
82.40	-16.54
82.40	-16.54
82.64	-16.40
82.72	-16.41
82.72	-16.41
82.84	-16.35
82.84	-16.35
82.98	-16.36
82.98	-16.36
83.05	-16.16
83.08	-16.12
83.08	-16.12
83.40	-16.20
83.40	-16.20
83.74	-16.28
83.74	-16.28
83.99	-16.41
84.13	-16.33
84.13	-16.33
84.24	-16.36
84.24	-16.36
84.32	-16.28
84.32	-16.28
84.23	-16.15
84.21	-16.24
84.21	-16.24
84.26	-15.92
84.26	-15.92
84.51	-13.71
85.03	-13.55
85.03	-13.55
85.78	-13.79
85.78	-13.79
86.42	-13.25
88.52	-13.45
88.52	-13.45
89.18	-13.23
89.18	-13.23
90.01	-12.46
90.01	-12.46
91.36	-13.25
94.07	-15.76
94.07	-15.76
95.58	-15.10
95.58	-15.10
94.15	-13.60
93.67	-12.88
93.67	-12.88
94.15	-13.25
94.15	-13.25
96.22	-14.31
98.48	-14.60
98.48	-14.60
98.57	-13.31
98.57	-13.31
99.93	-12.75
99.93	-12.75
102.51	-10.16
104.24	-7.81
104.24	-7.81
105.54	-7.65
105.54	-7.65
106.55	-8.89
105.25	-9.41
105.25	-9.41
107.50	-10.41
107.50	-10.41
108.90	-10.10
111.65	-9.47
111.65	-9.47
111.38	-8.04
111.38	-8.04
111.27	-7.66
111.27	-7.66
112.42	-7.56
113.40	-8.28
113.40	-8.28
113.89	-8.81
113.89	-8.81
114.84	-8.20
115.59	-7.83
115.59	-7.83
116.51	-7.49
116.51	-7.49
117.93	-7.27
118.90	-6.98
118.90	-6.98
119.41	-7.68
119.41	-7.68
119.50	-8.30
119.56	-7.86
119.56	-7.86
119.81	-7.08
119.81	-7.08
120.14	-6.74
120.14	-6.74
120.84	-6.12
121.83	-4.99
121.83	-4.99
122.07	-3.02
122.07	-3.02
120.97	-2.12
118.92	-1.37
118.92	-1.37
116.85	0.16
116.85	0.16
114.83	1.05
112.99	0.77
112.99	0.77
112.38	0.83
112.38	0.83
113.05	0.95
112.81	0.72
112.81	0.72
111.53	-0.62
111.53	-0.62
107.48	-0.29
107.48	-0.29
102.05	-0.00
97.92	-1.12
97.92	-1.12
94.77	-1.07
94.77	-1.07
93.27	-1.83
93.11	-2.49
93.11	-2.49
93.80	-2.54
93.80	-2.54
94.16	-2.50
93.52	-1.62
93.52	-1.62
92.82	-1.21
92.82	-1.21
91.77	-1.63
91.48	-1.55
90.77	-1.64
90.25	-2.14
90.25	-2.14
89.59	-2.39
89.59	-2.39
89.02	-2.43
88.57	-3.03
88.57	-3.03
88.30	-3.44
88.30	-3.44
88.05	-3.89
87.51	-3.62
87.51	-3.62
87.35	-3.43
87.35	-3.43
86.90	-4.29
86.93	-4.14
86.93	-4.14
86.87	-4.17
86.87	-4.17
86.60	-4.04
86.60	-4.04
86.67	-4.04
86.29	-4.01
86.29	-4.01
85.12	-3.68
85.12	-3.68
83.45	-3.41
81.89	-3.05
81.89	-3.05
80.90	-3.02
80.90	-3.02
79.98	-2.77
78.62	-2.25
78.62	-2.25
77.02	-1.38
77.02	-1.38
75.02	-0.69
73.01	-0.69
73.01	-0.69
70.53	-1.29
70.53	-1.29
68.31	-1.50
68.31	-1.50
65.57	-1.19
63.42	-0.52
63.42	-0.52
62.34	-0.31
62.34	-0.31
61.50	0.14
61.02	0.16
61.02	0.16
60.31	-0.57
60.31	-0.57
59.18	-0.78
57.60	-0.64
57.60	-0.64
55.42	-1.21
55.42	-1.21
52.78	-2.53
50.64	-3.05
50.64	-3.05
48.69	-3.25
48.69	-3.25
47.58	-4.44
47.58	-4.44
46.92	-4.40
46.11	-3.92
46.11	-3.92
44.90	-4.85
44.90	-4.85
42.45	-5.88
38.84	-4.60
38.84	-4.60
38.84	-4.60
36.23	-1.55
33.86	3.25
33.86	3.25
31.74	10.63
30.04	16.81
30.04	16.81
29.65	21.30
29.65	21.30
28.89	24.07
28.89	24.07
28.19	25.80
27.18	27.70
27.18	27.70
25.67	29.25
25.67	29.25
24.80	30.03
24.80	30.03
24.09	30.10
23.39	31.34
23.39	31.34
21.98	32.42
21.98	32.42
20.13	32.86
20.13	32.86
17.53	33.55
15.01	33.53
15.01	33.53
12.05	33.01
12.05	33.01
9.34	32.07
7.15	31.08
7.15	31.08
4.66	29.88
4.66	29.88
1.98	28.71
1.98	28.71
-0.77	27.89
-2.74	27.07
-2.74	27.07
-4.74	24.44
-4.74	24.44
-4.74	24.44
-6.18	21.40
-7.63	18.98
-8.41	17.75
-8.41	17.75
-8.80	17.15
-8.80	17.15
-9.13	16.56
-9.13	16.56
-10.09	15.44
-10.91	13.74
-10.91	13.74
-12.82	12.33
-12.82	12.33
-15.39	10.67
-16.49	9.46
-16.49	9.46
-16.00	9.70
-16.00	9.70
-14.71	9.97
-14.71	9.97
-13.90	10.26
-13.43	10.19
-13.43	10.19
-13.45	9.78
-13.45	9.78
-13.52	9.36
-13.52	9.36
-13.38	9.27
-12.98	9.23
-12.98	9.23
-12.68	9.70
-12.68	9.70
-12.69	9.41
-12.51	10.09
-12.51	10.09
-11.85	10.94
-11.85	10.94
-11.33	11.69
-10.88	12.50
-10.88	12.50
-10.08	13.40
-10.08	13.40
-8.88	13.70
-7.87	13.33
-7.87	13.33
-6.90	13.25
-6.90	13.25
-6.05	12.60
-4.49	11.78
-4.49	11.78
-2.63	11.33
-2.63	11.33
-1.77	11.46
-1.54	11.41
-1.54	11.41
-1.26	11.68
-1.26	11.68
-0.96	11.32
-0.96	11.32
-0.38	10.99
0.29	11.05
0.29	11.05
0.63	11.31
0.63	11.31
0.98	11.34
1.29	11.15
1.29	11.15
1.67	10.87
1.67	10.87
1.98	10.76
2.45	10.75
2.45	10.75
2.45	10.75
2.67	10.87
2.96	10.85
3.24	10.68
3.24	10.68
3.47	10.54
3.47	10.54
3.72	10.41
3.72	10.41
3.72	10.60
3.99	10.28
3.99	10.28
3.99	10.28
4.16	10.66
4.16	10.66
4.37	10.93
4.37	10.93
4.51	10.97
4.51	10.97
4.51	10.97
4.69	10.84
4.69	10.84
4.69	10.84
4.73	10.84
4.73	10.84
4.73	10.84
4.66	11.07
4.75	11.18
4.75	11.18
5.10	11.33
5.10	11.33
5.44	11.41
5.44	11.41
5.44	11.41
5.64	11.68
5.64	11.68
5.64	11.68
5.99	12.08
5.99	12.08
5.99	12.08
6.39	12.37
6.39	12.37
6.39	12.37
7.22	12.58
7.93	12.66
7.93	12.66
9.60	12.46
9.60	12.46
9.60	12.46
12.62	12.48
12.62	12.48
12.62	12.48
14.26	12.55
14.26	12.55
14.26	12.55
14.58	12.00
14.58	12.00
14.05	10.37
14.05	10.37
13.64	9.86
13.64	9.86
12.92	8.96
12.92	8.96
12.35	8.01
12.35	8.01
12.03	6.99
12.03	6.99
11.91	6.84
11.91	6.84
10.42	4.03
10.42	4.03
10.04	2.66
10.04	2.66
9.66	2.72
9.66	2.72
9.38	3.53
9.38	3.53
8.95	4.12
8.95	4.12
8.50	4.23
8.50	4.23
8.43	4.48
8.43	4.48
8.52	4.62
8.52	4.62
8.51	4.81
8.51	4.81
8.40	5.00
8.40	5.00
8.72	4.97
9.08	4.88
9.08	4.88
8.87	4.80
8.87	4.80
8.36	4.82
8.36	4.82
8.41	4.45
8.41	4.45
8.70	4.24
8.70	4.24
9.15	4.11
9.15	4.11
9.19	4.64
9.19	4.64
9.50	4.45
9.50	4.45
10.12	4.47
10.12	4.47
10.45	4.43
10.45	4.43
10.07	4.34
10.07	4.34
9.91	4.12
9.91	4.12
9.90	4.45
9.90	4.45
10.15	3.56
10.15	3.56
9.97	3.84
9.97	3.84
9.67	3.72
9.67	3.72
9.45	3.82
9.45	3.82
9.64	4.04
9.64	4.04
9.93	3.96
9.93	3.96
10.15	3.48
10.15	3.48
10.05	3.56
10.05	3.56
10.12	3.37
10.12	3.37
10.47	3.64
10.47	3.64
10.63	3.58
10.63	3.58
10.71	3.68
10.71	3.68
10.58	3.23
10.58	3.23
10.58	3.23
10.53	3.28
10.53	3.28
10.44	3.28
10.44	3.28
10.45	3.10
10.45	3.10
10.41	3.09
10.41	3.09
10.23	2.96
10.23	2.96
10.04	2.80
10.04	2.80
10.26	2.70
10.26	2.70
10.17	2.81
10.26	2.86
10.26	2.86
10.29	2.59
10.32	2.51
10.32	2.51
10.45	2.28
10.45	2.28
10.37	1.99
10.37	1.99
10.43	2.06
10.43	2.06
10.60	2.39
11.38	2.24
11.38	2.24
12.42	2.04
13.14	1.20
13.14	1.20
13.74	0.85
13.74	0.85
13.67	-0.34
13.53	-1.04
13.53	-1.04
13.14	-1.24
13.14	-1.24
12.88	-1.17
12.88	-1.17
12.62	-0.48
12.62	-0.48
12.31	0.45
12.35	0.24
12.35	0.24
12.87	0.26
12.87	0.26
13.33	0.12
13.96	0.46
13.96	0.46
14.69	0.36
14.69	0.36
14.94	0.22
14.94	0.22
14.45	0.45
14.15	0.92
14.15	0.92
14.08	1.15
14.08	1.15
14.03	1.34
13.94	1.38
13.94	1.38
13.72	1.29
13.72	1.29
13.42	1.57
12.84	1.65
12.84	1.65
12.18	1.80
12.18	1.80
11.83	1.77
11.54	1.96
11.54	1.96
11.58	2.02
11.58	2.02
11.28	2.06
11.28	2.06
11.02	2.02
11.13	2.51
11.13	2.51
11.02	2.55
11.02	2.55
10.60	2.28
10.48	1.60
10.48	1.60
10.92	1.37
10.92	1.37
11.35	0.87
12.32	1.13
12.32	1.13
12.73	2.08
12.73	2.08
12.60	2.43
12.63	2.19
12.63	2.19
12.84	2.66
12.84	2.66
13.61	3.01
14.27	2.98
14.27	2.98
14.55	2.77
14.55	2.77
14.82	3.04
15.28	3.10
15.28	3.10
16.60	3.06
16.60	3.06
17.92	2.53
20.11	2.57
20.11	2.57
22.40	2.43
22.40	2.43
25.41	2.65
25.41	2.65
29.03	2.51
33.98	2.64
33.98	2.64
39.78	2.20
39.78	2.20
45.94	1.38
51.27	-0.14
51.27	-0.14
56.66	-1.95
56.66	-1.95
60.23	-2.86
62.94	-3.76
62.94	-3.76
64.64	-4.54
64.64	-4.54
65.03	-4.94
65.09	-4.50
65.09	-4.50
64.97	-5.17
64.97	-5.17
64.55	-5.29
63.07	-5.44
63.07	-5.44
60.42	-5.08
60.42	-5.08
56.97	-4.71
53.42	-4.44
53.42	-4.44
50.53	-4.30
50.53	-4.30
47.73	-4.60
43.82	-4.69
43.82	-4.69
39.94	-4.58
39.94	-4.58
35.91	-4.14
35.91	-4.14
32.83	-3.69
29.98	-2.97
29.98	-2.97
27.49	-2.17
27.49	-2.17
25.69	-1.08
24.26	0.18
24.26	0.18
22.78	1.99
22.78	1.99
21.28	5.09
19.93	6.72
19.93	6.72
18.93	8.09
18.93	8.09
18.48	9.54
17.83	11.06
17.83	11.06
17.44	11.67
17.44	11.67
17.17	11.23
17.23	10.72
17.23	10.72
16.87	10.53
16.87	10.53
15.83	10.33
15.17	10.33
15.17	10.33
15.04	9.68
15.04	9.68
14.93	9.59
15.04	9.73
15.04	9.73
14.56	9.57
14.56	9.57
13.97	9.41
13.97	9.41
13.59	8.86
13.85	8.17
13.85	8.17
13.98	7.49
13.98	7.49
14.17	6.70
14.85	6.08
14.85	6.08
15.11	5.91
15.11	5.91
15.37	5.43
15.44	5.79
15.44	5.79
14.99	6.84
14.99	6.84
13.57	7.94
12.34	8.32
12.34	8.32
11.09	9.42
11.09	9.42
9.50	10.65
7.63	11.89
7.63	11.89
5.79	13.81
5.79	13.81
3.94	15.71
2.19	16.77
2.19	16.77
0.52	18.06
0.52	18.06
-1.07	18.93
-1.07	18.93
-2.85	20.33
-4.21	21.93
-4.21	21.93
-5.24	23.29
-5.24	23.29
-5.31	22.84
-5.16	22.64
-5.16	22.64
-5.30	22.26
-5.30	22.26
-4.97	21.24
-4.03	20.36
-4.03	20.36
-3.07	19.33
-3.07	19.33
-2.35	18.33
-1.88	16.82
-1.88	16.82
-0.73	16.50
-0.73	16.50
-0.08	15.68
1.71	14.80
1.71	14.80
3.67	13.47
3.67	13.47
5.07	11.96
5.07	11.96
6.18	10.50
6.98	10.34
6.98	10.34
8.09	10.53
8.09	10.53
8.59	10.20
9.57	8.88
9.57	8.88
10.20	8.41
10.20	8.41
10.07	7.50
10.07	7.50
10.51	6.56
11.36	5.22
11.36	5.22
12.42	3.96
12.42	3.96
13.82	3.34
13.82	3.34
14.28	2.91
14.81	3.03
14.81	3.03
15.63	3.32
15.63	3.32
16.89	3.12
18.22	2.78
18.22	2.78
19.17	2.43
19.17	2.43
19.57	2.31
19.57	2.31
19.92	1.98
20.14	1.51
20.14	1.51
20.66	1.26
20.66	1.26
20.73	1.37
21.12	1.12
21.12	1.12
21.37	1.24
21.37	1.24
21.66	1.12
21.66	1.12
22.04	0.75
22.51	0.70
22.51	0.70
23.11	0.82
23.11	0.82
23.13	0.82
23.08	0.97
23.08	0.97
23.01	0.94
23.01	0.94
22.83	1.04
22.83	1.04
22.66	0.90
22.62	0.80
22.62	0.80
22.22	0.72
22.22	0.72
22.06	0.72
21.87	0.39
21.87	0.39
22.02	0.29
22.02	0.29
21.54	0.18
21.54	0.18
20.90	0.16
20.75	0.18
20.75	0.18
20.43	0.17
20.43	0.17
20.07	0.08
19.90	0.36
19.90	0.36
19.81	0.04
19.81	0.04
20.36	-0.01
20.44	-0.05
20.44	-0.05
20.51	-0.26
20.51	-0.26
20.90	-0.36
21.07	-0.51
21.07	-0.51
21.10	-0.58
21.10	-0.58
21.60	-0.68
21.62	-0.86
21.62	-0.86
21.55	-1.29
21.55	-1.29
21.63	-1.21
21.63	-1.21
21.57	-1.19
21.68	-1.09
21.68	-1.09
21.06	-1.20
21.06	-1.20
20.62	-0.94
20.59	-0.85
20.59	-0.85
20.91	-1.13
20.91	-1.13
21.26	-1.34
21.15	-1.28
21.15	-1.28
21.00	-1.57
21.00	-1.57
21.26	-2.07
21.80	-1.99
21.80	-1.99
21.83	-1.75
21.83	-1.75
22.06	-1.87
21.85	-1.85
21.85	-1.85
21.78	-1.63
21.78	-1.63
21.68	-1.52
21.79	-1.28
21.79	-1.28
21.90	-1.11
21.90	-1.11
22.02	-1.31
22.02	-1.31
22.44	-1.46
23.24	-1.68
23.24	-1.68
24.53	-2.25
24.53	-2.25
25.74	-2.83
27.37	-3.93
27.37	-3.93
28.28	-5.32
28.28	-5.32
29.66	-4.98
29.66	-4.98
31.10	-6.49
32.40	-6.39
32.40	-6.39
34.42	-8.02
34.42	-8.02
37.06	-7.90
37.06	-7.90
39.83	-8.85
41.80	-9.13
41.80	-9.13
43.85	-9.56
45.58	-10.15
45.58	-10.15
47.30	-11.83
47.30	-11.83
48.55	-13.81
48.51	-13.71
48.51	-13.71
49.45	-13.74
49.45	-13.74
50.61	-14.13
50.61	-14.13
51.90	-14.03
52.35	-14.21
52.35	-14.21
52.88	-14.09
52.88	-14.09
52.88	-14.09
52.80	-13.98
52.80	-13.98
52.88	-14.04
52.88	-14.04
52.62	-14.27
52.62	-14.27
52.50	-13.81
52.50	-13.81
52.67	-13.97
52.90	-13.85
52.72	-14.18
52.72	-14.18
53.05	-14.23
53.05	-14.23
53.22	-14.28
53.22	-14.28
53.22	-14.56
53.22	-14.56
53.47	-14.70
53.78	-15.51
53.81	-16.02
53.81	-16.02
54.24	-16.32
54.24	-16.32
54.72	-16.16
54.72	-16.16
55.01	-15.92
55.01	-15.92
54.98	-15.89
54.98	-15.89
54.89	-15.82
54.89	-15.82
55.13	-15.57
55.13	-15.57
55.03	-15.52
55.03	-15.52
54.97	-15.34
54.97	-15.34
55.43	-15.66
55.43	-15.66
55.72	-15.78
55.72	-15.78
55.42	-15.47
55.42	-15.47
55.43	-15.44
55.43	-15.44
55.64	-15.44
55.64	-15.44
55.73	-15.57
55.73	-15.57
55.64	-15.59
55.64	-15.59
55.64	-15.69
55.64	-15.69
55.70	-15.33
55.70	-15.33
55.55	-15.36
55.55	-15.36
55.31	-15.66
55.31	-15.66
55.05	-15.88
55.05	-15.88
55.18	-16.03
55.18	-16.03
55.72	-15.78
55.72	-15.78
56.13	-15.69
56.13	-15.69
56.15	-15.78
56.15	-15.78
55.98	-15.86
55.98	-15.86
56.33	-15.38
56.33	-15.38
56.52	-14.98
56.52	-14.98
56.54	-14.93
56.54	-14.93
56.18	-15.01
56.18	-15.01
56.44	-15.17
56.44	-15.17
56.79	-14.97
56.79	-14.97
56.90	-14.85
56.90	-14.85
56.86	-15.24
56.86	-15.24
56.52	-14.85
56.52	-14.85
57.03	-14.98
57.03	-14.98
56.81	-15.35
56.81	-15.35
56.47	-14.80
56.47	-14.80
55.41	-15.26
55.41	-15.26
55.95	-14.81
55.95	-14.81
56.58	-14.78
56.58	-14.78
56.64	-14.65
56.64	-14.65
56.75	-14.43
56.75	-14.43
57.20	-14.53
57.20	-14.53
56.76	-14.50
56.76	-14.50
56.78	-14.66
56.78	-14.66
57.04	-14.65
57.04	-14.65
57.40	-14.40
57.40	-14.22
57.40	-14.22
56.99	-14.43
56.94	-15.21
56.94	-15.21
57.44	-16.89
57.44	-16.89
57.44	-16.89
58.50	-16.18
58.75	-14.09
58.75	-14.09
57.71	-15.91
58.08	-15.63
58.08	-15.63
58.08	-15.63
59.28	-16.54
59.28	-16.54
59.28	-16.54
59.07	-16.12
59.07	-16.12
59.98	-16.03
59.98	-16.03
59.21	-14.33
59.21	-14.33
60.33	-13.60
60.33	-13.60
60.33	-13.60
60.35	-14.34
60.35	-14.34
61.12	-13.97
61.12	-13.97
60.72	-14.49
60.72	-14.49
59.93	-14.56
59.93	-14.56
60.78	-15.07
60.78	-15.07
59.80	-15.33
59.80	-15.33
59.24	-14.98
59.24	-14.98
60.28	-15.15
60.28	-15.15
60.68	-15.32
60.68	-15.32
60.51	-15.18
60.51	-15.18
60.63	-15.46
60.63	-15.46
60.62	-15.34
60.62	-15.34
60.62	-15.48
60.62	-15.48
60.52	-15.24
60.52	-15.24
60.72	-15.16
60.72	-15.16
60.90	-14.92
60.90	-14.92
61.15	-15.02
61.15	-15.02
61.03	-14.85
61.03	-14.85
61.11	-14.94
61.11	-14.94
61.19	-14.91
61.19	-14.91
61.18	-15.81
61.18	-15.81
61.69	-17.21
61.69	-17.21
62.43	-16.71
62.43	-16.71
61.63	-15.10
61.63	-15.10
61.03	-14.63
61.03	-14.63
61.18	-14.71
61.18	-14.71
61.22	-15.00
61.22	-15.00
61.15	-14.15
61.15	-14.15
61.48	-13.39
61.48	-13.39
61.59	-13.68
61.59	-13.68
61.93	-13.86
61.93	-13.86
62.02	-13.93
62.02	-13.93
62.05	-12.97
62.05	-12.97
61.68	-13.88
61.68	-13.88
61.05	-13.25
61.05	-13.25
60.61	-13.01
60.61	-13.01
60.47	-13.23
60.47	-13.23
60.36	-13.40
60.36	-13.40
61.24	-15.05
61.24	-15.05
61.09	-14.83
61.09	-14.83
60.72	-14.95
60.72	-14.95
60.33	-16.92
60.33	-16.92
60.21	-19.07
60.21	-19.07
60.21	-24.16
60.21	-24.16
62.61	-30.41
62.61	-30.41
62.90	-31.90
62.90	-31.90
64.93	-33.73
64.93	-33.73
67.99	-34.61
67.99	-34.61
70.37	-35.08
70.37	-35.08
72.77	-36.79
72.77	-36.79
72.76	-35.52
72.76	-35.52
77.04	-30.90
74.89	-31.31
74.89	-31.31
73.33	-27.78
76.76	-26.43
76.76	-26.43
75.44	-24.53
75.13	-23.62
75.13	-23.62
76.96	-23.73
76.98	-28.22
76.98	-28.22
78.92	-25.30
78.92	-25.30
78.92	-25.30
76.97	-24.21
75.77	-20.69
75.77	-20.69
74.54	-21.00
72.89	-20.17
72.89	-20.17
73.44	-16.09
75.20	-13.73
75.20	-13.73
72.88	-15.98
72.88	-15.98
72.47	-13.82
72.47	-13.82
72.96	-14.56
72.30	-12.86
72.30	-12.86
71.27	-11.49
71.27	-11.49
71.55	-13.27
73.10	-16.79
73.10	-16.79
74.07	-16.67
74.07	-16.67
73.80	-16.29
73.80	-16.29
72.58	-15.00
72.61	-15.33
72.61	-15.33
72.49	-16.16
72.49	-16.16
70.68	-13.01
70.76	-13.32
70.76	-13.32
70.86	-13.53
70.86	-13.53
71.24	-13.50
71.24	-13.50
69.77	-13.49
71.84	-12.43
71.84	-12.43
70.51	-12.69
70.51	-12.69
72.07	-13.03
72.07	-13.03
73.15	-11.93
72.95	-12.51
72.95	-12.51
74.94	-13.77
74.94	-13.77
73.85	-11.97
77.70	-16.91
77.70	-16.91
76.02	-12.08
76.02	-12.08
74.91	-12.85
74.91	-12.85
74.53	-9.89
73.90	-13.49
73.90	-13.49
75.18	-13.41
75.18	-13.41
75.33	-14.42
75.67	-12.62
75.69	-12.36
74.35	-12.51
74.35	-12.51
74.55	-10.97
74.55	-10.97
74.84	-11.47
73.24	-10.61
73.24	-10.61
73.16	-10.79
73.16	-10.79
72.99	-9.23
73.22	-9.61
73.22	-9.61
73.08	-9.60
73.08	-9.60
73.15	-9.12
73.15	-9.12
72.86	-9.46
73.25	-9.31
73.25	-9.31
73.50	-9.15
73.50	-9.15
73.67	-9.28
73.88	-9.14
73.88	-9.14
73.44	-8.50
73.44	-8.50
73.51	-8.25
73.51	-8.25
73.30	-7.80
72.95	-8.13
72.95	-8.13
72.76	-7.87
72.76	-7.87
72.26	-7.06
71.87	-6.91
71.87	-6.91
72.01	-5.67
72.01	-5.67
71.96	-5.21
71.96	-5.21
72.20	-6.49
71.76	-6.63
71.76	-6.63
72.48	-7.40
72.48	-7.40
72.53	-7.41
72.22	-7.04
72.22	-7.04
72.22	-7.04
72.13	-6.46
72.63	-6.52
72.63	-6.52
72.43	-6.37
72.85	-5.98
72.85	-5.98
73.22	-6.90
73.22	-6.90
73.22	-6.90
73.02	-6.54
73.02	-6.54
73.64	-6.76
73.64	-6.76
73.56	-5.98
73.49	-8.17
73.49	-8.17
73.43	-6.67
73.43	-6.67
72.81	-5.61
72.81	-5.61
73.26	-6.91
72.87	-7.53
72.87	-7.53
72.61	-7.18
72.61	-7.18
71.53	-3.83
70.04	-2.18
70.04	-2.18
70.49	-4.71
70.49	-4.71
70.33	-6.17
70.33	-6.17
69.10	-9.95
66.97	-12.86
66.97	-12.86
67.42	-14.74
67.42	-14.74
68.70	-14.73
68.70	-14.73
69.14	-16.05
68.91	-15.04
68.91	-15.04
68.05	-14.43
68.05	-14.43
67.10	-14.30
67.10	-14.30
66.48	-13.83
65.73	-14.05
65.73	-14.05
65.37	-15.79
65.37	-15.79
64.86	-17.05
62.91	-17.30
62.91	-17.30
60.70	-16.65
60.70	-16.65
60.89	-16.49
60.89	-16.49
61.01	-16.06
60.94	-16.04
60.94	-16.04
61.01	-15.84
61.01	-15.84
61.29	-15.80
61.27	-15.34
61.27	-15.34
61.11	-15.09
61.11	-15.09
61.00	-14.99
61.11	-14.86
61.02	-14.83
61.13	-14.74
61.13	-14.74
61.27	-14.70
61.27	-14.70
61.21	-14.69
60.89	-14.61
60.89	-14.61
61.02	-14.78
61.02	-14.78
61.56	-15.28
61.64	-15.18
61.64	-15.18
61.61	-15.27
61.61	-15.27
61.55	-15.32
61.55	-15.32
61.84	-15.64
62.09	-15.54
62.09	-15.54
62.22	-15.66
62.22	-15.66
62.42	-15.54
62.42	-15.54
62.71	-15.59
63.10	-15.78
63.10	-15.78
63.11	-15.57
63.11	-15.57
63.13	-15.61
63.13	-15.61
63.39	-15.42
63.89	-15.47
63.89	-15.47
64.10	-15.41
64.10	-15.41
63.97	-15.26
63.97	-15.26
64.40	-15.23
64.44	-15.33
64.44	-15.33
64.38	-15.36
64.38	-15.36
64.08	-15.16
64.04	-14.88
64.04	-14.88
63.76	-14.63
63.76	-14.63
63.76	-14.60
63.76	-14.60
63.65	-14.67
63.50	-14.55
63.50	-14.55
63.55	-14.55
63.55	-14.55
63.40	-14.36
63.44	-14.34
63.44	-14.34
63.56	-14.51
63.56	-14.51
63.59	-14.56
63.59	-14.56
63.55	-14.43
63.60	-14.53
63.60	-14.53
63.54	-14.39
63.54	-14.39
63.55	-14.28
63.53	-14.26
63.53	-14.26
63.44	-14.34
63.44	-14.34
63.41	-14.42
63.39	-14.39
63.39	-14.39
