-92.19	0.33
-92.94	0.84
-93.00	0.79
-92.75	0.89
-92.63	0.70
-92.54	0.53
-92.81	0.69
-93.27	0.84
-93.46	1.05
-93.55	1.30
-93.55	1.55
-93.41	1.69
-93.34	1.85
-93.17	1.94
-92.97	1.98
-92.79	1.99
-92.42	2.08
-92.03	2.32
-91.55	2.29
-91.05	2.24
-90.55	2.14
-89.93	2.19
-89.54	2.67
-89.34	3.43
-89.27	4.46
-89.60	5.91
-90.21	7.53
-90.64	8.74
-91.01	9.55
-90.88	11.02
-90.99	12.66
-91.27	14.74
-91.44	16.55
-92.02	18.28
-92.19	19.75
-92.39	21.03
-92.79	22.58
-92.94	23.89
-93.20	25.28
-93.37	26.55
-93.66	26.81
-93.78	27.84
-93.93	28.70
-93.92	28.77
-93.80	28.01
-93.50	26.72
-93.19	25.57
-93.13	24.03
-93.16	21.94
-93.71	19.01
-94.35	14.39
-95.21	9.33
-96.66	1.29
-98.49	-8.22
-98.89	-17.05
-97.76	-22.43
-96.49	-25.36
-95.49	-27.00
-95.18	-28.73
-95.25	-29.22
-95.24	-30.69
-95.02	-33.12
-94.92	-35.08
-94.95	-36.13
-95.04	-37.36
-95.10	-38.39
-95.51	-39.02
-95.84	-38.60
-96.33	-37.73
-96.64	-36.77
-96.40	-34.95
-95.92	-32.75
-96.32	-29.67
-99.47	-26.67
-104.09	-24.03
-108.93	-22.12
-115.07	-20.66
-122.14	-18.18
-129.54	-15.14
-137.31	-13.22
-144.21	-11.68
-149.84	-10.65
-154.41	-9.91
-158.48	-9.28
-162.10	-8.71
-165.78	-8.10
-169.20	-7.03
-172.14	-6.76
-175.00	-7.26
-177.63	-7.91
179.25	-7.67
175.14	-6.84
170.90	-6.48
167.44	-6.87
164.65	-6.52
162.49	-6.55
160.76	-6.46
158.92	-6.52
156.35	-6.44
153.49	-6.35
151.09	-6.45
149.85	-6.78
149.12	-7.01
148.70	-6.95
148.54	-6.86
149.22	-6.63
150.36	-6.20
151.45	-5.89
152.14	-5.87
151.67	-5.83
150.45	-5.83
148.36	-5.82
144.97	-5.87
139.67	-5.65
132.33	-6.01
125.60	-7.11
121.07	-7.97
118.68	-8.90
117.36	-9.41
116.17	-9.69
114.94	-9.83
114.08	-9.87
113.78	-9.81
114.15	-9.71
115.24	-9.35
117.93	-8.69
122.43	-8.00
129.16	-7.37
135.90	-7.24
142.61	-7.14
150.10	-7.17
159.92	-7.33
171.39	-7.64
-177.36	-7.89
-165.79	-7.62
-154.44	-7.84
-143.92	-8.01
-133.77	-8.03
-122.90	-8.34
-111.74	-8.47
-100.71	-8.97
-90.52	-9.23
-81.69	-9.14
-74.23	-9.00
-67.48	-8.92
-60.01	-8.97
-54.23	-8.92
-49.06	-8.56
-44.43	-8.53
-40.83	-8.44
-37.53	-8.71
-34.81	-8.48
-31.63	-8.45
-28.03	-8.23
-24.06	-7.58
-20.55	-7.11
-17.84	-6.72
-15.40	-6.35
-13.28	-6.30
-10.97	-6.24
-8.87	-6.34
-7.05	-6.03
-5.52	-5.63
-4.19	-5.83
-3.27	-5.85
-2.80	-5.67
-2.76	-5.84
-3.17	-5.79
-3.93	-5.80
-4.89	-5.80
-5.59	-5.68
-5.96	-5.54
-6.24	-5.45
-6.30	-5.40
-6.52	-5.30
-6.58	-5.14
-6.65	-4.88
-6.35	-4.87
-5.08	-5.00
-2.42	-4.93
2.90	-4.95
9.59	-5.31
16.09	-5.65
21.42	-6.36
25.64	-6.97
28.27	-7.64
29.15	-8.22
28.62	-8.59
27.95	-8.76
28.09	-8.67
28.65	-8.20
28.93	-7.95
28.77	-7.64
28.05	-7.40
26.86	-7.30
25.88	-7.32
25.09	-7.12
24.39	-6.87
23.59	-6.65
22.98	-6.42
22.41	-6.43
21.85	-6.35
21.18	-6.18
20.69	-6.30
20.14	-6.71
19.18	-6.54
17.63	-6.49
15.15	-7.06
11.90	-6.97
7.38	-7.07
2.14	-6.74
-3.33	-6.68
-7.41	-6.59
-10.18	-6.63
-12.02	-6.75
-13.60	-6.86
-14.90	-6.76
-16.42	-6.57
-17.91	-6.77
-19.82	-6.73
-22.10	-6.94
-24.86	-7.12
-28.25	-7.01
-31.94	-7.42
-36.15	-7.56
-40.68	-7.57
-45.32	-7.53
-49.69	-7.45
-53.72	-7.31
-57.19	-7.31
-60.50	-7.70
-63.30	-7.64
-66.02	-7.25
-68.11	-7.10
-69.78	-7.02
-72.20	-7.24
-74.36	-6.61
-75.92	-6.62
-77.44	-6.64
-78.68	-7.14
-79.71	-7.04
-80.51	-7.33
-80.80	-7.50
-81.59	-7.46
-82.61	-7.67
-83.21	-8.17
-83.30	-8.22
-83.11	-8.28
-83.07	-7.83
-83.15	-7.84
-83.38	-7.53
-83.78	-7.68
-84.02	-7.75
-84.12	-7.68
-84.07	-7.76
-84.01	-7.58
-84.01	-7.38
-84.17	-7.48
-84.42	-7.40
-84.68	-7.48
-84.81	-7.57
-84.78	-7.48
-84.79	-7.44
-85.26	-7.34
-86.55	-7.10
-89.67	-6.61
-93.86	-6.28
-99.47	-6.16
-106.01	-6.07
-111.81	-6.28
-117.17	-6.41
-120.75	-6.58
-124.21	-6.49
-127.33	-6.60
-130.59	-6.35
-134.42	-6.18
-138.72	-5.72
-142.53	-5.52
-146.84	-5.81
-150.20	-5.81
-153.54	-5.48
-156.44	-5.31
-159.84	-5.38
-163.34	-5.27
-166.51	-5.22
-169.62	-4.99
-171.80	-5.17
-173.61	-5.44
-175.42	-5.67
-177.34	-5.74
-179.47	-5.53
178.52	-5.17
176.00	-5.05
173.40	-4.89
170.62	-5.03
167.65	-4.82
164.59	-4.88
161.50	-4.93
158.27	-4.82
155.48	-4.82
152.95	-4.72
150.18	-4.53
148.34	-4.53
147.07	-4.66
146.49	-4.82
145.57	-4.74
144.99	-4.89
144.41	-4.87
144.01	-4.85
143.56	-4.88
143.33	-4.97
142.84	-4.95
142.34	-4.99
142.00	-5.28
142.09	-5.47
142.32	-5.34
142.55	-5.30
142.88	-5.15
143.07	-5.03
143.29	-5.02
143.60	-5.08
143.91	-5.15
144.43	-5.08
144.92	-5.20
145.51	-5.11
145.81	-4.97
146.19	-4.84
146.58	-4.79
146.94	-4.59
147.19	-4.70
147.58	-4.66
147.94	-4.66
148.10	-4.74
148.22	-4.72
148.41	-4.57
148.72	-4.65
148.88	-4.63
149.05	-4.64
149.18	-4.50
149.45	-4.46
149.65	-4.56
149.84	-4.46
149.94	-4.35
150.04	-4.29
150.09	-4.37
150.16	-4.29
150.15	-4.34
150.23	-4.40
150.34	-4.40
150.53	-4.48
150.55	-4.55
150.63	-4.65
150.64	-4.63
150.57	-4.58
150.55	-4.67
150.61	-4.70
150.79	-4.74
150.98	-4.84
151.00	-4.89
151.01	-4.96
151.04	-4.96
151.13	-5.05
151.20	-5.00
151.13	-4.98
151.29	-4.95
151.25	-5.03
151.41	-5.02
151.51	-5.00
151.63	-5.06
151.74	-5.18
152.29	-5.20
153.56	-5.10
156.50	-4.99
160.61	-5.29
164.83	-6.16
168.33	-6.94
172.09	-7.68
175.86	-9.16
178.02	-10.44
178.65	-11.29
178.91	-11.71
178.89	-12.01
178.85	-12.60
177.75	-12.61
177.20	-12.11
177.92	-12.49
179.73	-12.84
-178.19	-13.27
-176.05	-13.36
-174.42	-13.94
-173.76	-13.94
-173.82	-13.95
-174.05	-14.37
-174.65	-14.56
-175.21	-14.64
-175.57	-14.60
-175.95	-14.58
-176.27	-14.51
-176.42	-14.42
-176.50	-14.20
-176.37	-14.08
-176.41	-14.13
-176.32	-13.99
-176.17	-13.95
-176.04	-14.22
-176.18	-14.14
-176.17	-14.23
-176.14	-14.27
-176.05	-14.41
-176.08	-14.47
-176.02	-14.50
-176.00	-14.70
-176.06	-14.91
-175.42	-15.51
-174.64	-15.96
-173.91	-16.24
-172.79	-16.37
-171.78	-16.53
-170.67	-16.66
-170.07	-16.68
-170.02	-16.88
-170.30	-17.25
-170.81	-17.33
-171.44	-17.34
-171.64	-17.44
-171.73	-17.43
-171.70	-17.46
-171.76	-17.47
-171.79	-17.49
-171.73	-17.50
-171.70	-17.40
-171.77	-17.41
-171.84	-17.45
-171.97	-17.56
-172.02	-17.57
-172.05	-17.55
-171.99	-17.59
-172.01	-17.80
-172.12	-17.74
-172.38	-17.61
-172.63	-16.83
-172.57	-15.94
-172.92	-15.40
-172.82	-14.78
-172.56	-14.05
-172.31	-13.53
-172.55	-12.76
-173.04	-11.90
-172.77	-11.22
-172.38	-11.04
-172.04	-10.88
-171.95	-10.36
-171.66	-10.28
-170.92	-10.31
-170.17	-10.04
-169.46	-9.88
-169.26	-9.79
-169.27	-9.74
-169.56	-9.35
-169.95	-9.45
-170.06	-9.74
-170.07	-9.98
-170.14	-9.76
-170.24	-8.48
-169.55	-8.07
-168.97	-8.74
-168.47	-9.44
-167.68	-9.61
-167.28	-8.78
-166.87	-8.72
-165.85	-8.59
-165.62	-8.32
-165.67	-8.01
-165.82	-7.92
-165.82	-8.25
-165.86	-8.17
-165.33	-8.28
-165.59	-8.10
-165.47	-8.08
-165.29	-8.10
-165.13	-8.06
-164.71	-8.16
-164.73	-8.31
-164.77	-8.21
-164.73	-8.15
-164.81	-8.10
-165.08	-8.23
-165.27	-7.86
-165.35	-7.77
-165.56	-7.60
-166.01	-7.56
-166.23	-7.31
-166.68	-7.40
-167.13	-7.44
-167.43	-7.58
-167.37	-7.52
-167.41	-7.40
-167.73	-7.05
-167.81	-7.02
-167.92	-6.80
-168.23	-6.48
-168.11	-6.60
-168.17	-6.59
-168.07	-6.67
-168.11	-6.70
-168.07	-6.86
-167.99	-7.13
-168.21	-7.79
-168.24	-8.29
-168.44	-7.12
-168.64	-5.40
-168.54	-4.94
-167.97	-5.25
-166.92	-5.10
-165.30	-3.97
-164.09	-3.86
-162.71	-4.06
-161.06	-4.27
-158.77	-4.19
-156.71	-4.00
-154.50	-3.91
-152.25	-3.95
-149.84	-4.16
-147.29	-4.40
-144.07	-4.38
-140.54	-4.84
-136.53	-4.79
-133.05	-4.81
-129.56	-5.03
-126.25	-5.27
-122.55	-5.20
-118.55	-5.33
-113.17	-5.84
-108.44	-6.06
-103.08	-6.27
-98.08	-6.63
-94.01	-7.04
-89.62	-7.35
-85.63	-7.34
-81.39	-7.30
-77.91	-7.41
-74.72	-7.38
-71.89	-7.45
-69.74	-7.82
-68.06	-7.46
-66.76	-7.66
-65.80	-7.80
-65.31	-7.46
-64.36	-7.72
-63.08	-8.26
-62.18	-8.34
-61.53	-8.14
-60.24	-8.29
-57.97	-9.05
-55.80	-9.15
-53.94	-9.17
-52.39	-8.90
-51.50	-8.71
-50.60	-8.46
-49.07	-8.76
-47.29	-8.67
-45.09	-9.05
-42.64	-9.33
-39.90	-9.61
-37.13	-9.60
-34.35	-9.57
-32.03	-9.68
-29.00	-10.12
-26.44	-10.11
-23.71	-10.16
-21.30	-10.35
-19.30	-10.17
-18.02	-9.81
-17.20	-9.58
-16.40	-9.36
-15.97	-9.10
-15.47	-9.29
-14.58	-9.38
-13.39	-9.27
-11.99	-9.19
-10.96	-9.07
-10.18	-8.97
-9.70	-9.08
-9.30	-9.19
-9.03	-9.16
-8.76	-9.24
-7.85	-9.42
-5.46	-9.57
-0.29	-10.09
6.54	-11.16
13.23	-11.70
18.31	-11.76
21.50	-11.77
23.24	-12.04
23.58	-12.60
23.34	-13.23
22.99	-13.47
22.84	-13.55
22.95	-13.22
22.93	-13.10
22.82	-13.02
22.65	-12.82
22.45	-12.62
22.03	-12.33
21.63	-12.28
21.18	-12.18
20.77	-12.14
20.26	-11.97
19.78	-11.76
19.41	-11.64
18.98	-11.55
18.95	-11.55
18.71	-11.35
18.46	-11.21
17.99	-11.04
17.67	-10.53
17.14	-10.01
16.60	-9.55
16.00	-9.05
15.54	-8.94
15.48	-8.93
15.44	-8.90
15.54	-8.55
15.34	-7.89
15.06	-7.57
15.01	-7.25
14.96	-6.63
14.14	-5.88
13.56	-5.83
12.79	-5.67
11.50	-5.05
9.23	-4.57
6.14	-5.27
2.39	-6.44
-1.68	-7.52
-5.01	-8.63
-7.81	-9.81
-10.36	-10.65
-12.06	-11.49
-13.24	-12.87
-14.17	-14.56
-14.85	-15.52
-15.37	-16.57
-16.00	-18.73
-16.59	-21.94
-17.27	-24.90
-17.78	-28.28
-18.59	-31.73
-19.52	-34.99
-20.76	-37.88
-22.28	-40.08
-23.76	-40.13
-25.18	-39.36
-26.47	-38.45
-27.35	-37.18
-28.20	-35.77
-29.11	-34.10
-29.84	-32.40
-30.30	-30.57
-30.45	-28.33
-30.76	-25.42
-30.79	-22.69
-30.77	-19.82
-30.79	-16.70
-30.70	-12.89
-30.33	-9.81
-29.86	-8.31
-29.59	-8.25
-29.58	-8.89
-29.64	-9.65
-30.14	-10.00
-30.39	-10.19
-30.54	-10.31
-30.63	-10.27
-30.62	-10.22
-30.80	-10.05
-30.78	-9.87
-30.98	-9.63
-31.01	-9.55
-31.19	-9.39
-31.09	-9.45
-30.98	-9.55
-30.70	-9.52
-30.27	-9.58
-29.60	-9.53
-29.00	-9.33
-28.47	-9.34
-27.87	-9.10
-27.41	-8.95
-27.27	-8.74
-27.49	-8.47
-28.74	-7.80
-30.93	-7.27
-35.26	-6.39
-42.51	-5.37
-51.11	-4.66
-60.24	-3.16
-67.22	-1.80
-72.65	-0.73
-77.19	0.58
-81.80	1.41
-85.44	1.66
-89.24	1.93
-93.84	2.27
-98.71	3.73
-102.97	4.12
-106.01	3.85
-108.33	5.22
-111.27	6.16
-113.97	6.88
-115.59	7.53
-116.76	7.41
-118.99	7.38
-121.91	5.93
-125.36	2.04
-129.00	1.69
-132.42	3.31
-135.23	4.00
-137.68	3.48
-139.84	1.76
-141.76	1.25
-143.79	1.50
-145.50	1.58
-147.98	0.66
-151.49	-0.96
-155.73	-1.03
-160.08	0.06
-163.65	-0.36
-166.51	-1.34
-168.80	-2.35
-171.11	-2.27
-173.02	-2.15
-174.55	-2.40
-175.66	-2.44
-176.57	-2.32
-176.88	-2.01
-176.90	-1.97
-176.66	-1.84
-176.96	-1.62
-177.14	-1.61
-177.14	-1.80
-176.81	-1.84
-176.44	-1.63
-175.78	-1.59
-175.11	-1.58
-174.61	-1.52
-174.31	-1.46
-174.03	-1.38
-173.83	-1.26
-173.52	-1.16
-173.11	-1.11
-172.59	-1.13
-172.16	-1.03
-171.78	-1.02
-171.21	-0.92
-170.48	-0.73
-169.72	-0.91
-169.00	-0.95
-168.49	-1.05
-167.91	-1.14
-167.65	-1.30
-167.38	-1.21
-167.32	-1.29
-167.49	-1.36
-168.32	-1.34
-170.37	-1.54
-173.24	-1.89
-175.96	-2.27
-177.83	-2.40
-178.95	-2.77
-179.75	-3.03
-179.99	-3.12
-179.90	-3.11
-179.73	-3.10
-179.36	-3.03
-179.41	-3.07
-179.68	-3.11
-179.87	-3.29
180.02	-3.36
180.06	-3.51
-180.04	-3.38
-179.84	-3.31
-179.70	-3.49
-179.68	-3.50
-179.63	-3.50
-179.64	-3.54
-179.64	-3.59
-179.60	-3.60
-179.43	-3.64
-179.37	-3.60
-179.16	-3.53
-178.95	-3.32
-178.68	-3.08
-178.31	-2.76
-177.76	-2.34
-177.02	-1.67
-176.31	-1.08
-175.28	-0.12
-174.26	0.81
-173.15	1.52
-172.07	2.38
-171.06	3.36
-169.93	4.05
-169.09	4.47
-168.33	4.97
-167.48	5.27
-166.47	5.19
-165.29	5.02
-164.09	4.93
-162.74	4.69
-160.99	4.47
-158.84	3.88
-155.98	3.13
-152.45	2.06
-148.21	0.57
-143.95	-0.53
-139.98	-1.21
-136.46	-1.73
-133.49	-2.15
-130.86	-2.63
-128.43	-3.10
-126.37	-3.45
-124.23	-3.91
-121.95	-4.11
-119.83	-4.17
-117.54	-4.88
-115.41	-5.53
-112.86	-6.28
-110.14	-6.77
-106.88	-7.43
-103.27	-7.55
-100.18	-7.76
-97.01	-8.51
-94.11	-9.10
-91.87	-9.48
-89.40	-10.39
-86.74	-11.02
-84.18	-11.18
-81.96	-11.46
-79.85	-11.38
-77.77	-11.45
-76.47	-11.01
-75.33	-10.68
-74.19	-11.05
-73.29	-11.33
-72.16	-11.51
-71.15	-11.36
-70.27	-10.93
-69.26	-10.83
-68.00	-11.07
-65.94	-11.28
-63.64	-11.41
-61.47	-11.53
-59.21	-11.75
-56.46	-11.99
-53.38	-11.67
-50.04	-11.53
-45.77	-11.55
-41.97	-11.57
-38.49	-11.34
-35.36	-10.83
-32.66	-10.46
-30.34	-9.96
-27.61	-9.20
-24.99	-8.43
-23.08	-8.29
-21.69	-8.64
-19.79	-9.13
-17.14	-9.27
-14.13	-9.25
-12.07	-8.98
-10.48	-9.27
-9.44	-9.48
-8.59	-9.75
-7.86	-10.02
-7.15	-10.07
-6.39	-10.12
-5.26	-10.36
-3.99	-10.51
-3.05	-10.55
-1.98	-10.64
-1.27	-10.67
-0.57	-10.85
-0.07	-10.89
0.29	-10.55
0.67	-10.55
0.98	-10.47
1.06	-10.61
1.04	-10.93
1.06	-11.09
1.35	-11.13
1.78	-11.27
2.45	-11.50
3.37	-12.11
4.37	-12.24
4.84	-12.60
4.98	-12.81
5.27	-13.41
5.74	-12.99
5.55	-11.92
5.40	-11.46
5.51	-11.63
4.74	-11.62
4.38	-11.32
4.29	-11.10
4.30	-11.34
4.73	-11.66
5.11	-10.96
5.32	-11.09
5.40	-10.10
5.06	-10.63
4.55	-10.99
4.12	-11.33
3.79	-11.56
3.05	-11.89
2.42	-11.86
1.27	-11.39
-0.78	-11.33
-3.23	-11.42
-5.43	-11.51
-7.33	-11.60
-8.82	-11.80
-9.90	-12.07
-10.43	-12.18
-10.82	-12.19
-11.15	-12.12
-11.30	-12.30
-11.56	-12.24
-11.80	-12.12
-12.02	-11.91
-12.20	-11.79
-12.58	-11.78
-12.91	-11.75
-13.21	-11.65
-13.49	-11.58
-13.72	-11.68
-13.86	-11.72
-14.01	-11.69
-14.24	-11.61
-14.32	-11.77
-14.28	-11.73
-14.19	-11.84
-14.18	-11.88
-14.22	-11.82
-14.20	-11.92
-14.10	-12.24
-13.81	-12.64
-13.58	-13.03
-13.28	-13.28
-12.90	-13.77
-12.09	-14.28
-11.34	-14.85
-10.61	-15.24
-9.88	-15.63
-9.38	-15.80
-8.82	-16.01
-8.53	-16.38
-8.25	-16.81
-7.94	-17.10
-7.79	-17.06
-7.80	-16.74
-7.88	-16.28
-8.34	-15.68
-8.83	-14.99
-9.56	-14.01
-10.35	-13.00
-11.29	-12.00
-12.31	-10.81
-13.36	-9.85
-14.36	-8.96
-15.13	-8.48
-15.75	-8.07
-16.45	-7.78
-17.02	-7.41
-17.74	-7.08
-18.29	-6.66
-18.84	-6.41
-19.66	-6.06
-20.26	-5.89
-20.97	-5.76
-21.38	-6.02
-22.00	-5.94
-22.50	-6.06
-22.96	-6.06
-23.45	-6.01
-23.84	-6.13
-24.28	-6.34
-24.62	-6.40
-25.22	-6.19
-25.67	-6.34
-26.27	-6.54
-26.68	-6.79
-26.90	-7.16
-26.88	-7.39
-26.80	-7.50
-26.71	-7.58
-26.64	-7.50
-26.66	-7.73
-26.81	-7.69
-27.11	-7.92
-27.23	-8.07
-27.46	-8.06
-27.83	-7.95
-28.38	-7.87
-29.15	-7.94
-29.85	-8.05
-30.57	-8.20
-31.47	-7.61
-32.27	-7.20
-33.05	-7.94
-33.31	-8.58
-33.65	-8.90
-34.11	-9.28
-34.46	-9.75
-34.93	-10.05
-35.54	-10.04
-36.33	-10.11
-37.48	-10.08
-38.30	-9.80
-39.23	-9.58
-40.45	-9.83
-41.97	-9.95
-43.45	-9.92
-44.64	-9.84
-45.75	-9.65
-46.88	-9.42
-48.06	-8.69
-48.95	-8.14
-49.76	-7.90
-50.31	-8.34
-50.48	-7.93
-50.75	-6.33
-50.73	-5.44
-50.62	-5.51
-49.97	-6.16
-49.37	-6.21
-48.44	-6.71
-47.32	-7.34
-45.93	-7.32
-44.38	-6.36
-43.23	-5.24
-42.14	-4.66
-40.64	-3.30
-39.07	-1.77
-37.99	-1.21
-36.93	-1.27
-35.98	-1.35
-35.06	-1.70
-34.21	-1.93
-33.28	-2.14
-32.52	-2.55
-31.94	-3.01
-31.24	-3.41
-30.24	-3.87
-29.32	-4.43
-28.38	-4.84
-27.26	-5.10
-27.01	-4.44
-26.62	-4.03
-26.30	-4.48
-25.20	-4.73
-23.68	-5.66
-22.41	-6.45
-21.33	-6.60
-20.30	-6.42
-19.54	-6.99
-18.71	-7.98
-17.90	-8.81
-17.30	-8.81
-17.18	-8.80
-17.22	-9.04
-17.41	-9.67
-18.11	-10.69
-19.35	-11.65
-19.31	-13.94
-20.02	-14.57
-19.55	-16.75
-18.87	-19.10
-17.72	-20.93
-16.19	-23.08
-13.93	-25.52
-11.09	-27.49
-8.78	-28.68
-6.74	-29.73
-5.27	-30.15
-3.77	-30.94
-2.70	-31.88
-2.00	-32.23
-1.50	-32.66
-0.78	-32.98
-0.22	-33.23
0.27	-33.50
0.61	-33.67
1.08	-34.10
2.04	-34.46
2.50	-34.97
2.95	-34.95
3.27	-34.94
3.42	-35.13
3.27	-35.25
2.80	-35.29
2.33	-35.38
2.09	-35.56
1.82	-36.49
2.26	-37.41
3.03	-38.07
3.56	-38.82
3.83	-39.32
3.70	-39.90
3.57	-40.21
3.63	-40.26
3.90	-40.28
3.93	-40.30
4.05	-40.19
4.72	-40.13
5.67	-40.07
7.73	-39.93
12.04	-39.38
16.47	-38.12
19.95	-37.28
21.80	-36.42
22.68	-35.63
23.02	-35.12
23.20	-34.65
23.64	-34.30
24.54	-33.81
25.43	-33.40
26.05	-32.96
26.06	-32.05
26.12	-31.27
25.91	-30.46
25.73	-30.01
25.45	-29.49
24.70	-28.67
22.98	-27.35
20.46	-25.21
17.95	-23.84
16.00	-23.13
15.06	-21.52
14.54	-20.27
13.61	-19.23
13.30	-17.93
13.05	-17.31
12.75	-16.17
12.71	-14.75
12.16	-14.75
11.53	-14.47
11.34	-14.10
11.17	-14.69
10.86	-14.49
10.55	-14.62
10.01	-14.21
9.17	-13.42
8.65	-13.23
8.76	-13.35
9.14	-13.24
9.20	-13.50
9.14	-13.47
9.68	-13.03
11.43	-13.41
14.55	-13.71
19.09	-13.47
23.91	-12.49
28.43	-12.02
32.76	-10.68
36.59	-10.42
40.14	-10.13
42.85	-9.36
44.92	-9.10
47.51	-8.99
49.88	-9.07
52.15	-9.06
54.02	-8.42
55.63	-6.97
57.04	-5.69
58.33	-5.87
59.57	-6.54
60.92	-6.76
62.16	-6.69
63.31	-6.60
64.93	-6.95
66.59	-7.26
69.07	-7.02
70.49	-6.58
71.14	-7.17
71.28	-7.38
71.44	-7.92
72.11	-8.68
72.76	-8.82
73.39	-9.01
73.91	-9.14
74.03	-9.07
74.08	-9.17
74.08	-9.87
74.10	-10.23
74.13	-10.27
73.93	-10.18
73.66	-10.02
73.50	-9.91
73.52	-10.02
73.60	-10.03
73.55	-9.93
73.49	-9.84
73.43	-9.90
73.28	-10.07
72.83	-10.09
72.40	-10.11
71.87	-10.10
71.77	-10.26
71.60	-10.03
71.82	-9.99
72.79	-10.50
74.03	-10.02
75.56	-9.63
76.30	-9.73
77.41	-9.74
79.19	-9.45
81.20	-9.70
83.03	-9.96
85.16	-10.54
87.34	-10.21
89.30	-9.36
91.26	-9.10
93.14	-8.68
94.80	-8.14
96.21	-7.94
96.75	-7.71
97.02	-6.70
97.34	-5.54
97.81	-5.85
98.21	-6.49
99.02	-6.22
99.66	-6.24
100.31	-7.00
100.37	-6.75
101.23	-6.88
102.86	-7.18
104.67	-7.55
106.63	-7.34
109.24	-7.33
112.39	-7.23
116.26	-6.56
120.31	-5.82
123.32	-5.11
126.44	-4.01
130.65	-1.92
133.95	-0.26
136.26	1.92
137.37	3.76
138.03	5.60
138.61	7.07
138.54	7.96
138.02	8.18
137.86	8.39
137.90	8.33
137.97	8.26
138.13	8.32
138.36	8.53
138.56	8.74
138.40	8.72
138.28	8.84
138.38	9.05
138.70	9.14
139.05	9.13
139.28	9.24
139.81	9.10
140.15	8.71
140.15	8.56
139.91	8.39
139.52	7.81
138.55	6.82
135.00	4.46
128.94	2.43
122.16	1.80
116.02	0.64
110.82	-0.20
106.89	-0.68
104.81	-1.06
103.69	-1.49
102.80	-1.70
102.20	-1.59
101.71	-1.54
101.09	-1.62
100.25	-2.00
99.12	-2.45
98.02	-2.73
96.68	-2.76
95.53	-3.28
94.19	-3.95
92.84	-4.72
91.14	-5.88
89.21	-7.59
86.50	-10.81
82.83	-16.63
78.42	-21.38
74.47	-24.06
71.10	-26.32
68.83	-27.84
66.67	-28.75
64.84	-29.12
63.04	-29.05
61.79	-28.39
60.46	-27.84
59.15	-26.95
58.06	-26.17
57.28	-25.72
56.74	-25.29
56.54	-24.79
56.45	-24.15
56.45	-23.72
56.32	-23.43
56.16	-22.97
55.80	-22.38
55.34	-21.84
54.32	-21.45
52.96	-20.91
50.44	-20.04
46.67	-18.52
41.79	-16.98
35.89	-15.86
29.50	-15.32
23.86	-14.55
19.26	-14.21
15.68	-13.97
12.56	-13.78
10.45	-13.15
8.78	-12.60
6.77	-12.17
4.99	-12.18
2.95	-12.00
0.92	-11.64
-0.84	-11.23
-2.46	-11.12
-4.25	-11.03
-6.17	-11.27
-7.69	-11.57
-9.18	-11.81
-10.36	-11.93
-11.03	-12.13
-11.37	-12.26
-11.65	-12.52
-11.86	-12.51
-12.29	-12.48
-13.01	-12.62
-13.72	-12.78
-14.19	-13.11
-14.20	-13.38
-14.00	-13.37
-13.91	-13.38
-13.97	-13.28
-13.82	-13.36
-13.53	-13.30
-13.57	-13.01
-13.97	-12.28
-14.74	-11.67
-15.63	-11.98
-16.43	-12.59
-17.23	-12.84
-18.13	-12.75
-18.67	-12.96
-19.20	-13.48
-20.49	-13.73
-21.95	-13.69
-23.89	-13.65
-26.61	-13.93
-29.42	-14.02
-31.44	-13.60
-34.15	-14.09
-36.43	-15.14
-38.85	-15.66
-41.16	-15.67
-43.72	-15.51
-46.22	-15.22
-48.90	-15.34
-51.66	-15.89
-54.98	-15.96
-57.39	-16.18
-59.59	-16.85
-62.08	-17.02
-64.32	-16.99
-66.22	-17.01
-67.74	-17.06
-69.35	-17.08
-70.59	-16.47
-71.58	-14.51
-72.74	-11.33
-73.85	-9.93
-74.21	-11.26
-74.12	-14.11
-74.88	-14.50
-75.73	-13.57
-76.70	-13.04
-77.93	-13.25
-79.21	-12.59
-80.20	-12.19
-80.95	-11.45
-82.21	-10.98
-83.84	-11.35
-85.50	-12.24
-87.26	-12.63
-88.46	-13.16
-89.19	-13.70
-89.69	-14.00
-89.78	-14.33
-90.23	-13.80
-90.64	-13.31
-91.18	-13.74
-91.99	-13.81
-92.97	-13.68
-93.91	-13.50
-94.75	-13.45
-95.31	-13.27
-95.79	-13.65
-96.17	-13.86
-96.04	-13.84
-96.72	-13.99
-97.69	-14.38
-98.56	-14.76
-99.26	-15.20
-100.13	-15.52
-101.36	-15.57
-102.46	-15.57
-103.61	-15.57
-104.84	-15.38
-105.72	-15.32
-106.97	-15.35
-108.17	-15.54
-109.26	-15.58
-109.88	-15.56
-110.08	-15.78
-110.33	-15.93
-110.67	-16.33
-111.01	-16.71
-111.34	-16.95
-111.50	-17.01
-111.74	-17.01
-111.74	-17.07
-111.81	-17.11
-111.61	-17.03
-111.56	-17.04
-111.37	-17.05
-111.19	-16.97
-110.94	-16.98
-110.75	-17.02
-110.57	-16.99
-110.50	-16.99
-110.38	-17.09
-110.25	-17.03
-109.96	-17.05
-109.75	-17.08
-109.54	-17.12
-109.38	-17.20
-109.26	-17.26
-109.10	-17.23
-109.25	-17.28
-109.42	-17.36
-109.75	-17.35
-110.22	-17.43
-110.64	-17.36
-110.92	-17.43
-111.28	-17.36
-111.53	-17.33
-111.95	-17.22
-111.95	-17.12
-112.16	-17.14
-112.17	-17.13
-111.84	-17.55
-111.68	-17.58
-111.82	-17.38
-112.05	-17.44
-112.10	-17.36
-112.02	-17.04
-111.89	-16.54
-112.06	-16.78
-111.83	-16.90
-111.08	-16.69
-111.02	-16.03
-111.34	-15.35
-111.49	-15.18
-111.73	-15.52
-111.69	-15.85
-111.24	-16.09
-110.88	-16.12
-110.34	-16.22
-109.72	-16.18
-108.77	-15.80
-107.72	-15.84
-106.51	-16.25
-105.46	-16.20
-104.71	-16.48
-103.96	-16.58
-103.26	-16.33
-102.46	-16.33
-101.65	-16.87
-100.52	-17.16
-99.58	-17.16
-98.76	-17.40
-97.86	-17.40
-96.80	-17.63
-95.74	-18.01
-94.32	-18.32
-92.71	-18.32
-90.89	-18.55
-89.11	-18.69
-87.07	-18.99
-85.46	-19.39
-84.05	-20.21
-82.82	-21.69
-81.77	-23.79
-81.00	-26.11
-80.42	-28.60
-80.04	-31.86
-79.82	-34.45
-79.81	-37.04
-80.02	-38.77
-79.74	-39.88
-79.64	-40.51
-80.03	-40.69
-80.32	-41.08
-80.36	-41.33
-80.06	-41.68
-79.22	-41.81
-78.15	-41.74
-76.93	-41.51
-75.59	-41.28
-73.66	-41.38
-70.91	-41.36
-67.11	-41.20
-62.94	-41.54
-59.40	-42.14
-56.57	-42.85
-53.27	-43.54
-49.79	-44.13
-46.34	-44.30
-43.41	-44.36
-41.21	-44.74
-39.93	-45.22
-39.71	-45.97
-39.92	-47.05
-39.55	-48.08
-37.65	-48.60
-35.23	-48.47
-32.06	-48.42
-28.92	-48.46
-25.55	-48.66
-22.40	-49.03
-18.71	-49.46
-13.90	-49.96
-8.52	-50.64
-3.08	-51.38
1.76	-52.10
6.75	-52.34
10.27	-52.57
13.97	-52.86
16.96	-53.31
18.46	-53.49
19.19	-54.17
18.42	-54.52
18.21	-55.42
18.03	-56.77
18.45	-58.13
19.50	-60.00
20.21	-61.14
20.17	-61.93
21.26	-63.07
22.85	-64.58
25.79	-66.74
28.33	-68.91
27.90	-70.33
26.32	-71.29
25.73	-72.68
25.55	-73.14
25.92	-72.90
26.23	-72.55
26.68	-72.35
26.92	-72.40
26.77	-72.67
25.56	-72.64
24.80	-72.54
24.28	-72.24
23.98	-72.00
24.23	-71.82
24.33	-71.60
24.15	-71.50
23.63	-71.35
22.22	-71.19
21.66	-71.18
21.50	-71.02
21.65	-70.47
21.90	-70.24
21.52	-70.27
20.96	-70.16
20.07	-70.02
19.43	-69.95
18.82	-69.52
18.48	-69.14
17.73	-68.97
17.74	-68.59
17.70	-67.80
17.89	-67.05
18.17	-66.14
18.79	-65.13
19.06	-64.43
19.57	-63.94
20.44	-63.13
21.31	-62.87
21.50	-62.55
21.54	-62.27
21.83	-61.53
21.91	-60.05
22.06	-57.14
23.27	-53.41
25.48	-49.59
28.76	-45.28
32.35	-41.90
37.03	-37.90
42.21	-33.50
46.83	-29.74
50.32	-27.44
53.14	-25.14
55.21	-23.05
56.96	-21.13
58.50	-19.76
59.75	-18.43
60.59	-17.43
60.95	-17.06
61.07	-16.94
60.81	-16.86
60.73	-16.98
60.75	-17.04
61.09	-16.71
61.63	-16.51
62.31	-16.50
63.09	-16.46
63.79	-16.52
64.31	-16.67
64.91	-16.94
65.10	-16.68
65.11	-16.90
65.14	-17.13
64.71	-17.39
64.26	-17.95
63.77	-18.49
62.68	-18.77
60.98	-19.06
59.84	-19.33
59.55	-19.78
59.28	-19.76
59.10	-19.74
58.27	-19.94
57.44	-20.13
57.32	-20.23
57.65	-20.29
57.94	-20.56
58.02	-20.71
58.06	-21.05
58.50	-21.33
58.96	-21.74
59.25	-22.06
59.51	-22.06
59.53	-22.13
59.50	-21.93
59.45	-21.91
59.32	-22.05
59.47	-22.00
59.94	-21.64
60.62	-21.44
61.53	-21.48
62.29	-21.22
63.42	-20.93
65.01	-20.21
67.93	-18.78
69.90	-17.57
70.81	-17.20
71.27	-16.86
71.84	-16.34
73.03	-15.98
74.27	-16.13
75.28	-16.57
76.26	-16.75
76.81	-16.59
77.05	-16.45
77.12	-16.45
77.15	-16.69
76.95	-16.84
76.70	-16.88
77.01	-16.65
77.85	-16.58
78.26	-16.49
78.39	-16.45
78.51	-16.82
78.42	-17.05
78.43	-17.36
78.43	-17.64
78.54	-17.71
78.37	-17.64
78.21	-17.77
78.06	-17.89
78.02	-17.96
77.85	-17.91
77.90	-17.82
78.06	-17.82
78.14	-17.84
78.05	-17.89
78.00	-17.67
78.30	-17.62
78.26	-17.53
78.26	-17.59
78.21	-17.61
78.09	-17.55
77.94	-17.57
77.98	-17.59
77.80	-17.65
77.47	-17.54
77.61	-17.65
77.77	-17.86
77.87	-17.90
77.60	-17.85
77.26	-17.77
77.01	-17.68
76.63	-17.68
76.54	-17.74
76.40	-17.63
76.38	-17.52
76.18	-17.34
76.17	-16.95
75.91	-16.71
75.64	-16.83
75.42	-16.81
75.11	-16.66
74.83	-16.68
74.46	-16.66
74.50	-16.61
74.44	-16.61
74.45	-16.45
74.42	-16.49
74.37	-16.48
74.34	-16.60
74.36	-16.77
74.37	-16.79
74.36	-16.82
74.14	-16.85
73.96	-17.12
73.99	-17.18
74.05	-17.13
74.21	-17.24
74.41	-17.22
74.92	-17.21
75.64	-17.41
76.70	-17.26
78.73	-17.00
80.96	-16.86
83.48	-16.96
85.93	-16.71
88.40	-16.14
90.47	-15.59
92.06	-15.34
93.49	-15.26
94.04	-15.33
94.25	-15.37
94.30	-15.51
94.30	-15.41
94.23	-15.46
93.91	-15.58
93.60	-15.55
93.33	-15.43
93.23	-15.45
93.30	-15.31
93.40	-15.19
93.39	-15.26
93.43	-15.58
93.40	-15.82
92.98	-15.61
92.42	-15.29
91.88	-15.15
91.89	-15.61
92.18	-16.18
92.57	-16.21
92.63	-15.50
92.27	-14.99
91.88	-15.17
91.54	-15.27
91.40	-15.21
91.25	-15.25
91.29	-15.26
91.27	-15.22
91.11	-15.29
90.97	-15.18
90.57	-15.17
90.16	-15.11
89.79	-15.05
89.53	-15.22
89.65	-15.21
89.79	-15.36
89.64	-15.39
89.56	-15.48
89.22	-15.48
89.18	-15.61
89.23	-15.64
89.04	-15.60
88.89	-15.51
88.73	-15.58
88.47	-15.40
88.24	-15.25
87.88	-15.03
87.51	-14.82
86.94	-14.56
86.47	-14.18
85.95	-13.92
85.76	-13.83
85.61	-13.76
85.39	-13.69
85.08	-13.56
84.68	-13.57
84.27	-13.68
83.57	-13.55
82.84	-13.69
81.79	-13.92
80.77	-14.29
79.82	-14.68
78.68	-15.02
77.08	-14.91
75.56	-14.65
73.93	-14.31
72.20	-13.85
70.60	-13.73
68.91	-13.51
67.37	-13.45
65.59	-13.49
63.82	-13.46
62.04	-13.37
60.54	-13.73
58.46	-14.11
55.44	-14.86
51.18	-15.66
47.01	-16.08
43.06	-16.39
38.42	-16.58
33.43	-16.19
28.05	-15.89
22.55	-15.86
17.36	-15.96
13.09	-15.92
8.41	-15.94
4.25	-16.18
0.37	-16.47
-2.93	-16.62
-6.05	-16.53
-8.90	-16.53
-11.48	-16.55
-13.62	-16.13
-16.15	-15.76
-18.54	-15.45
-20.88	-15.21
-22.97	-15.46
-25.32	-15.43
-27.49	-16.02
-29.61	-15.67
-32.19	-15.33
-35.16	-15.42
-38.07	-15.78
-40.93	-15.72
-43.98	-15.96
-46.83	-16.34
-49.86	-16.85
-53.10	-17.29
-56.40	-17.67
-59.35	-17.90
-62.27	-17.95
-65.90	-18.07
-69.11	-18.06
-72.54	-17.85
-76.42	-17.61
-80.77	-17.59
-85.82	-16.78
-90.13	-16.76
-94.21	-16.22
-97.62	-15.92
-100.42	-15.30
-102.82	-14.72
-104.87	-14.14
-106.88	-13.38
-109.14	-12.65
-111.29	-12.00
-113.32	-11.67
-114.87	-11.30
-116.15	-10.89
-117.11	-10.34
-117.66	-9.82
-118.22	-9.53
-118.75	-9.23
-119.17	-8.87
-119.56	-8.54
-120.00	-8.07
-120.42	-7.49
-120.63	-6.97
-120.82	-5.87
-120.70	-4.69
-121.00	-3.47
-121.22	-2.40
-121.41	-1.74
-120.91	-0.53
-120.27	1.00
-119.31	2.59
-118.02	4.84
-116.48	6.74
-115.15	8.20
-114.02	9.35
-113.48	9.91
-113.20	9.96
-113.28	9.56
-113.56	9.35
-113.83	9.04
-114.12	8.51
-114.27	7.26
-114.35	4.73
-114.21	1.28
-113.62	-1.88
-112.57	-5.51
-111.25	-9.00
-109.87	-12.43
-108.64	-15.61
-107.56	-17.21
-106.96	-18.64
-106.58	-20.52
-106.12	-22.43
-105.49	-24.06
-105.09	-25.75
-104.91	-27.86
-104.72	-29.98
-104.45	-32.56
-104.14	-35.03
-103.66	-37.46
-103.05	-39.21
-102.42	-39.83
-101.23	-39.79
-99.59	-40.10
-98.62	-40.98
-97.51	-42.16
-96.85	-42.67
-96.26	-42.46
-95.60	-42.30
-95.27	-42.41
-95.03	-42.26
-94.40	-41.84
-93.63	-41.36
-93.22	-40.85
-92.81	-40.29
-92.15	-40.13
-91.53	-40.24
-91.50	-40.45
-91.64	-40.80
-91.91	-40.81
-92.05	-40.63
-92.20	-41.00
-92.22	-41.46
-93.00	-41.28
-94.07	-40.70
-95.45	-40.69
-97.28	-40.71
-98.62	-40.81
-99.74	-40.95
-100.44	-41.07
-101.29	-40.94
-101.85	-40.66
-102.31	-40.53
-102.87	-40.58
-103.53	-41.08
-103.71	-41.29
-103.93	-41.08
-103.61	-41.02
-103.34	-41.32
-103.09	-41.28
-102.40	-40.48
-101.48	-39.75
-100.72	-39.74
-99.66	-40.03
-98.57	-40.08
-97.04	-40.20
-95.67	-40.01
-94.50	-40.08
-93.14	-40.15
-92.06	-40.18
-91.21	-40.18
-90.79	-40.11
-90.46	-39.59
-89.93	-38.82
-89.00	-38.54
-87.59	-38.80
-86.34	-39.05
-85.20	-39.06
-84.86	-38.29
-84.43	-37.98
-84.00	-37.92
-83.26	-37.79
-82.04	-37.56
-80.56	-37.84
-79.36	-38.05
-78.43	-38.11
