90.05	0.00
139.69	-19.94
139.69	-19.94
139.99	-17.97
139.99	-17.97
139.64	-17.25
139.64	-17.25
138.40	-15.89
138.40	-15.89
137.22	-15.76
137.22	-15.76
136.06	-16.23
136.06	-16.23
135.72	-16.12
135.72	-16.12
135.55	-16.76
135.55	-16.76
136.08	-16.55
136.08	-16.55
137.10	-16.14
137.10	-16.14
137.62	-15.04
137.62	-15.04
137.15	-15.30
137.15	-15.30
137.39	-15.77
137.39	-15.77
137.61	-15.84
137.61	-15.84
136.66	-19.02
136.66	-19.02
135.97	-19.14
135.97	-19.14
137.06	-18.20
137.06	-18.20
139.49	-17.66
139.49	-17.66
141.62	-19.89
141.62	-19.89
139.13	-20.02
139.13	-20.02
138.80	-18.80
138.80	-18.80
137.15	-19.97
137.15	-19.97
138.06	-18.74
138.06	-18.74
138.26	-18.18
138.26	-18.18
138.04	-17.01
138.04	-17.01
137.37	-16.57
137.37	-16.57
136.95	-15.74
136.95	-15.74
136.56	-16.16
136.56	-16.16
136.27	-15.50
136.27	-15.50
136.19	-16.20
136.19	-16.20
136.44	-16.57
136.44	-16.57
136.20	-17.11
136.20	-17.11
136.15	-17.40
136.15	-17.40
137.46	-17.09
137.46	-17.09
138.28	-16.89
138.28	-16.89
138.04	-17.11
138.04	-17.11
137.77	-16.12
137.77	-16.12
138.26	-15.53
138.26	-15.53
138.56	-16.53
138.56	-16.53
138.08	-16.25
138.08	-16.25
137.77	-15.76
137.77	-15.76
136.94	-14.79
136.94	-14.79
135.62	-13.69
135.62	-13.69
134.82	-15.09
134.82	-15.09
134.55	-15.66
134.55	-15.66
133.66	-14.80
133.66	-14.80
131.20	-14.17
131.20	-14.17
128.05	-12.09
128.05	-12.09
125.53	-10.38
125.53	-10.38
122.01	-9.24
122.01	-9.24
118.01	-8.20
118.01	-8.20
113.89	-7.70
113.89	-7.70
110.31	-7.15
110.31	-7.15
108.33	-6.82
108.33	-6.82
107.08	-7.06
107.08	-7.06
106.62	-7.47
106.62	-7.47
106.91	-7.63
106.91	-7.63
107.49	-7.20
107.49	-7.20
108.26	-5.75
108.26	-5.75
110.57	-4.29
110.57	-4.29
115.42	-2.85
115.42	-2.85
121.49	-1.90
121.49	-1.90
128.61	-1.24
128.61	-1.24
137.23	-0.48
137.23	-0.48
145.63	0.05
145.63	0.05
153.68	0.23
153.68	0.23
160.66	-0.16
160.66	-0.16
166.96	-0.80
166.96	-0.80
171.90	-0.97
171.90	-0.97
175.50	-1.80
175.50	-1.80
178.02	-2.02
178.02	-2.02
179.90	-1.57
179.90	-1.57
-178.79	-0.63
-178.79	-0.63
-178.53	-0.81
-178.53	-0.81
179.80	-1.25
179.80	-1.25
176.30	-2.82
176.30	-2.82
171.41	-2.00
171.41	-2.00
166.73	-2.44
166.73	-2.44
163.50	-2.00
163.50	-2.00
160.20	-1.91
160.20	-1.91
157.73	-2.15
157.73	-2.15
156.21	-2.39
156.21	-2.39
155.85	-2.95
155.85	-2.95
156.30	-3.74
156.30	-3.74
157.34	-3.99
157.34	-3.99
158.83	-4.06
158.83	-4.06
160.94	-4.51
160.94	-4.51
163.25	-5.28
163.25	-5.28
165.49	-5.32
165.49	-5.32
167.42	-4.71
167.42	-4.71
168.22	-4.14
168.22	-4.14
167.78	-3.66
167.78	-3.66
166.11	-3.79
166.11	-3.79
163.22	-4.53
163.22	-4.53
159.69	-4.97
159.69	-4.97
156.63	-4.66
156.63	-4.66
153.99	-4.10
153.99	-4.10
152.21	-3.47
152.21	-3.47
151.36	-3.23
151.36	-3.23
151.21	-3.66
151.21	-3.66
151.60	-4.31
151.60	-4.31
152.16	-5.44
152.16	-5.44
152.87	-7.60
152.87	-7.60
152.15	-9.51
152.15	-9.51
149.94	-11.63
149.94	-11.63
144.90	-14.95
144.90	-14.95
138.77	-19.65
138.77	-19.65
132.97	-27.03
132.97	-27.03
126.13	-38.15
126.13	-38.15
117.99	-45.64
117.99	-45.64
115.86	-46.53
115.86	-46.53
117.49	-46.21
117.49	-46.21
118.86	-46.71
118.86	-46.71
119.60	-48.31
119.60	-48.31
118.32	-51.54
118.32	-51.54
115.62	-54.95
115.62	-54.95
114.59	-57.99
114.59	-57.99
113.68	-60.20
113.68	-60.20
112.44	-64.07
112.44	-64.07
111.45	-67.50
111.45	-67.50
111.58	-71.05
111.58	-71.05
113.45	-72.35
113.45	-72.35
115.95	-73.28
115.95	-73.28
119.98	-73.22
119.98	-73.22
122.25	-72.83
122.25	-72.83
122.58	-72.39
122.58	-72.39
122.39	-72.03
122.39	-72.03
121.45	-72.12
121.45	-72.12
120.49	-72.19
120.49	-72.19
119.51	-70.56
119.51	-70.56
120.48	-69.64
120.48	-69.64
125.02	-70.18
125.02	-70.18
133.78	-72.18
133.78	-72.18
145.09	-74.14
145.09	-74.14
150.59	-74.19
150.59	-74.19
145.26	-74.20
145.26	-74.20
134.25	-73.88
134.25	-73.88
124.30	-73.39
124.30	-73.39
119.55	-72.60
119.55	-72.60
121.53	-71.20
121.53	-71.20
125.83	-71.04
125.83	-71.04
129.17	-71.04
129.17	-71.04
127.81	-70.27
127.81	-70.27
123.25	-68.66
123.25	-68.66
120.58	-67.19
120.58	-67.19
122.44	-67.16
122.44	-67.16
130.44	-67.96
130.44	-67.96
133.61	-68.09
133.61	-68.09
132.78	-67.45
132.78	-67.45
135.77	-67.36
135.77	-67.36
141.92	-67.26
141.92	-67.26
146.74	-66.31
146.74	-66.31
148.35	-65.21
148.35	-65.21
150.81	-63.68
150.81	-63.68
153.20	-63.01
153.20	-63.01
152.02	-62.19
152.02	-62.19
144.64	-62.05
144.64	-62.05
137.85	-61.82
137.85	-61.82
139.80	-61.68
139.80	-61.68
143.01	-57.71
143.01	-57.71
142.31	-56.49
142.31	-56.49
139.95	-56.10
139.95	-56.10
136.49	-56.28
136.49	-56.28
136.19	-57.46
136.19	-57.46
137.95	-57.30
137.95	-57.30
139.44	-55.92
139.44	-55.92
137.28	-52.72
137.28	-52.72
135.21	-50.02
135.21	-50.02
133.09	-47.22
133.09	-47.22
131.45	-44.47
131.45	-44.47
130.26	-40.50
130.26	-40.50
127.81	-37.76
127.81	-37.76
126.34	-34.40
126.34	-34.40
125.29	-30.41
125.29	-30.41
122.87	-25.39
122.87	-25.39
119.90	-21.75
119.90	-21.75
118.85	-19.92
118.85	-19.92
121.10	-16.71
121.10	-16.71
123.57	-15.58
123.57	-15.58
123.74	-13.74
123.74	-13.74
122.54	-11.76
122.54	-11.76
121.88	-11.34
121.88	-11.34
121.29	-9.44
121.29	-9.44
120.15	-8.76
120.15	-8.76
118.81	-8.83
118.81	-8.83
118.07	-10.50
118.07	-10.50
116.79	-10.43
116.79	-10.43
116.68	-10.69
116.68	-10.69
116.36	-10.96
116.36	-10.96
116.77	-8.95
116.77	-8.95
118.92	-9.02
118.92	-9.02
116.98	-8.37
116.98	-8.37
112.77	-8.69
112.77	-8.69
113.72	-13.20
113.72	-13.20
113.15	-14.87
113.15	-14.87
111.94	-17.97
111.94	-17.97
110.44	-20.61
110.44	-20.61
110.52	-22.58
110.52	-22.58
112.00	-21.95
112.00	-21.95
112.24	-21.18
112.24	-21.18
111.32	-20.81
111.32	-20.81
111.96	-20.53
111.96	-20.53
112.80	-21.00
112.80	-21.00
113.42	-21.56
113.42	-21.56
113.97	-23.74
113.97	-23.74
114.11	-27.45
114.11	-27.45
115.10	-33.66
115.10	-33.66
116.22	-35.00
116.22	-35.00
118.00	-37.89
118.00	-37.89
118.09	-37.90
118.09	-37.90
118.40	-38.72
118.40	-38.72
119.21	-39.67
119.21	-39.67
119.03	-40.63
119.03	-40.63
118.96	-42.87
118.96	-42.87
119.37	-44.54
119.37	-44.54
121.50	-45.26
121.50	-45.26
122.63	-46.26
122.63	-46.26
122.68	-46.10
122.68	-46.10
122.56	-45.47
122.56	-45.47
121.88	-45.14
121.88	-45.14
121.17	-45.02
121.17	-45.02
121.01	-45.50
121.01	-45.50
120.82	-44.55
120.82	-44.55
120.87	-44.30
120.87	-44.30
120.51	-44.70
120.51	-44.70
119.99	-44.07
119.99	-44.07
119.68	-43.05
119.68	-43.05
119.51	-42.32
119.51	-42.32
119.31	-41.55
119.31	-41.55
119.84	-40.76
119.84	-40.76
120.16	-40.16
120.16	-40.16
119.75	-38.28
119.75	-38.28
119.90	-38.12
119.90	-38.12
119.49	-38.02
119.49	-38.02
117.42	-36.95
117.42	-36.95
116.06	-36.16
116.06	-36.16
116.40	-36.74
116.40	-36.74
116.38	-37.05
116.38	-37.05
115.41	-36.62
115.41	-36.62
114.52	-36.07
114.52	-36.07
114.65	-36.40
114.65	-36.40
115.07	-36.38
115.07	-36.38
115.76	-36.36
115.76	-36.36
117.26	-36.89
117.26	-36.89
117.42	-37.17
117.42	-37.17
116.73	-36.83
116.73	-36.83
116.42	-36.14
116.42	-36.14
116.52	-35.67
116.52	-35.67
116.03	-35.83
116.03	-35.83
115.59	-35.98
115.59	-35.98
116.04	-36.39
116.04	-36.39
115.33	-36.11
115.33	-36.11
114.64	-36.23
114.64	-36.23
114.16	-36.77
114.16	-36.77
115.03	-38.36
115.03	-38.36
116.11	-39.11
116.11	-39.11
116.65	-39.13
116.65	-39.13
115.94	-40.21
115.94	-40.21
115.61	-40.35
115.61	-40.35
116.40	-39.44
116.40	-39.44
116.19	-39.40
116.19	-39.40
114.02	-39.18
114.02	-39.18
113.69	-37.83
113.69	-37.83
113.97	-37.74
113.97	-37.74
113.58	-36.59
113.58	-36.59
113.95	-35.64
113.95	-35.64
114.02	-35.24
114.02	-35.24
114.07	-35.36
114.07	-35.36
113.95	-34.53
113.95	-34.53
115.55	-33.95
115.55	-33.95
116.44	-33.14
116.44	-33.14
116.36	-31.99
116.36	-31.99
116.04	-30.71
116.04	-30.71
115.84	-29.35
115.84	-29.35
116.22	-27.30
116.22	-27.30
116.34	-25.19
116.34	-25.19
116.90	-23.99
116.90	-23.99
117.40	-23.18
117.40	-23.18
117.41	-22.28
117.41	-22.28
116.73	-20.92
116.73	-20.92
115.47	-18.64
115.47	-18.64
114.17	-16.47
114.17	-16.47
113.09	-15.89
113.09	-15.89
111.99	-15.13
111.99	-15.13
111.29	-13.41
111.29	-13.41
112.82	-11.16
112.82	-11.16
115.95	-8.78
115.95	-8.78
119.64	-6.32
119.64	-6.32
123.18	-3.39
123.18	-3.39
126.59	-1.30
126.59	-1.30
128.81	1.15
128.81	1.15
130.25	2.91
130.25	2.91
131.08	3.86
131.08	3.86
131.91	4.75
131.91	4.75
133.20	5.93
133.20	5.93
136.36	6.63
136.36	6.63
140.66	8.20
140.66	8.20
145.39	9.30
145.39	9.30
150.52	9.45
150.52	9.45
154.78	10.11
154.78	10.11
158.81	10.49
158.81	10.49
162.50	10.70
162.50	10.70
165.70	11.19
165.70	11.19
169.03	12.20
169.03	12.20
172.27	13.72
172.27	13.72
175.55	14.69
175.55	14.69
179.54	15.80
179.54	15.80
-177.00	16.98
-177.00	16.98
-173.26	17.68
-173.26	17.68
-169.55	18.09
-169.55	18.09
-165.32	18.74
-165.32	18.74
-160.78	18.56
-160.78	18.56
-156.82	18.65
-156.82	18.65
-153.44	19.41
-153.44	19.41
-150.13	20.07
-150.13	20.07
-146.91	20.28
-146.91	20.28
-143.37	19.40
-143.37	19.40
-139.59	17.69
-139.59	17.69
-135.62	16.86
-135.62	16.86
-131.94	15.13
-131.94	15.13
-129.14	14.41
-129.14	14.41
-128.34	15.16
-128.34	15.16
-128.53	15.78
-128.53	15.78
-127.97	14.79
-127.97	14.79
-125.48	14.06
-125.48	14.06
-122.83	14.77
-122.83	14.77
-117.68	13.90
-117.68	13.90
-111.64	11.51
-111.64	11.51
-105.24	11.26
-105.24	11.26
-98.95	10.31
-98.95	10.31
-94.79	11.87
-94.79	11.87
-93.71	8.47
-93.71	8.47
-90.05	5.96
-90.05	5.96
-84.69	2.83
-84.69	2.83
-81.71	3.84
-81.71	3.84
-80.69	3.02
-80.69	3.02
-79.17	1.35
-79.17	1.35
-76.65	0.13
-76.65	0.13
-73.51	-0.81
-73.51	-0.81
-70.29	-2.02
-70.29	-2.02
-67.12	-1.91
-67.12	-1.91
-64.58	-1.57
-64.58	-1.57
-62.75	-2.95
-62.75	-2.95
-60.75	-3.28
-60.75	-3.28
-59.48	-2.79
-59.48	-2.79
-58.16	-2.89
-58.16	-2.89
-57.19	-2.88
-57.19	-2.88
-56.49	-2.37
-56.49	-2.37
-56.76	-2.16
-56.76	-2.16
-57.02	-2.13
-57.02	-2.13
-56.79	-2.74
-56.79	-2.74
-54.30	-3.21
-54.30	-3.21
-50.79	-4.06
-50.79	-4.06
-47.98	-4.20
-47.98	-4.20
-46.03	-4.56
-46.03	-4.56
-45.16	-4.78
-45.16	-4.78
-44.60	-5.03
-44.60	-5.03
-44.66	-4.86
-44.66	-4.86
-46.15	-5.17
-46.15	-5.17
-48.66	-5.93
-48.66	-5.93
-52.11	-7.03
-52.11	-7.03
-55.37	-8.26
-55.37	-8.26
-58.11	-8.87
-58.11	-8.87
-60.70	-9.29
-60.70	-9.29
-63.29	-12.65
-63.29	-12.65
-65.80	-15.20
-65.80	-15.20
-68.44	-15.29
-68.44	-15.29
-70.26	-15.85
-70.26	-15.85
-71.43	-16.16
-71.43	-16.16
-73.04	-15.86
-73.04	-15.86
-75.18	-15.47
-75.18	-15.47
-76.90	-15.26
-76.90	-15.26
-78.33	-14.23
-78.33	-14.23
-79.30	-13.78
-79.30	-13.78
-79.73	-13.82
-79.73	-13.82
-79.80	-13.57
-79.80	-13.57
-79.85	-13.00
-79.85	-13.00
-80.32	-12.62
-80.32	-12.62
-80.85	-12.06
-80.85	-12.06
-81.33	-11.20
-81.33	-11.20
-81.88	-9.84
-81.88	-9.84
-82.33	-8.93
-82.33	-8.93
-82.85	-8.55
-82.85	-8.55
-83.72	-7.50
-83.72	-7.50
-84.34	-6.41
-84.34	-6.41
-84.41	-5.80
-84.41	-5.80
-84.28	-6.22
-84.28	-6.22
-83.66	-7.47
-83.66	-7.47
-84.31	-2.91
-84.31	-2.91
-85.08	-3.71
-85.08	-3.71
-86.90	-5.54
-86.90	-5.54
-88.66	-8.65
-88.66	-8.65
-89.82	-10.65
-89.82	-10.65
-90.07	-12.06
-90.07	-12.06
-90.24	-12.37
-90.24	-12.37
-92.33	-16.19
-92.33	-16.19
-92.05	-16.65
-92.05	-16.65
-92.16	-15.82
-92.16	-15.82
-92.10	-16.69
-92.10	-16.69
-91.99	-18.71
-91.99	-18.71
-92.45	-18.43
-92.45	-18.43
-92.70	-17.92
-92.70	-17.92
-92.67	-17.97
-92.67	-17.97
-92.76	-18.19
-92.76	-18.19
-93.10	-17.64
-93.10	-17.64
-93.65	-16.53
-93.65	-16.53
-94.68	-14.79
-94.68	-14.79
-94.53	-14.89
-94.53	-14.89
-94.17	-14.60
-94.17	-14.60
-93.96	-14.44
-93.96	-14.44
-92.74	-14.33
-92.74	-14.33
-92.35	-13.80
-92.35	-13.80
-92.63	-13.51
-92.63	-13.51
-92.32	-14.29
-92.32	-14.29
-92.57	-14.47
-92.57	-14.47
-93.30	-14.38
-93.30	-14.38
-94.33	-14.82
-94.33	-14.82
-95.46	-15.25
-95.46	-15.25
-96.93	-15.80
-96.93	-15.80
-98.79	-16.42
-98.79	-16.42
-100.53	-16.81
-100.53	-16.81
-101.52	-17.04
-101.52	-17.04
-102.37	-17.34
-102.37	-17.34
-103.31	-17.30
-103.31	-17.30
-105.51	-17.06
-106.04	-16.94
-106.04	-16.94
-108.40	-16.68
-108.58	-16.66
-109.20	-16.73
-109.95	-16.95
-109.95	-16.95
-111.74	-19.67
-111.92	-20.08
-112.38	-21.15
-112.38	-21.15
-112.74	-23.21
-112.70	-23.01
-112.00	-22.75
-111.82	-22.61
-111.56	-22.38
-111.40	-21.92
-111.40	-21.37
-111.47	-21.16
-111.47	-21.16
-112.24	-20.82
-112.24	-20.82
-112.48	-20.00
-112.48	-20.00
-112.19	-19.39
-112.19	-19.39
-111.27	-19.54
-111.27	-19.54
-109.95	-19.00
-109.95	-19.00
-108.46	-18.70
-108.46	-18.70
-107.26	-19.14
-107.13	-19.23
-107.13	-19.23
-106.62	-19.11
-106.62	-19.11
-106.01	-19.30
-106.01	-19.30
-105.49	-19.30
-105.49	-19.30
-105.04	-19.26
-105.04	-19.26
-104.75	-19.55
-104.75	-19.55
-104.63	-20.36
-104.63	-20.36
-104.50	-20.63
-104.50	-20.63
-104.61	-19.91
-104.61	-19.91
-105.36	-19.67
-105.36	-19.67
-106.04	-20.53
-106.04	-20.53
-105.34	-22.54
-105.34	-22.54
-103.82	-22.31
-103.82	-22.31
-103.11	-22.39
-103.11	-22.39
-101.85	-22.99
-101.85	-22.99
-100.04	-22.28
-100.04	-22.28
-98.06	-22.27
-98.06	-22.27
-96.81	-22.02
-96.25	-23.05
-96.25	-23.05
-95.10	-23.34
-95.10	-23.34
-93.92	-23.86
-93.92	-23.86
-93.26	-23.74
-93.26	-23.74
-92.70	-23.26
-92.70	-23.26
-92.99	-22.77
-92.99	-22.77
-93.46	-22.51
-93.46	-22.51
-93.58	-22.55
-93.58	-22.55
-93.02	-22.71
-93.02	-22.71
-92.69	-22.83
-92.69	-22.83
-91.78	-22.47
-91.78	-22.47
-90.07	-22.08
-90.07	-22.08
-89.08	-20.70
-89.08	-20.70
-89.38	-19.26
-89.38	-19.26
-89.11	-19.24
-89.11	-19.24
-88.70	-18.31
-88.70	-18.31
-88.44	-17.48
-88.44	-17.48
-88.95	-16.51
-88.95	-16.51
-89.44	-16.66
-89.44	-16.66
-87.97	-18.75
-87.97	-18.75
-86.10	-17.33
-86.10	-17.33
-83.78	-15.62
-83.78	-15.62
-82.36	-17.47
-82.36	-17.47
-83.00	-17.74
-83.00	-17.74
-84.42	-17.48
-84.42	-17.48
-85.86	-17.43
-85.86	-17.43
-86.86	-17.72
-86.86	-17.72
-86.67	-16.49
-86.67	-16.49
-86.22	-16.17
-86.22	-16.17
-85.95	-16.59
-85.95	-16.59
-86.21	-15.99
-86.21	-15.99
-86.25	-16.48
-86.25	-16.48
-86.13	-17.10
-86.13	-17.10
-86.70	-16.57
-86.70	-16.57
-86.75	-16.15
-86.75	-16.15
-86.23	-14.94
-86.23	-14.94
-85.79	-15.03
-85.79	-15.03
-85.49	-15.05
-85.49	-15.05
-86.53	-15.15
-86.53	-15.15
-87.23	-14.50
-87.23	-14.50
-87.07	-14.79
-87.07	-14.79
-86.67	-16.02
-86.67	-16.02
-85.81	-14.97
-85.81	-14.97
-83.30	-13.88
-83.30	-13.88
-80.09	-12.62
-80.09	-12.62
-77.09	-11.25
-77.09	-11.25
-74.44	-12.55
-74.44	-12.55
-72.36	-11.03
-72.36	-11.03
-70.61	-11.96
-70.61	-11.96
-69.67	-12.26
-69.67	-12.26
-69.73	-13.01
-69.73	-13.01
-69.33	-14.15
-69.33	-14.15
-68.85	-14.59
-68.85	-14.59
-67.95	-14.46
-67.95	-14.46
-66.20	-14.84
-66.20	-14.84
-64.53	-14.56
-64.53	-14.56
-63.05	-14.33
-63.05	-14.33
-62.50	-13.29
-62.50	-13.29
-63.65	-14.68
-63.70	-14.82
-63.80	-14.81
-63.57	-14.87
-63.28	-15.02
-62.79	-15.45
-62.37	-16.05
-61.91	-16.46
-61.36	-17.19
-60.76	-17.84
-60.40	-18.11
-60.01	-18.60
-59.46	-19.13
-59.46	-19.13
-58.09	-20.72
-58.09	-20.72
-57.52	-20.66
-57.52	-20.66
-57.72	-19.80
-57.72	-19.80
-57.61	-19.11
-57.61	-19.11
-57.77	-19.05
-57.77	-19.05
-57.81	-18.58
-57.81	-18.58
-57.37	-18.04
-57.37	-18.04
-56.36	-15.08
-56.36	-15.08
-55.43	-16.58
-55.43	-16.58
-56.98	-17.61
-57.60	-17.22
-57.60	-17.22
-62.13	-14.61
-62.13	-14.61
-65.62	-13.19
-65.62	-13.19
-68.28	-14.85
-68.28	-14.85
-70.81	-15.01
-70.81	-15.01
-72.73	-14.44
-72.73	-14.44
-72.98	-13.21
-72.98	-13.21
-72.96	-12.22
-72.96	-12.22
-76.42	-17.95
-76.42	-17.95
-80.57	-15.18
-80.57	-15.18
-82.93	-13.50
-82.93	-13.50
-85.09	-12.44
-85.09	-12.44
-86.95	-13.25
-86.95	-13.25
-88.78	-11.41
-88.78	-11.41
-89.39	-10.98
-89.39	-10.98
-90.49	-10.49
-90.49	-10.49
-92.50	-9.51
-92.50	-9.51
-94.51	-9.15
-94.51	-9.15
-95.50	-9.51
-95.50	-9.51
-95.14	-9.52
-95.14	-9.52
-94.68	-9.16
-94.68	-9.16
-95.55	-8.13
-95.55	-8.13
-98.19	-6.82
-98.19	-6.82
-102.71	-6.30
-102.71	-6.30
-107.54	-6.49
-107.54	-6.49
-112.20	-6.69
-112.20	-6.69
-116.16	-7.29
-116.16	-7.29
-119.44	-7.55
-119.44	-7.55
-121.85	-7.66
-121.85	-7.66
-123.54	-7.94
-123.54	-7.94
-124.91	-7.88
-124.91	-7.88
-126.06	-7.63
-126.06	-7.63
-127.82	-7.26
-127.82	-7.26
-130.03	-7.49
-130.03	-7.49
-132.04	-7.82
-132.04	-7.82
-133.99	-8.31
-133.99	-8.31
-135.87	-8.08
-135.87	-8.08
-137.27	-7.54
-137.27	-7.54
-138.90	-7.46
-138.90	-7.46
-140.18	-7.63
-140.18	-7.63
-141.51	-7.91
-141.51	-7.91
-142.82	-8.18
-142.82	-8.18
-143.59	-8.45
-143.59	-8.45
-143.66	-8.33
-143.66	-8.33
-143.41	-8.30
-143.41	-8.30
-143.85	-8.19
-143.85	-8.19
-144.28	-8.16
-144.28	-8.16
-143.35	-7.15
-143.35	-7.15
-143.22	-7.10
-143.22	-7.10
-142.63	-7.96
-142.63	-7.96
-142.11	-7.13
-142.11	-7.13
-141.83	-7.37
-141.83	-7.37
-142.12	-7.99
-142.12	-7.99
-142.05	-8.40
-142.05	-8.40
-141.85	-8.31
-141.85	-8.31
-141.47	-8.36
-141.47	-8.36
-140.59	-8.10
-140.59	-8.10
-139.66	-8.07
-139.66	-8.07
-139.10	-7.86
-139.10	-7.86
-138.63	-6.57
-138.63	-6.57
-138.32	-6.15
-138.32	-6.15
-138.15	-5.99
-138.15	-5.99
-138.77	-5.83
-138.77	-5.83
-140.04	-5.81
-140.04	-5.81
-141.06	-5.87
-141.06	-5.87
-142.59	-5.81
-142.59	-5.81
-143.71	-5.37
-143.71	-5.37
-144.42	-4.98
-144.42	-4.98
-145.44	-4.68
-145.44	-4.68
-146.77	-4.50
-146.77	-4.50
-148.18	-4.20
-148.18	-4.20
-149.43	-4.33
-149.43	-4.33
-150.34	-4.41
-150.34	-4.41
-150.74	-4.46
-150.74	-4.46
-151.25	-4.45
-151.25	-4.45
-151.86	-4.14
-151.86	-4.14
-152.51	-3.19
-152.51	-3.19
-153.42	-2.29
-153.42	-2.29
-153.82	-1.85
-153.82	-1.85
-153.95	-0.99
-153.95	-0.99
-154.08	-0.12
-154.08	-0.12
-153.91	0.52
-153.88	0.63
-153.75	0.72
-153.66	0.77
-153.56	0.72
-153.44	0.69
-153.18	0.70
-152.72	0.74
-152.21	0.99
-151.74	1.30
-151.22	1.68
-151.22	1.68
-149.50	2.82
-149.50	2.82
-147.98	4.12
-147.98	4.12
-147.34	3.98
-147.34	3.98
-146.54	4.20
-146.54	4.20
-145.21	4.72
-145.21	4.72
-143.70	5.97
-143.70	5.97
-141.96	6.79
-141.96	6.79
-140.20	6.99
-140.20	6.99
-138.34	7.33
-138.34	7.33
-136.53	7.48
-136.53	7.48
-135.72	6.92
-135.72	6.92
-136.00	5.35
-136.00	5.35
-135.59	5.56
-135.59	5.56
-134.13	5.31
-134.13	5.31
-132.48	4.31
-132.48	4.31
-131.33	3.98
-131.33	3.98
-130.94	3.45
-130.94	3.45
-130.54	3.19
-130.54	3.19
-129.46	2.12
-129.46	2.12
-128.04	1.18
-128.04	1.18
-127.08	0.04
-127.08	0.04
-125.99	-0.35
-125.99	-0.35
-124.04	-0.96
-124.04	-0.96
-120.98	-2.23
-120.98	-2.23
-118.34	-2.96
-118.34	-2.96
-115.84	-3.75
-115.84	-3.75
-114.21	-5.27
-114.21	-5.27
-112.81	-7.75
-112.81	-7.75
-110.91	-9.04
-110.13	-9.35
-109.72	-9.64
-109.72	-9.64
-107.90	-10.10
-107.90	-10.10
-106.55	-10.38
-106.55	-10.38
-105.58	-10.97
-105.58	-10.97
-103.68	-11.22
-103.68	-11.22
-103.21	-12.04
-103.21	-12.04
-102.84	-12.70
-102.84	-12.70
-103.31	-12.96
-103.31	-12.96
-104.14	-13.07
-104.14	-13.07
-104.20	-12.50
-104.20	-12.50
-103.79	-12.45
-103.79	-12.45
-103.42	-12.15
-103.42	-12.15
-103.49	-12.25
-103.49	-12.25
-103.64	-12.69
-103.64	-12.69
-103.52	-13.67
-103.52	-13.67
-102.70	-14.22
-102.70	-14.22
-102.14	-14.13
-102.14	-14.13
-102.53	-14.29
-102.53	-14.29
-103.24	-14.54
-103.24	-14.54
-104.14	-14.50
-104.14	-14.50
-104.60	-14.32
-104.60	-14.32
-104.52	-14.43
-104.52	-14.43
-104.32	-14.10
-104.32	-14.10
-104.11	-13.93
-104.11	-13.93
-104.08	-14.05
-104.08	-14.05
-104.31	-14.05
-104.31	-14.05
-104.48	-14.21
-104.48	-14.21
-104.54	-14.74
-104.54	-14.74
-104.73	-14.65
-104.73	-14.65
-104.96	-14.99
-104.96	-14.99
-105.36	-15.67
-105.36	-15.67
-106.11	-15.29
-106.11	-15.29
-106.64	-15.72
-106.64	-15.72
-106.95	-16.11
-106.95	-16.11
-106.60	-16.10
-106.60	-16.10
-106.05	-16.09
-106.05	-16.09
-106.57	-16.25
-106.57	-16.25
-107.07	-15.75
-107.07	-15.75
-107.33	-14.35
-107.33	-14.35
-107.73	-14.15
-107.73	-14.15
-108.69	-14.57
-108.69	-14.57
-109.79	-14.98
-109.79	-14.98
-110.07	-14.73
-110.07	-14.73
-109.75	-14.36
-109.75	-14.36
-109.63	-14.60
-109.63	-14.60
-110.05	-15.05
-110.05	-15.05
-110.26	-15.15
-110.26	-15.15
-110.25	-14.99
-110.25	-14.99
-110.46	-15.05
-110.46	-15.05
-110.66	-15.24
-110.66	-15.24
-110.95	-15.07
-110.95	-15.07
-111.26	-14.94
-111.26	-14.94
-112.08	-15.52
-112.08	-15.52
-112.92	-14.77
-112.92	-14.77
-113.61	-14.35
-113.61	-14.35
-114.41	-13.84
-114.41	-13.84
-115.21	-13.44
-115.21	-13.44
-116.21	-13.31
-116.21	-13.31
-117.26	-13.99
-117.26	-13.99
-117.55	-13.81
-117.55	-13.81
-117.02	-13.69
-117.02	-13.69
-116.51	-13.30
-116.51	-13.30
-117.86	-13.09
-117.86	-13.09
-119.80	-13.08
-119.98	-13.24
-120.40	-13.46
-120.71	-13.36
-120.93	-13.40
-121.05	-13.39
-121.02	-13.38
-121.06	-13.48
-120.89	-13.67
-120.85	-13.86
-120.60	-14.15
-120.60	-14.15
-121.10	-15.37
-121.10	-15.37
-122.36	-15.62
-122.36	-15.62
-123.18	-15.21
-123.18	-15.21
-124.25	-15.01
-124.25	-15.01
-126.20	-14.79
-126.20	-14.79
-129.33	-14.35
-129.33	-14.35
-132.32	-14.05
-132.32	-14.05
-135.43	-13.87
-135.43	-13.87
-139.11	-13.89
-139.11	-13.89
-142.51	-13.94
-142.51	-13.94
-145.26	-13.83
-145.26	-13.83
-147.40	-13.79
-147.40	-13.79
-148.77	-14.01
-148.77	-14.01
-149.82	-14.22
-149.82	-14.22
-150.57	-14.34
-150.57	-14.34
-151.11	-14.05
-151.42	-13.83
-151.47	-13.84
-151.47	-13.84
-152.08	-13.49
-152.08	-13.49
-152.73	-13.25
-152.73	-13.25
-153.23	-12.99
-153.23	-12.99
-153.79	-12.73
-153.79	-12.73
-154.38	-12.61
-154.38	-12.61
-155.19	-12.61
-155.19	-12.61
-157.65	-11.74
-157.65	-11.74
-164.24	-9.42
-164.24	-9.42
-174.68	-8.76
-174.68	-8.76
176.91	-9.19
176.91	-9.19
170.73	-11.26
170.73	-11.26
166.30	-11.65
166.30	-11.65
163.83	-10.84
163.83	-10.84
165.06	-11.60
165.06	-11.60
164.33	-11.85
164.33	-11.85
156.72	-14.08
156.72	-14.08
148.39	-12.40
148.39	-12.40
143.32	-10.96
143.32	-10.96
138.20	-11.78
138.20	-11.78
132.14	-12.40
132.14	-12.40
127.53	-11.58
127.53	-11.58
123.25	-11.95
123.25	-11.95
119.64	-13.13
119.64	-13.13
117.26	-13.38
117.26	-13.38
115.53	-13.22
115.53	-13.22
115.41	-13.76
115.41	-13.76
116.30	-14.54
116.30	-14.54
117.48	-16.18
117.48	-16.18
118.81	-17.93
118.81	-17.93
120.26	-20.32
120.26	-20.32
121.94	-23.99
121.94	-23.99
122.91	-26.46
122.91	-26.46
122.85	-26.96
122.85	-26.96
122.27	-26.74
122.27	-26.74
121.45	-26.19
121.45	-26.19
120.59	-25.34
120.59	-25.34
119.98	-24.79
119.98	-24.79
119.70	-24.62
119.70	-24.62
119.32	-24.08
119.32	-24.08
119.08	-23.63
119.08	-23.63
118.84	-23.07
118.84	-23.07
118.62	-22.59
118.62	-22.59
118.30	-21.74
118.30	-21.74
117.60	-21.04
117.60	-21.04
116.57	-20.44
116.57	-20.44
115.34	-19.75
115.34	-19.75
113.49	-18.97
113.49	-18.97
111.73	-18.02
111.73	-18.02
110.19	-17.50
110.19	-17.50
108.98	-17.06
108.98	-17.06
107.30	-16.41
107.30	-16.41
102.85	-15.56
102.85	-15.56
98.57	-15.12
98.57	-15.12
95.64	-14.82
95.64	-14.82
93.54	-14.59
93.54	-14.59
92.29	-14.28
92.29	-14.28
91.13	-14.00
91.13	-14.00
89.75	-13.59
89.75	-13.59
87.53	-13.84
87.53	-13.84
84.52	-13.96
84.52	-13.96
81.94	-13.87
81.94	-13.87
79.14	-13.63
79.14	-13.63
77.12	-13.87
77.12	-13.87
75.68	-13.97
75.68	-13.97
74.90	-14.66
74.90	-14.66
74.05	-14.41
74.05	-14.41
72.97	-13.41
72.97	-13.41
71.53	-11.49
71.53	-11.49
70.09	-8.79
70.09	-8.79
68.66	-4.78
68.66	-4.78
68.54	-4.26
68.54	-4.26
67.53	-3.46
67.53	-3.46
66.63	-2.94
66.63	-2.94
66.34	-2.85
66.34	-2.85
65.69	-3.38
65.69	-3.38
65.33	-2.91
65.33	-2.91
66.45	-2.96
67.13	-3.26
67.45	-3.23
67.52	-3.61
67.52	-3.53
67.56	-3.64
67.56	-3.64
67.36	-3.97
66.98	-5.31
66.90	-5.29
66.33	-5.41
65.78	-5.47
65.11	-5.43
64.74	-5.73
64.46	-6.09
64.46	-6.09
63.91	-6.03
63.91	-6.03
63.71	-6.92
63.74	-7.05
64.19	-6.95
64.37	-6.84
64.37	-6.84
64.86	-6.36
65.12	-6.17
65.29	-6.10
65.35	-5.98
65.64	-5.74
65.62	-5.72
65.85	-5.84
65.85	-5.84
66.37	-6.18
66.41	-6.29
66.35	-6.23
66.36	-6.31
66.31	-6.15
66.21	-6.08
66.28	-5.96
66.46	-6.07
66.46	-6.07
67.53	-6.18
67.77	-6.02
68.49	-5.88
68.67	-5.97
69.04	-6.03
69.41	-6.10
69.41	-6.10
70.84	-6.59
70.84	-6.59
71.61	-6.54
71.61	-6.54
72.52	-6.67
72.52	-6.67
74.17	-6.92
74.17	-6.92
76.30	-6.69
76.30	-6.69
77.66	-6.20
77.66	-6.20
79.11	-6.49
79.11	-6.49
80.15	-6.60
80.15	-6.60
81.49	-6.27
81.49	-6.27
83.04	-6.56
83.04	-6.56
85.16	-7.31
85.16	-7.31
87.11	-8.45
87.11	-8.45
88.40	-9.31
88.40	-9.31
88.87	-9.10
88.87	-9.10
89.17	-8.56
89.17	-8.56
89.07	-8.32
89.07	-8.32
89.10	-8.13
89.10	-8.13
89.78	-8.03
89.78	-8.03
91.15	-8.36
91.15	-8.36
92.79	-9.38
92.79	-9.38
94.54	-9.23
94.54	-9.23
95.56	-9.68
95.56	-9.68
95.42	-9.40
95.42	-9.40
94.89	-8.79
94.89	-8.79
94.29	-9.10
94.29	-9.10
93.56	-8.93
93.56	-8.93
93.45	-8.78
93.45	-8.78
93.26	-9.01
93.26	-9.01
93.46	-8.76
93.46	-8.76
93.30	-8.24
93.30	-8.24
92.31	-9.34
92.31	-9.34
91.33	-9.40
91.33	-9.40
90.03	-8.56
90.03	-8.56
88.03	-8.46
88.03	-8.46
86.59	-9.35
86.59	-9.35
86.34	-10.41
86.34	-10.41
85.87	-9.59
85.87	-9.59
85.12	-9.42
85.12	-9.42
83.90	-10.70
83.90	-10.70
82.78	-11.67
82.78	-11.67
82.56	-11.97
82.56	-11.97
82.30	-13.14
82.30	-13.14
81.83	-14.21
81.83	-14.21
80.85	-16.82
80.85	-16.82
78.06	-23.54
78.06	-23.54
73.51	-35.62
73.51	-35.62
63.82	-44.45
63.82	-44.45
52.49	-47.07
52.49	-47.07
41.85	-50.46
41.85	-50.46
30.67	-53.55
30.67	-53.55
23.51	-55.41
23.51	-55.41
19.30	-57.21
19.30	-57.21
14.06	-59.59
14.06	-59.59
10.60	-60.76
10.60	-60.76
10.13	-61.12
10.13	-61.12
10.09	-61.16
10.09	-61.16
9.58	-61.08
9.58	-61.08
8.72	-61.57
8.72	-61.57
7.31	-62.55
7.31	-62.55
5.36	-62.42
5.36	-62.42
3.72	-61.79
3.72	-61.79
2.02	-61.96
2.02	-61.96
1.07	-63.33
1.07	-63.33
-1.99	-65.26
-1.99	-65.26
-4.24	-65.31
-4.24	-65.31
-2.92	-65.60
-2.92	-65.60
0.18	-67.38
0.18	-67.38
1.11	-66.21
1.11	-66.21
-0.28	-67.03
-0.28	-67.03
-0.57	-68.04
-0.57	-68.04
0.44	-67.49
0.44	-67.49
-1.54	-67.65
-1.54	-67.65
-0.47	-66.90
-0.47	-66.90
3.03	-66.16
3.03	-66.16
3.05	-67.61
3.05	-67.61
-0.41	-67.35
-0.41	-67.35
-0.64	-66.72
-0.64	-66.72
-1.13	-67.26
-1.13	-67.26
0.81	-66.43
0.81	-66.43
2.79	-66.15
2.79	-66.15
4.91	-65.70
4.91	-65.70
6.85	-64.67
6.85	-64.67
12.48	-64.51
12.48	-64.51
17.50	-62.23
17.50	-62.23
17.34	-61.22
17.01	-61.20
16.98	-61.33
16.98	-61.33
17.07	-62.69
17.07	-62.69
14.23	-61.97
14.23	-61.97
11.22	-61.57
11.22	-61.57
9.63	-62.48
9.63	-62.48
7.31	-62.62
7.31	-62.62
5.46	-61.97
5.46	-61.97
4.66	-62.52
4.66	-62.52
3.81	-64.13
3.81	-64.13
1.71	-65.11
1.71	-65.11
-0.94	-65.75
-0.94	-65.75
-1.01	-67.81
-0.62	-69.20
0.01	-69.92
-0.03	-70.71
-0.67	-71.58
-1.56	-72.46
-1.91	-72.99
-1.05	-73.18
0.05	-73.49
0.16	-73.65
1.37	-73.70
1.37	-73.70
8.49	-71.26
8.49	-71.26
13.47	-66.20
13.47	-66.20
13.51	-64.18
13.51	-64.18
10.30	-63.06
10.30	-63.06
10.94	-62.00
10.94	-62.00
10.08	-60.87
10.08	-60.87
9.25	-62.57
9.25	-62.57
11.50	-65.88
11.50	-65.88
13.70	-68.45
13.70	-68.45
13.16	-69.78
11.14	-70.09
10.27	-70.47
10.27	-70.47
9.57	-72.46
9.57	-72.46
6.83	-73.39
6.83	-73.39
8.53	-71.52
8.53	-71.52
8.90	-70.78
8.90	-70.78
8.20	-72.18
8.20	-72.18
7.62	-74.71
7.62	-74.71
6.22	-74.64
6.22	-74.64
8.92	-74.02
8.92	-74.02
10.17	-74.24
10.17	-74.24
7.77	-75.07
7.77	-75.07
2.31	-76.73
2.31	-76.73
-8.97	-78.48
-8.97	-78.48
-10.62	-80.16
-10.62	-80.16
-5.84	-80.13
-5.84	-80.13
-12.43	-82.13
-12.43	-82.13
-22.71	-83.25
-22.71	-83.25
-19.58	-83.82
-19.58	-83.82
-17.38	-84.56
-17.38	-84.56
-20.68	-85.57
-20.68	-85.57
-24.12	-86.19
-24.12	-86.19
-28.40	-86.82
-31.05	-87.03
-31.05	-87.03
-25.66	-87.09
-25.66	-87.09
-24.81	-87.79
-24.81	-87.79
-103.41	-88.21
-103.41	-88.21
-115.45	-85.90
-115.45	-85.90
-71.60	-86.80
-71.60	-86.80
-55.69	-86.27
-55.69	-86.27
-37.86	-84.37
-37.86	-84.37
-36.11	-83.51
-36.11	-83.51
-35.24	-81.31
-35.24	-81.31
-25.63	-78.63
-25.63	-78.63
-17.58	-76.85
-17.58	-76.85
-12.41	-73.62
-12.41	-73.62
-1.44	-67.47
-1.44	-67.47
7.83	-60.06
7.83	-60.06
12.27	-53.86
12.27	-53.86
17.21	-45.12
17.21	-45.12
25.17	-34.31
25.17	-34.31
33.84	-28.29
33.84	-28.29
46.22	-22.97
46.22	-22.97
58.52	-17.75
58.52	-17.75
68.58	-12.85
71.55	-11.73
71.55	-11.73
80.05	-10.02
80.05	-10.02
85.84	-8.80
85.84	-8.80
88.80	-7.84
88.80	-7.84
88.92	-5.58
88.92	-5.58
87.79	-5.39
87.79	-5.39
87.12	-5.93
87.12	-5.93
86.95	-5.80
86.95	-5.80
87.26	-5.90
87.26	-5.90
88.24	-6.46
88.24	-6.46
89.61	-7.68
89.61	-7.68
93.53	-9.59
93.53	-9.59
99.76	-12.56
99.76	-12.56
106.26	-14.34
106.26	-14.34
112.13	-20.03
112.13	-20.03
116.74	-23.91
116.74	-23.91
119.53	-27.04
119.53	-27.04
120.88	-29.27
120.88	-29.27
121.35	-31.38
121.35	-31.38
121.04	-33.25
121.04	-33.25
122.44	-35.50
122.44	-35.50
126.68	-38.86
126.68	-38.86
131.62	-40.16
131.62	-40.16
134.48	-35.49
134.48	-35.49
136.96	-30.29
136.96	-30.29
141.41	-25.56
141.41	-25.56
143.01	-19.98
143.01	-19.98
143.49	-17.57
143.49	-17.57
144.25	-17.73
144.25	-17.73
143.87	-19.10
143.87	-19.10
142.11	-18.80
142.11	-18.80
142.09	-17.59
142.05	-17.42
142.05	-17.42
141.32	-16.43
141.32	-16.43
140.08	-13.53
140.08	-13.53
138.83	-11.32
138.83	-11.32
137.23	-9.62
137.23	-9.62
134.79	-7.60
134.79	-7.60
131.34	-5.36
131.34	-5.36
128.19	-3.24
128.19	-3.24
124.15	-1.94
124.15	-1.94
120.65	-1.93
120.65	-1.93
116.71	-3.27
116.71	-3.27
113.38	-3.44
113.38	-3.44
110.83	-1.51
110.83	-1.51
108.38	1.79
108.38	1.79
105.68	3.03
105.34	2.00
105.48	1.92
105.46	1.47
105.55	1.19
105.57	0.91
105.51	0.92
105.40	1.15
105.26	1.43
104.87	1.93
104.87	1.93
103.81	3.12
103.81	3.12
103.51	2.64
103.51	2.64
102.28	2.94
102.28	2.94
99.81	3.31
99.81	3.31
97.13	1.14
97.13	1.14
94.19	-0.85
92.61	-1.16
92.28	-1.41
92.28	-1.41
90.38	-2.70
90.38	-2.70
89.17	-2.86
89.17	-2.86
