-173.66	-15.51
-175.68	-14.44
-177.96	-13.26
179.71	-12.18
179.71	-12.18
176.56	-10.94
173.31	-10.15
173.31	-10.15
170.01	-9.06
165.93	-8.19
165.93	-8.19
162.59	-7.53
159.05	-6.76
159.05	-6.76
156.14	-6.95
155.21	-8.68
155.21	-8.68
154.93	-10.67
154.50	-10.68
154.50	-10.68
154.36	-9.15
154.36	-9.15
156.30	-9.12
158.22	-9.65
158.22	-9.65
160.44	-11.80
162.98	-12.93
162.98	-12.93
165.32	-14.09
167.35	-17.03
167.35	-17.03
169.54	-18.65
171.32	-19.72
171.32	-19.72
172.43	-16.60
173.72	-17.07
173.72	-17.07
174.89	-16.88
176.33	-15.97
176.33	-15.97
177.95	-14.60
177.95	-14.60
179.30	-13.78
-179.36	-13.80
-179.36	-13.80
-178.37	-13.78
-177.62	-13.39
-177.62	-13.39
-176.93	-12.79
-175.82	-11.74
-175.82	-11.74
-173.99	-11.24
-172.86	-11.32
-172.86	-11.32
-172.14	-11.59
-171.12	-11.81
-171.12	-11.81
-170.02	-12.41
-168.15	-12.66
-168.15	-12.66
-166.61	-13.39
-165.85	-13.12
-165.85	-13.12
-165.61	-13.30
-165.61	-13.30
-164.62	-12.80
-162.06	-11.87
-162.06	-11.87
-159.95	-11.96
-156.93	-11.58
-156.93	-11.58
-155.05	-11.30
-156.56	-11.14
-156.56	-11.14
-159.83	-11.03
-160.80	-10.84
-160.80	-10.84
-159.95	-12.01
-159.68	-13.36
-159.68	-13.36
-160.60	-15.32
-163.05	-18.48
-163.05	-18.48
-164.80	-22.61
-165.48	-25.97
-165.48	-25.97
-165.70	-28.84
-165.70	-28.84
-166.39	-30.09
-166.67	-30.71
-166.67	-30.71
-167.01	-31.48
-167.17	-31.76
-167.17	-31.76
-167.60	-32.19
-167.63	-32.19
-167.63	-32.19
-167.72	-32.17
-167.90	-31.62
-167.90	-31.62
-168.03	-30.88
-167.94	-30.50
-167.94	-30.50
-168.16	-30.21
-168.33	-29.82
-168.33	-29.82
-168.30	-29.70
-168.36	-29.63
-168.36	-29.63
-168.37	-29.64
-168.37	-29.64
-168.75	-29.70
-169.54	-28.88
-169.54	-28.88
-170.35	-28.64
-171.15	-28.77
-171.15	-28.77
-171.98	-28.45
-172.69	-28.78
-172.69	-28.78
-172.22	-28.87
-171.07	-28.35
-171.07	-28.35
-169.54	-27.87
-168.43	-27.12
-168.43	-27.12
-167.17	-27.10
-166.12	-27.40
-166.12	-27.40
-165.36	-26.87
-164.98	-25.76
-164.98	-25.76
-164.66	-25.26
-164.66	-25.26
-163.87	-25.32
-163.07	-24.61
-163.07	-24.61
-162.15	-24.34
-161.51	-23.74
-161.51	-23.74
-160.91	-23.12
-160.66	-22.16
-160.66	-22.16
-160.36	-21.25
-160.39	-20.54
-160.39	-20.54
-160.35	-18.97
-161.03	-17.36
-161.03	-17.36
-162.02	-15.68
-163.98	-14.33
-163.98	-14.33
-165.95	-10.98
-165.95	-10.98
-167.94	-8.36
-169.88	-7.29
-169.88	-7.29
-172.67	-6.31
-176.18	-5.41
-176.18	-5.41
-179.35	-4.90
177.76	-4.11
177.76	-4.11
175.53	-3.06
173.51	-2.42
173.51	-2.42
171.46	-2.27
169.77	-2.52
169.77	-2.52
168.24	-2.70
166.83	-2.58
166.83	-2.58
164.95	-2.47
162.78	-2.61
162.78	-2.61
161.39	-3.13
160.51	-3.22
160.51	-3.22
160.22	-3.65
160.22	-3.65
160.44	-3.79
160.62	-3.69
160.62	-3.69
160.72	-3.85
160.50	-3.87
160.50	-3.87
160.29	-3.36
160.26	-3.51
160.26	-3.51
161.12	-4.05
161.54	-4.94
161.54	-4.94
161.73	-6.06
161.50	-6.60
161.50	-6.60
161.20	-6.72
160.57	-5.99
160.57	-5.99
159.18	-5.57
157.41	-5.59
157.41	-5.59
155.77	-5.51
154.64	-5.36
154.64	-5.36
153.31	-5.13
152.15	-5.06
152.15	-5.06
150.38	-4.32
150.38	-4.32
148.12	-3.47
144.93	-2.40
144.93	-2.40
141.67	-1.85
138.73	-2.14
138.73	-2.14
135.88	-2.42
133.09	-1.18
133.09	-1.18
130.14	-2.48
127.29	-2.83
127.29	-2.83
123.94	-2.78
120.12	-3.02
120.12	-3.02
117.19	-3.36
114.33	-2.80
114.33	-2.80
111.46	-2.50
108.52	-3.96
108.52	-3.96
106.22	-4.49
104.65	-4.47
104.65	-4.47
103.52	-3.95
103.52	-3.95
102.05	-4.64
100.25	-4.92
100.25	-4.92
97.51	-5.09
95.02	-5.76
95.02	-5.76
92.28	-6.05
90.09	-5.46
90.09	-5.46
87.45	-4.94
84.83	-3.91
84.83	-3.91
81.86	-2.65
78.22	-2.55
78.22	-2.55
74.90	-2.88
71.87	-3.66
71.87	-3.66
69.61	-5.45
69.61	-5.45
68.55	-7.54
67.74	-8.32
67.74	-8.32
67.52	-7.86
66.59	-7.43
66.59	-7.43
65.62	-7.79
65.27	-8.91
65.27	-8.91
65.62	-9.84
66.26	-11.42
66.26	-11.42
66.94	-13.33
66.95	-14.41
66.95	-14.41
66.40	-14.93
66.22	-15.51
66.22	-15.51
65.96	-17.64
65.27	-20.38
65.27	-20.38
63.77	-22.28
62.21	-22.44
62.21	-22.44
60.52	-24.89
60.52	-24.89
59.14	-25.52
57.68	-27.51
57.68	-27.51
56.41	-28.75
54.76	-32.03
54.76	-32.03
53.37	-34.23
51.15	-35.62
51.15	-35.62
48.88	-35.95
46.66	-35.10
46.66	-35.10
44.44	-34.65
41.72	-34.30
41.72	-34.30
39.64	-34.47
38.07	-34.87
38.07	-34.87
36.93	-35.04
35.98	-34.54
35.98	-34.54
34.69	-34.41
33.09	-34.00
33.09	-34.00
31.69	-34.27
31.69	-34.27
29.83	-34.27
27.87	-33.95
27.87	-33.95
25.72	-32.44
22.85	-30.98
22.85	-30.98
20.05	-29.02
16.78	-26.65
16.78	-26.65
13.59	-25.22
10.36	-24.22
10.36	-24.22
7.62	-23.44
5.28	-22.97
5.28	-22.97
3.57	-22.75
2.55	-23.12
2.55	-23.12
1.85	-23.67
1.97	-24.43
1.97	-24.43
2.20	-25.44
2.78	-27.01
2.78	-27.01
3.79	-28.43
3.79	-28.43
4.38	-28.79
4.42	-28.97
4.42	-28.97
3.63	-28.96
2.53	-29.01
2.53	-29.01
2.13	-29.39
2.65	-30.04
2.65	-30.04
3.14	-30.43
3.51	-30.56
3.51	-30.56
3.88	-30.80
4.37	-31.26
4.37	-31.26
4.95	-31.02
5.08	-30.15
5.08	-30.15
4.49	-29.18
4.49	-29.18
3.62	-29.22
3.37	-27.73
3.37	-27.73
3.56	-27.52
3.81	-27.70
3.81	-27.70
3.50	-28.06
3.13	-27.55
3.13	-27.55
3.11	-27.59
3.32	-28.37
3.32	-28.37
3.74	-28.19
4.06	-27.67
4.06	-27.67
4.58	-27.73
4.97	-27.92
4.97	-27.92
5.16	-28.89
5.09	-29.71
5.09	-29.71
5.16	-29.39
5.16	-29.39
5.85	-29.50
6.40	-29.51
6.40	-29.51
6.05	-29.16
5.84	-28.65
5.84	-28.65
6.86	-27.84
7.14	-27.88
7.14	-27.88
6.58	-27.56
5.99	-27.19
5.99	-27.19
5.45	-26.75
4.71	-26.31
4.71	-26.31
5.01	-26.50
6.01	-26.76
6.01	-26.76
6.76	-26.58
6.93	-26.50
6.93	-26.50
6.57	-26.30
5.91	-26.08
5.91	-26.08
6.32	-25.87
6.20	-26.26
6.20	-26.26
6.66	-26.19
6.66	-26.19
7.19	-26.57
7.46	-26.85
7.46	-26.85
7.69	-26.59
7.48	-26.86
7.48	-26.86
6.90	-26.71
6.37	-26.38
6.37	-26.38
6.50	-26.12
7.03	-26.74
7.03	-26.74
7.19	-27.40
6.86	-27.88
6.86	-27.88
6.65	-29.12
5.75	-29.50
5.75	-29.50
5.38	-30.75
5.59	-31.64
5.59	-31.64
6.30	-32.28
6.30	-32.28
6.22	-32.26
6.47	-32.45
6.47	-32.45
6.93	-32.49
6.48	-32.90
6.48	-32.90
5.29	-32.42
5.66	-31.46
5.66	-31.46
5.11	-30.59
4.85	-30.19
4.85	-30.19
4.64	-30.37
4.15	-30.92
4.15	-30.92
3.92	-31.52
3.72	-32.34
3.72	-32.34
4.70	-31.94
4.70	-31.94
5.68	-31.13
6.91	-30.82
6.91	-30.82
8.30	-31.70
9.01	-31.01
9.01	-31.01
9.53	-30.78
10.13	-30.08
10.13	-30.08
10.42	-29.03
10.33	-27.31
10.33	-27.31
10.10	-26.57
11.17	-26.13
11.17	-26.13
14.41	-26.82
18.49	-28.04
18.49	-28.04
21.61	-29.21
23.20	-29.48
23.20	-29.48
24.26	-30.46
24.26	-30.46
25.23	-30.36
26.70	-30.21
26.70	-30.21
27.34	-30.62
27.39	-30.85
27.39	-30.85
26.64	-30.63
26.62	-31.25
26.62	-31.25
26.54	-32.28
25.03	-32.91
25.03	-32.91
23.59	-32.54
21.74	-31.57
21.74	-31.57
20.37	-30.49
19.96	-29.75
19.96	-29.75
18.23	-28.96
18.23	-28.96
15.46	-28.82
12.64	-28.47
12.64	-28.47
10.44	-29.33
9.56	-29.44
9.56	-29.44
9.63	-28.87
8.93	-28.90
8.93	-28.90
7.99	-28.53
7.24	-28.34
7.24	-28.34
5.74	-27.86
4.84	-27.64
4.84	-27.64
3.98	-27.00
3.98	-27.00
3.45	-26.25
3.14	-26.26
3.14	-26.26
3.23	-27.01
3.39	-26.86
3.39	-26.86
3.23	-26.86
2.64	-27.42
2.64	-27.42
1.88	-27.41
1.45	-27.65
1.45	-27.65
1.53	-28.00
1.53	-28.00
1.98	-28.24
2.27	-29.01
2.27	-29.01
2.39	-29.40
2.03	-29.67
2.03	-29.67
2.24	-29.96
2.60	-30.10
2.60	-30.10
2.94	-30.20
3.18	-30.26
3.18	-30.26
3.80	-30.64
4.20	-30.87
4.20	-30.87
4.79	-30.80
5.12	-30.98
5.12	-30.98
5.45	-31.28
5.43	-31.90
5.43	-31.90
5.54	-32.95
5.89	-33.72
5.89	-33.72
6.38	-33.47
6.38	-33.47
6.39	-33.48
5.92	-33.42
5.92	-33.42
5.53	-33.77
5.52	-33.98
5.52	-33.98
5.64	-34.35
6.14	-34.41
6.14	-34.41
6.35	-34.67
6.33	-34.64
6.33	-34.64
6.42	-34.68
6.41	-34.68
6.41	-34.68
7.06	-34.81
8.25	-35.05
8.25	-35.05
9.71	-35.47
11.08	-35.69
11.08	-35.69
12.52	-36.30
13.28	-36.58
13.28	-36.58
14.23	-36.79
14.23	-36.79
14.79	-37.06
15.25	-36.56
15.25	-36.56
15.09	-36.48
14.89	-36.50
14.89	-36.50
14.13	-36.25
13.75	-36.45
13.75	-36.45
13.75	-36.38
13.37	-35.96
13.37	-35.96
13.02	-35.76
13.21	-35.62
13.21	-35.62
14.27	-35.48
15.20	-35.11
15.20	-35.11
16.29	-35.61
16.29	-35.61
17.02	-36.01
17.19	-36.38
17.19	-36.38
16.90	-36.24
16.07	-36.17
16.07	-36.17
14.90	-36.30
13.63	-36.39
13.63	-36.39
12.71	-36.44
12.21	-36.23
12.21	-36.23
12.16	-36.09
12.04	-35.97
12.04	-35.97
12.13	-35.97
12.68	-35.90
12.68	-35.90
13.18	-35.93
13.18	-35.93
13.85	-35.83
14.71	-35.70
14.71	-35.70
15.35	-35.88
15.87	-36.00
15.87	-36.00
16.88	-36.29
18.92	-36.46
18.92	-36.46
22.06	-36.49
25.57	-36.81
25.57	-36.81
28.84	-37.37
32.11	-37.69
32.11	-37.69
35.09	-38.10
38.28	-38.11
38.28	-38.11
43.59	-38.32
43.59	-38.32
48.86	-38.99
55.15	-39.77
55.15	-39.77
62.40	-41.31
69.87	-42.73
69.87	-42.73
76.55	-44.85
82.40	-46.21
82.40	-46.21
86.40	-46.03
88.79	-45.87
88.79	-45.87
90.89	-46.57
92.71	-47.11
92.71	-47.11
94.63	-48.01
95.14	-48.36
95.14	-48.36
95.16	-48.41
94.40	-48.24
94.40	-48.24
94.12	-47.78
93.08	-47.20
93.08	-47.20
91.40	-46.74
91.40	-46.74
86.84	-46.12
79.68	-44.93
79.68	-44.93
69.46	-43.54
59.77	-41.54
59.77	-41.54
51.11	-40.11
43.56	-38.97
43.56	-38.97
36.26	-37.91
30.76	-36.87
30.76	-36.87
26.84	-35.87
23.40	-35.05
23.40	-35.05
20.87	-34.14
18.52	-33.49
18.52	-33.49
17.10	-32.84
15.90	-33.14
15.90	-33.14
14.48	-33.16
12.47	-33.38
12.47	-33.38
10.38	-33.36
9.12	-33.92
9.12	-33.92
7.98	-34.53
7.98	-34.53
6.94	-35.13
6.28	-35.69
6.28	-35.69
6.14	-36.17
6.24	-35.77
6.24	-35.77
6.38	-36.10
6.42	-35.23
6.42	-35.23
5.44	-34.89
4.93	-34.96
4.93	-34.96
5.13	-35.77
4.43	-35.57
4.43	-35.57
4.15	-35.61
3.75	-35.80
3.75	-35.80
3.73	-36.19
2.61	-35.90
2.61	-35.90
1.77	-35.39
2.07	-35.07
2.07	-35.07
2.80	-35.21
3.39	-35.42
3.39	-35.42
4.83	-35.28
4.83	-35.28
5.85	-35.36
6.34	-35.87
6.34	-35.87
6.65	-36.19
6.48	-36.59
6.48	-36.59
6.00	-36.71
5.78	-36.63
5.78	-36.63
6.01	-36.82
6.39	-37.08
6.39	-37.08
6.60	-37.23
6.32	-37.29
6.32	-37.29
6.18	-37.49
5.91	-37.29
5.91	-37.29
5.79	-37.11
5.41	-37.29
5.41	-37.29
5.69	-36.80
6.19	-36.84
6.19	-36.84
5.84	-36.75
5.84	-36.75
5.33	-36.80
5.07	-36.57
5.07	-36.57
5.16	-36.31
4.90	-36.13
4.90	-36.13
4.83	-36.07
4.81	-35.90
4.81	-35.90
4.50	-35.82
4.47	-35.76
4.47	-35.76
4.35	-35.53
4.48	-35.48
4.48	-35.48
4.66	-35.44
4.86	-35.35
4.86	-35.35
4.95	-35.26
5.29	-35.15
5.29	-35.15
5.52	-35.07
5.72	-35.18
5.72	-35.18
5.94	-35.08
5.94	-35.08
6.15	-35.06
6.23	-34.99
6.23	-34.99
6.17	-34.98
6.35	-34.85
6.35	-34.85
6.34	-34.77
6.22	-34.71
6.22	-34.71
6.10	-34.65
6.21	-34.56
6.21	-34.56
6.31	-34.48
6.26	-34.27
6.26	-34.27
6.24	-34.13
6.20	-34.04
6.20	-34.04
6.36	-33.99
6.53	-33.95
6.53	-33.95
6.62	-34.00
6.62	-34.08
6.62	-34.08
6.72	-34.02
6.76	-33.90
6.76	-33.90
6.68	-33.97
6.68	-33.97
6.51	-33.89
6.74	-33.92
6.74	-33.92
6.63	-34.02
6.76	-33.98
6.76	-33.98
6.84	-34.08
7.00	-33.91
7.00	-33.91
7.17	-33.99
7.17	-33.89
7.17	-33.89
7.41	-33.91
7.50	-34.01
7.50	-34.01
7.75	-34.02
7.80	-34.08
7.80	-34.08
7.78	-33.99
7.81	-34.00
7.81	-34.00
7.75	-33.74
7.78	-33.68
7.78	-33.68
7.56	-33.70
7.56	-33.70
7.39	-33.70
7.39	-33.85
7.39	-33.85
7.37	-33.89
7.52	-33.71
7.52	-33.71
7.71	-33.73
7.95	-33.71
7.95	-33.71
8.12	-34.14
8.24	-34.09
8.24	-34.09
8.37	-34.17
8.70	-33.91
8.70	-33.91
8.62	-33.59
8.79	-33.55
8.79	-33.55
8.85	-33.60
8.78	-33.67
8.78	-33.67
8.82	-33.64
8.90	-33.50
8.90	-33.50
8.77	-33.46
8.58	-33.35
8.58	-33.35
8.71	-33.35
8.71	-33.35
8.75	-33.34
8.63	-33.48
8.63	-33.48
8.56	-33.38
8.64	-33.35
8.64	-33.35
8.50	-33.26
8.35	-33.25
8.35	-33.25
8.35	-33.39
8.27	-33.46
8.27	-33.46
8.31	-33.65
8.46	-33.81
8.46	-33.81
8.58	-33.80
8.77	-33.87
8.77	-33.87
9.01	-33.89
9.24	-33.73
9.24	-33.73
9.19	-33.65
9.19	-33.65
9.12	-33.34
8.82	-33.09
8.82	-33.09
8.47	-32.75
8.05	-32.59
8.05	-32.59
7.78	-32.33
7.33	-32.64
7.33	-32.64
7.03	-32.38
6.56	-32.03
6.56	-32.03
5.97	-31.97
5.62	-31.75
5.62	-31.75
5.14	-31.39
4.35	-30.73
4.35	-30.73
3.94	-30.34
3.79	-30.28
3.79	-30.28
3.54	-29.87
2.90	-29.49
2.90	-29.49
2.11	-29.34
1.66	-29.05
1.66	-29.05
1.52	-28.81
1.54	-28.31
1.54	-28.31
1.28	-28.12
1.16	-27.90
1.16	-27.90
1.19	-27.74
1.36	-27.78
1.36	-27.78
1.98	-27.84
1.98	-27.84
2.32	-27.94
2.71	-27.96
2.71	-27.96
3.21	-28.43
3.54	-28.68
3.54	-28.68
3.43	-28.98
3.26	-28.85
3.26	-28.85
2.90	-29.01
2.61	-28.85
2.61	-28.85
2.64	-28.55
2.79	-28.46
2.79	-28.46
2.98	-28.52
3.65	-29.36
3.65	-29.36
4.39	-29.99
5.10	-30.35
5.10	-30.35
5.42	-30.66
5.68	-30.71
5.68	-30.71
5.69	-30.59
5.66	-30.44
5.66	-30.44
5.57	-30.69
5.57	-30.69
5.55	-30.70
5.58	-30.65
5.58	-30.65
5.67	-30.96
5.65	-31.06
5.65	-31.06
5.52	-31.04
5.54	-31.03
5.54	-31.03
5.68	-30.95
5.60	-31.13
5.60	-31.13
5.51	-31.36
5.41	-31.44
5.41	-31.44
5.56	-31.67
5.67	-31.94
5.67	-31.94
5.80	-32.11
5.90	-32.32
5.90	-32.32
5.72	-32.23
5.87	-32.18
5.87	-32.18
5.63	-32.03
5.63	-32.03
5.67	-31.88
5.69	-31.76
5.69	-31.76
5.71	-31.61
5.64	-31.59
5.64	-31.59
5.58	-31.47
5.55	-31.43
5.55	-31.43
5.60	-31.51
5.47	-31.66
5.47	-31.66
5.48	-31.77
5.54	-32.00
5.54	-32.00
5.58	-32.27
5.53	-32.03
5.53	-32.03
5.49	-32.03
5.49	-31.96
5.49	-31.96
5.47	-31.81
5.58	-31.78
5.58	-31.78
5.64	-31.69
5.62	-31.89
5.62	-31.89
5.77	-31.89
5.77	-31.89
5.72	-31.98
5.90	-32.07
5.90	-32.07
5.97	-31.96
5.99	-31.84
5.99	-31.84
6.22	-31.78
6.43	-31.82
6.43	-31.82
6.51	-31.88
6.66	-31.95
6.66	-31.95
6.89	-31.98
7.13	-32.07
7.13	-32.07
7.48	-31.98
7.51	-31.99
7.51	-31.99
7.54	-31.93
7.77	-31.85
7.77	-31.85
7.68	-31.93
7.76	-31.84
7.76	-31.84
7.78	-31.91
7.94	-31.83
7.94	-31.83
7.78	-31.76
7.78	-31.76
7.75	-31.78
7.87	-31.87
7.87	-31.87
7.70	-31.70
7.74	-31.89
7.74	-31.89
7.74	-31.83
7.74	-31.89
7.74	-31.89
7.86	-31.76
7.82	-31.77
7.82	-31.77
7.91	-31.70
8.26	-31.63
8.26	-31.63
8.08	-31.39
8.05	-31.34
8.05	-31.34
8.03	-31.29
8.10	-31.28
8.10	-31.28
8.14	-31.41
8.24	-31.45
8.24	-31.45
8.33	-31.49
8.33	-31.49
8.46	-31.39
8.66	-31.49
8.66	-31.49
8.63	-31.25
8.63	-31.34
8.63	-31.34
8.65	-31.24
8.58	-31.25
8.58	-31.25
8.68	-31.27
8.72	-31.19
8.72	-31.19
8.66	-31.21
8.62	-31.17
8.62	-31.17
8.67	-31.34
8.66	-31.28
8.66	-31.28
8.78	-31.34
8.85	-31.28
8.85	-31.28
8.85	-31.39
9.02	-31.15
9.02	-31.15
9.23	-31.01
9.26	-30.97
9.26	-30.97
9.38	-30.88
9.38	-30.88
9.50	-30.83
9.62	-30.89
9.62	-30.89
9.79	-30.84
9.87	-30.87
9.87	-30.87
9.81	-30.84
10.11	-30.96
10.11	-30.96
9.94	-30.87
9.93	-30.97
9.93	-30.97
9.85	-31.00
9.83	-30.96
9.83	-30.96
9.72	-30.94
9.61	-30.77
9.61	-30.77
9.97	-30.37
10.15	-29.88
10.15	-29.88
10.52	-29.35
11.28	-28.98
11.28	-28.98
11.70	-28.53
11.70	-28.53
11.91	-28.07
12.19	-27.65
12.19	-27.65
12.30	-27.57
12.42	-27.22
12.42	-27.22
12.67	-26.84
13.34	-26.02
13.34	-26.02
14.28	-25.69
14.95	-25.46
14.95	-25.46
15.31	-24.96
16.12	-24.41
16.12	-24.41
16.56	-23.93
16.93	-23.37
16.93	-23.37
16.83	-23.35
17.01	-22.84
17.01	-22.84
17.21	-22.40
17.21	-22.27
17.21	-22.27
16.94	-22.06
16.94	-22.06
16.83	-22.23
16.45	-22.31
16.45	-22.31
16.32	-22.40
16.21	-22.54
16.21	-22.54
16.36	-22.18
16.76	-22.33
16.76	-22.33
16.92	-22.58
16.89	-22.83
16.89	-22.83
17.10	-22.74
17.62	-22.91
17.62	-22.91
18.04	-22.72
18.15	-22.71
18.15	-22.71
17.84	-22.85
17.62	-22.86
17.62	-22.86
17.31	-22.94
17.11	-22.90
17.11	-22.90
17.03	-22.83
17.03	-22.83
17.00	-22.93
16.91	-23.04
16.91	-23.04
16.79	-22.95
16.85	-22.84
16.85	-22.84
16.93	-22.70
17.19	-22.46
17.19	-22.46
17.35	-22.40
17.63	-22.32
17.63	-22.32
17.57	-22.31
17.52	-22.20
17.52	-22.20
17.39	-22.30
17.24	-22.25
17.24	-22.25
17.27	-22.29
17.13	-22.45
17.13	-22.45
16.70	-22.54
16.58	-22.55
16.58	-22.55
16.62	-22.50
16.56	-22.35
16.56	-22.35
16.74	-22.30
16.92	-22.11
16.92	-22.11
17.04	-22.07
17.04	-22.07
17.39	-21.87
17.77	-21.86
17.77	-21.86
18.32	-21.75
19.53	-21.24
19.53	-21.24
20.87	-21.17
22.33	-20.90
22.33	-20.90
23.49	-20.40
25.17	-20.22
25.17	-20.22
26.26	-19.95
26.60	-19.89
26.60	-19.89
26.40	-19.83
25.91	-19.96
25.91	-19.96
25.68	-19.89
25.78	-20.07
25.78	-20.07
25.59	-20.06
25.33	-20.15
25.33	-20.15
25.06	-20.12
25.06	-20.12
25.12	-20.08
25.59	-19.96
25.59	-19.96
25.42	-20.09
25.12	-19.96
25.12	-19.96
25.02	-20.08
24.67	-19.94
24.67	-19.94
24.78	-20.07
24.63	-19.97
24.63	-19.97
24.55	-20.02
24.50	-20.24
24.50	-20.24
24.27	-20.10
24.39	-20.20
24.39	-20.20
24.36	-20.20
24.05	-20.11
24.05	-20.11
24.06	-20.10
24.06	-20.10
24.08	-20.17
23.77	-20.56
23.77	-20.56
23.11	-20.66
22.21	-20.65
22.21	-20.65
21.60	-20.64
21.03	-20.61
21.03	-20.61
20.51	-20.81
20.04	-21.05
20.04	-21.05
19.50	-21.24
19.02	-21.06
19.02	-21.06
18.73	-20.94
18.26	-21.10
18.26	-21.10
18.09	-21.18
17.65	-21.46
17.65	-21.46
17.27	-21.76
16.72	-21.93
16.72	-21.93
16.53	-21.90
16.53	-21.90
16.13	-21.93
15.62	-21.63
15.62	-21.63
15.00	-21.78
14.62	-21.87
14.62	-21.87
14.70	-21.87
14.73	-21.94
14.73	-21.94
14.51	-21.94
14.45	-22.07
14.45	-22.07
14.20	-22.08
14.12	-22.24
14.12	-22.24
14.28	-22.29
13.81	-22.38
13.81	-22.38
13.92	-22.40
14.10	-22.36
14.10	-22.36
14.52	-22.52
14.57	-22.33
14.57	-22.33
14.82	-22.17
15.07	-22.10
15.07	-22.10
15.12	-21.91
15.12	-21.91
15.17	-21.83
15.17	-22.01
15.17	-22.01
15.45	-22.03
15.48	-22.09
15.48	-22.09
15.49	-22.14
15.56	-21.93
15.56	-21.93
15.57	-21.84
15.47	-22.01
15.47	-22.01
15.76	-22.25
15.97	-22.40
15.97	-22.40
16.07	-22.26
15.66	-22.01
15.66	-22.01
15.59	-21.96
15.52	-21.98
15.52	-21.98
15.46	-22.03
15.51	-22.30
15.51	-22.30
15.40	-22.08
15.49	-22.17
15.49	-22.17
15.57	-21.99
15.43	-22.05
15.43	-22.05
15.43	-21.91
15.43	-21.91
15.41	-21.78
15.26	-21.65
15.26	-21.65
15.33	-21.86
15.40	-21.91
15.40	-21.91
15.49	-22.03
15.41	-21.93
15.41	-21.93
15.67	-21.72
15.69	-21.67
15.69	-21.67
15.58	-21.52
15.53	-21.55
15.53	-21.55
15.57	-21.50
15.53	-21.44
15.53	-21.44
15.65	-21.31
15.73	-21.31
15.73	-21.31
15.98	-21.40
16.17	-21.24
16.17	-21.24
16.10	-21.41
16.10	-21.41
15.89	-21.46
16.04	-21.30
16.04	-21.30
15.91	-21.25
15.89	-21.27
15.89	-21.27
16.30	-20.97
16.66	-21.27
16.66	-21.27
16.63	-21.51
16.93	-21.50
16.93	-21.50
16.87	-21.49
16.70	-21.57
16.70	-21.57
16.75	-21.48
16.71	-21.66
16.71	-21.66
16.57	-21.65
16.97	-21.46
16.97	-21.46
17.13	-21.50
17.13	-21.50
17.12	-21.55
17.31	-21.76
17.31	-21.76
17.28	-21.84
17.44	-21.94
17.44	-21.94
16.94	-21.95
16.67	-21.43
16.67	-21.43
16.87	-21.46
16.53	-21.43
16.53	-21.43
16.54	-21.09
16.61	-20.95
16.61	-20.95
16.80	-21.05
16.89	-21.04
16.89	-21.04
17.03	-21.09
17.05	-21.19
17.05	-21.19
16.93	-20.98
17.21	-20.95
17.21	-20.95
17.22	-21.04
17.22	-21.04
17.18	-20.93
17.51	-20.86
17.51	-20.86
17.65	-20.91
17.81	-20.56
17.81	-20.56
18.04	-20.77
18.67	-20.69
18.67	-20.69
19.09	-21.45
20.23	-21.56
20.23	-21.56
21.13	-22.27
21.08	-22.33
21.08	-22.33
21.24	-23.32
20.87	-23.89
20.87	-23.89
20.84	-23.08
20.28	-22.64
20.28	-22.64
19.81	-22.14
19.67	-22.59
19.67	-22.59
19.76	-22.78
19.99	-22.82
19.99	-22.82
20.54	-23.34
20.54	-24.63
20.54	-24.63
21.07	-24.80
21.07	-24.80
21.36	-25.34
21.07	-25.82
21.07	-25.82
21.12	-26.08
21.10	-26.30
21.10	-26.30
20.65	-26.61
19.90	-26.86
19.90	-26.86
19.48	-26.37
18.58	-27.54
18.58	-27.54
17.69	-28.49
17.05	-26.92
17.05	-26.92
17.74	-28.30
18.06	-28.68
18.06	-28.68
17.38	-27.90
17.53	-26.20
17.53	-26.20
16.73	-26.87
17.02	-26.55
17.02	-26.55
17.09	-27.57
17.35	-28.14
17.35	-28.14
18.04	-26.18
18.04	-26.18
18.99	-25.23
19.23	-26.36
19.23	-26.36
18.19	-25.91
17.83	-25.07
17.83	-25.07
18.11	-25.65
17.55	-25.88
17.55	-25.88
17.58	-25.73
17.62	-25.80
17.62	-25.80
17.08	-26.66
16.80	-26.44
16.80	-26.44
15.85	-26.54
15.62	-26.16
15.62	-26.16
14.95	-25.57
14.69	-25.47
14.69	-25.47
14.24	-24.49
13.93	-23.61
13.93	-23.61
13.80	-22.97
13.28	-22.64
13.28	-22.64
12.79	-22.88
12.79	-22.88
11.41	-22.16
10.66	-20.67
10.66	-20.67
10.57	-20.38
10.24	-20.16
10.24	-20.16
10.04	-19.91
9.17	-20.45
9.17	-20.45
8.80	-18.91
9.01	-18.72
9.01	-18.72
8.69	-18.49
8.37	-18.77
8.37	-18.77
8.00	-18.63
7.51	-18.46
7.51	-18.46
7.75	-18.36
7.99	-18.42
7.99	-18.42
8.41	-18.43
8.49	-18.51
8.49	-18.51
8.45	-18.92
8.58	-18.82
8.58	-18.82
8.43	-19.19
8.43	-19.19
8.58	-19.33
8.55	-19.13
8.55	-19.13
8.62	-19.30
8.83	-18.77
8.83	-18.77
9.33	-18.27
9.34	-18.30
9.34	-18.30
9.12	-18.27
8.93	-18.11
8.93	-18.11
8.81	-17.85
9.06	-17.56
9.06	-17.56
8.95	-17.76
9.37	-18.04
9.37	-18.04
9.88	-17.99
9.77	-18.28
9.77	-18.28
9.58	-18.53
10.18	-16.73
10.18	-16.73
9.88	-17.57
9.88	-17.57
9.44	-18.23
9.23	-18.90
9.23	-18.90
9.24	-18.68
9.20	-17.96
9.20	-17.96
9.26	-19.24
9.31	-19.23
9.31	-19.23
9.14	-19.32
9.47	-19.24
9.47	-19.24
9.44	-19.32
9.52	-19.24
9.52	-19.24
9.82	-18.23
9.40	-18.18
9.40	-18.18
9.17	-17.77
8.69	-17.86
8.69	-17.86
8.97	-16.81
9.37	-16.66
9.37	-16.66
9.35	-16.36
9.35	-16.36
8.90	-16.70
8.39	-16.99
8.39	-16.99
8.41	-17.48
8.77	-17.39
8.77	-17.39
9.43	-17.01
9.87	-17.11
9.87	-17.11
10.19	-17.68
10.36	-17.50
10.36	-17.50
8.70	-17.71
7.68	-17.55
7.68	-17.55
7.49	-17.58
8.01	-17.14
8.01	-17.14
8.64	-17.22
8.64	-17.22
8.60	-17.48
8.54	-17.42
8.54	-17.42
8.49	-17.39
9.00	-17.27
9.00	-17.27
8.80	-17.42
9.14	-17.43
9.14	-17.43
9.03	-17.29
9.20	-17.54
9.20	-17.54
9.50	-17.66
9.94	-17.50
9.94	-17.50
9.88	-17.49
10.22	-17.34
10.22	-17.34
10.07	-17.17
9.57	-17.31
9.57	-17.31
9.13	-17.43
9.13	-17.43
8.77	-17.43
8.46	-17.12
8.46	-17.12
8.58	-17.22
8.56	-17.10
8.56	-17.10
8.53	-17.31
8.38	-17.08
8.38	-17.08
8.30	-17.12
8.39	-16.82
8.39	-16.82
8.45	-16.66
8.49	-16.46
8.49	-16.46
8.55	-16.54
8.59	-16.41
8.59	-16.41
8.54	-16.65
8.58	-16.80
8.58	-16.80
8.69	-16.87
8.69	-16.87
8.57	-17.00
8.46	-16.99
8.46	-16.99
8.55	-17.17
8.51	-16.91
8.51	-16.91
8.32	-17.01
8.42	-16.99
8.42	-16.99
8.43	-17.01
8.48	-17.05
8.48	-17.05
8.50	-17.04
8.53	-17.12
8.53	-17.12
8.44	-16.82
8.63	-16.65
8.63	-16.65
8.48	-16.57
8.41	-16.67
8.41	-16.67
8.25	-16.62
8.15	-16.66
8.15	-16.66
7.70	-16.77
7.37	-17.00
7.37	-17.00
7.14	-17.04
7.14	-17.04
6.54	-16.87
6.01	-16.77
6.01	-16.77
5.68	-16.64
5.27	-16.53
5.27	-16.53
4.77	-16.44
4.38	-16.69
4.38	-16.69
3.87	-16.70
3.30	-16.55
3.30	-16.55
2.78	-16.70
2.38	-16.72
2.38	-16.72
1.48	-16.63
0.79	-16.47
0.79	-16.47
0.22	-16.51
-0.41	-16.52
-0.41	-16.52
-0.96	-16.60
-1.70	-16.66
-1.70	-16.66
-2.32	-16.81
-2.70	-16.84
-2.70	-16.84
-2.93	-16.77
-3.19	-16.86
-3.19	-16.86
-3.10	-16.97
-3.10	-16.97
-2.92	-17.10
-2.19	-17.28
-2.19	-17.28
-1.83	-17.12
-1.44	-17.09
-1.44	-17.09
-0.93	-17.13
-0.81	-16.79
-0.81	-16.79
-0.53	-16.25
-0.05	-15.26
-0.05	-15.26
0.00	-13.92
0.06	-12.84
0.06	-12.84
-0.22	-11.57
0.03	-10.75
0.03	-10.75
0.48	-9.45
0.82	-8.27
0.82	-8.27
1.46	-6.73
2.07	-4.31
2.07	-4.31
2.81	-2.27
2.81	-2.27
3.20	-2.03
3.84	-2.08
3.84	-2.08
4.27	-2.27
4.46	-2.67
4.46	-2.67
4.85	-2.73
5.36	-2.94
5.36	-2.94
5.76	-3.33
6.20	-4.19
6.20	-4.19
6.50	-6.05
6.90	-7.56
6.90	-7.56
7.06	-8.72
7.30	-10.20
7.30	-10.20
7.90	-10.88
8.30	-10.52
8.30	-10.52
8.27	-10.55
8.39	-10.72
8.39	-10.72
8.95	-11.37
9.41	-12.36
9.41	-12.36
9.92	-13.78
9.92	-13.78
10.48	-15.36
11.23	-16.94
11.23	-16.94
11.51	-18.64
11.51	-19.28
11.51	-19.28
11.43	-19.68
11.11	-19.60
11.11	-19.60
10.59	-19.55
9.78	-19.47
9.78	-19.47
8.00	-19.73
6.16	-19.37
6.16	-19.37
4.36	-19.60
2.41	-19.34
2.41	-19.34
0.75	-19.23
-0.33	-19.13
-0.33	-19.13
-0.52	-19.19
-0.83	-19.00
-0.83	-19.00
-0.96	-18.93
-1.25	-18.96
-1.25	-18.96
-1.52	-18.67
-1.59	-18.67
-1.59	-18.67
-1.72	-18.57
-1.72	-18.57
-1.81	-18.41
-1.89	-18.29
-1.89	-18.29
-1.85	-18.24
-1.61	-17.98
-1.61	-17.98
-1.50	-17.95
-1.29	-17.32
-1.29	-17.32
-1.18	-17.13
-0.90	-16.74
-0.90	-16.74
-0.77	-16.51
-0.81	-16.29
-0.81	-16.29
-0.74	-16.08
-0.74	-15.81
-0.74	-15.81
-0.53	-15.59
-0.41	-15.31
-0.41	-15.31
-0.28	-15.03
-0.06	-15.00
-0.06	-15.00
0.19	-14.99
0.19	-14.99
0.30	-14.75
0.75	-14.36
0.75	-14.36
1.22	-13.86
1.42	-13.40
1.42	-13.40
1.53	-13.20
1.62	-12.85
1.62	-12.85
1.88	-12.75
2.08	-12.49
2.08	-12.49
2.22	-12.25
2.60	-12.01
2.60	-12.01
2.89	-11.43
3.13	-11.36
3.13	-11.36
3.52	-10.76
3.70	-10.40
3.70	-10.40
3.81	-10.20
4.04	-10.05
4.04	-10.05
4.25	-9.84
4.52	-9.75
4.52	-9.75
4.76	-9.69
5.07	-9.69
5.07	-9.69
4.95	-9.58
5.13	-9.26
5.13	-9.26
5.24	-8.98
5.24	-8.98
5.35	-8.57
5.47	-7.62
5.47	-7.62
5.56	-6.73
5.60	-5.68
5.60	-5.68
5.67	-4.93
5.61	-3.93
5.61	-3.93
5.58	-2.89
5.91	-1.96
5.91	-1.96
6.36	-0.85
6.77	0.06
6.77	0.06
7.02	0.93
7.31	2.06
7.31	2.06
7.27	2.02
7.50	2.13
7.50	2.13
7.78	2.05
7.86	1.77
7.86	1.77
7.85	1.33
8.25	1.25
8.25	1.25
8.58	0.94
8.62	0.63
8.62	0.63
8.75	0.16
9.00	0.07
9.00	0.07
9.26	0.12
9.26	0.12
9.18	0.11
9.14	0.39
9.14	0.39
9.26	0.55
9.31	0.65
9.31	0.65
9.14	0.86
9.17	1.31
9.17	1.31
9.07	1.49
9.07	1.59
9.07	1.59
8.89	1.93
8.85	2.22
