-9.61	7.58
-10.66	-2.11
-11.35	-6.83
-11.76	-11.76
-11.92	-15.99
-12.15	-17.92
-13.04	-10.18
-13.59	-7.80
-14.43	-8.73
-14.32	-9.06
-14.28	-9.46
-13.91	-9.96
-13.27	-10.69
-13.10	-11.57
-13.26	-12.77
-12.84	-14.27
-12.71	-14.48
-12.16	-14.31
-11.78	-13.91
-11.57	-13.55
-11.31	-14.23
-10.74	-15.22
-10.48	-14.85
-10.43	-14.58
-10.47	-14.83
-10.64	-14.38
-10.66	-14.81
-10.84	-14.86
-10.82	-15.08
-10.53	-14.98
-10.18	-14.55
-9.33	-14.58
-7.86	-14.63
-6.74	-15.23
-5.13	-16.27
-4.22	-16.58
-3.44	-16.18
-2.84	-16.65
-2.69	-17.37
-2.95	-17.06
-2.95	-16.75
-2.84	-16.21
-2.74	-16.36
-2.64	-16.65
-2.26	-17.24
-2.83	-17.47
-3.11	-17.39
-3.11	-17.51
-2.66	-18.23
-2.86	-17.69
-2.64	-17.91
-1.97	-18.09
-1.82	-18.58
-1.57	-18.91
-0.38	-16.66
0.68	-16.42
2.12	-15.96
3.80	-15.43
5.46	-14.84
7.40	-14.51
9.41	-13.97
10.60	-13.74
11.91	-14.15
13.25	-13.48
13.85	-12.80
15.11	-11.73
15.78	-10.57
15.84	-10.64
15.88	-10.76
15.99	-10.42
16.36	-10.01
16.88	-9.30
18.22	-7.62
19.40	-6.06
20.89	-5.74
22.36	-5.06
23.40	-4.50
24.72	-4.19
26.07	-3.16
27.22	-2.18
28.53	-1.98
29.89	-2.03
31.24	-2.14
33.21	-1.90
35.04	-1.59
36.04	-1.20
37.62	-0.80
39.19	-0.40
40.52	-0.10
41.70	0.27
42.68	0.26
43.16	0.81
43.52	1.17
43.71	0.89
43.44	0.82
43.34	0.64
43.43	0.58
43.02	0.70
42.25	0.70
42.16	0.76
41.77	0.90
41.44	0.65
41.53	0.62
41.32	0.48
40.99	0.21
40.61	0.49
40.29	0.44
39.69	0.43
39.05	0.73
38.36	0.51
38.22	0.70
38.13	0.91
38.34	1.11
38.70	1.35
38.56	1.32
38.49	1.22
38.24	1.30
37.79	1.30
37.74	1.39
37.82	1.46
37.87	1.48
37.92	1.42
37.96	1.26
37.59	1.39
37.51	1.45
37.55	1.47
37.58	1.62
37.92	1.67
38.00	1.80
38.14	1.78
38.16	2.03
38.30	2.11
38.33	2.02
38.48	1.85
38.48	1.80
38.67	1.28
38.86	0.93
38.88	0.80
39.00	0.55
39.11	0.49
39.27	0.15
39.31	-0.51
39.41	-1.83
39.25	-4.77
38.35	-9.51
37.21	-13.10
36.95	-15.68
36.70	-19.15
36.26	-20.93
35.59	-23.31
34.85	-24.06
34.54	-24.66
33.90	-26.53
32.72	-29.10
31.69	-31.19
30.88	-33.78
28.85	-35.82
27.70	-36.36
26.30	-37.61
23.96	-40.34
20.28	-43.12
16.99	-45.11
13.33	-46.44
9.88	-46.49
5.99	-46.56
2.30	-46.63
-0.16	-46.26
-1.25	-46.17
-1.80	-46.21
-2.40	-46.29
-3.22	-46.54
-3.50	-46.66
-3.53	-47.09
-3.73	-47.11
-3.61	-46.96
-3.26	-47.09
-2.96	-46.79
-2.75	-46.57
-2.18	-46.95
-2.03	-46.97
-1.90	-47.10
-1.93	-47.17
-1.97	-47.30
-1.97	-47.50
-1.87	-47.46
-1.70	-47.52
-1.17	-47.58
-1.51	-46.62
-1.38	-46.61
-1.48	-46.57
-1.76	-46.57
-1.72	-46.79
-1.60	-46.56
-1.58	-46.60
-1.59	-46.91
-1.49	-46.62
-1.47	-46.82
-1.55	-46.81
-1.56	-46.75
-1.66	-46.61
-1.60	-46.44
-1.65	-46.08
-1.72	-45.80
-1.49	-45.88
-1.44	-45.69
-1.39	-45.75
-1.33	-45.86
-1.56	-45.62
-1.70	-45.32
-1.82	-44.60
-2.13	-43.02
-2.13	-41.69
-2.12	-40.57
-2.06	-39.60
-2.17	-38.49
-2.41	-36.62
-2.75	-34.48
-3.11	-31.83
-3.40	-29.21
-3.79	-25.77
-3.76	-22.15
-4.10	-20.43
-4.27	-18.21
-4.12	-16.30
-4.20	-15.46
-4.43	-13.85
-4.42	-12.59
-4.58	-11.66
-4.38	-10.55
-4.58	-9.25
-4.63	-7.88
-4.76	-6.36
-4.74	-4.50
-4.88	-3.68
-4.83	-1.16
-4.66	0.55
-4.72	1.99
-4.41	3.63
-4.40	4.67
-4.13	6.13
-4.23	6.18
-4.28	6.06
-4.20	5.07
-4.13	5.52
-3.74	5.78
-3.58	5.24
-3.69	4.85
-3.84	4.23
-3.98	3.94
-3.91	4.21
-3.94	3.76
-4.06	4.00
-3.99	3.91
-4.13	3.76
-4.14	4.02
-4.29	4.05
-4.33	3.80
-4.39	4.07
-4.43	4.17
-4.39	3.99
-4.32	4.11
-4.23	3.83
-4.23	3.63
-4.30	3.75
-4.36	3.68
-4.59	3.69
-4.48	3.80
-4.44	3.92
-4.42	3.73
-4.44	3.74
-4.24	3.49
-4.32	3.49
-4.35	3.71
-4.45	3.69
-4.47	3.71
-4.36	3.75
-4.35	3.53
-4.26	3.44
-4.29	3.41
-4.31	3.39
-4.31	3.31
-4.39	3.19
-4.32	3.26
-4.32	3.34
-4.24	3.26
-4.26	3.13
-4.33	3.27
-4.35	3.26
-4.26	3.29
-4.24	3.27
-4.34	3.27
-4.23	3.19
-4.28	3.16
-4.34	3.07
-4.37	3.04
-4.41	3.19
-4.28	3.22
-4.22	2.97
-4.20	2.95
-4.12	2.86
-3.89	2.57
-3.93	2.44
-3.78	2.27
-3.81	1.97
-3.83	1.74
-3.89	1.59
-3.86	1.39
-3.71	1.28
-3.62	1.17
-3.48	0.95
-3.44	0.80
-3.40	0.32
-3.18	-0.14
-2.76	-1.12
-2.25	-2.09
-1.96	-2.12
-1.61	-2.64
-1.27	-3.18
-0.79	-3.90
-0.28	-4.90
0.04	-5.73
0.45	-6.63
0.48	-6.85
0.41	-6.57
0.35	-6.69
-0.04	-6.39
-0.46	-6.65
-0.96	-7.19
-1.49	-7.63
-1.84	-8.54
-2.10	-9.24
-2.20	-8.97
-2.29	-9.54
-2.46	-9.82
-2.61	-8.99
-2.91	-9.36
-3.10	-10.12
-3.34	-10.45
-3.26	-10.50
-3.44	-11.36
-3.50	-11.94
-3.66	-12.57
-3.89	-13.35
-2.45	-11.70
-2.53	-11.25
-2.67	-11.61
-3.49	-13.03
-4.00	-12.89
-4.12	-12.42
-4.68	-12.37
-4.81	-13.41
-4.36	-13.75
-4.67	-13.15
-5.23	-12.22
-5.72	-13.16
-5.17	-13.20
-4.69	-12.79
-4.63	-12.05
-5.22	-11.51
-6.19	-12.02
-6.17	-11.70
-7.26	-11.05
-6.52	-10.38
-6.09	-9.98
-6.77	-9.88
-7.05	-9.44
-6.95	-8.96
-7.08	-8.25
-7.25	-8.19
-6.82	-9.09
-6.42	-9.25
-5.87	-9.35
-5.28	-8.97
-4.86	-8.75
-5.03	-9.33
-5.86	-9.96
-5.76	-10.64
-6.08	-9.83
-6.71	-9.71
-6.83	-10.62
-6.61	-11.14
-5.89	-10.80
-5.58	-10.21
-5.79	-10.22
-6.08	-10.76
-6.06	-10.98
-5.21	-9.93
-5.04	-9.02
-4.46	-9.12
-3.84	-9.27
-3.15	-8.13
-2.17	-7.82
-0.78	-6.95
0.97	-4.83
3.03	-3.33
5.99	-2.33
6.74	-1.03
8.93	0.65
10.57	2.30
12.22	3.14
15.22	3.91
17.70	4.48
20.28	4.63
23.57	5.42
25.94	5.58
28.50	6.11
30.38	6.53
31.74	6.19
32.95	6.59
33.81	6.74
34.50	6.31
34.40	6.36
33.75	6.23
33.91	5.93
34.57	6.24
34.61	6.04
34.63	5.29
34.71	5.09
34.46	4.54
34.54	4.41
34.59	4.36
34.50	3.57
34.62	3.47
34.93	2.83
35.34	2.33
36.18	1.85
37.04	1.74
38.20	1.60
39.69	1.41
42.16	1.29
44.05	0.95
46.48	0.44
48.89	-0.21
52.34	-0.54
54.99	-0.59
57.52	-1.08
59.16	-1.11
60.32	-1.44
61.51	-1.77
62.26	-1.70
63.56	-2.32
64.22	-3.26
65.61	-4.01
66.71	-4.25
68.75	-5.04
70.48	-4.83
72.37	-4.89
73.90	-5.04
75.11	-5.14
75.42	-5.28
75.45	-5.33
74.90	-5.30
74.16	-4.48
74.35	-3.76
73.78	-3.67
72.71	-3.79
71.81	-3.56
71.42	-3.79
71.85	-3.99
72.49	-4.52
73.27	-4.28
74.14	-4.33
74.25	-4.57
74.36	-4.16
74.52	-4.22
74.00	-4.38
74.28	-4.62
74.48	-4.53
74.59	-4.35
75.15	-4.12
75.84	-3.98
76.90	-3.45
77.48	-3.62
77.96	-3.95
78.72	-3.84
79.55	-3.40
81.57	-3.07
83.05	-3.03
84.42	-2.81
85.94	-2.87
87.67	-2.45
89.59	-2.10
91.62	-2.70
94.15	-2.59
96.03	-2.20
97.59	-2.73
99.32	-2.11
100.54	-1.40
102.65	-1.76
104.54	-1.98
106.65	-2.81
109.00	-3.69
110.58	-3.88
112.43	-3.87
114.13	-4.15
115.70	-4.12
117.52	-3.37
119.12	-3.42
120.32	-3.68
121.14	-3.64
121.41	-3.41
121.37	-2.98
121.73	-2.26
122.72	-0.98
123.57	-0.89
124.69	-0.64
125.61	0.34
127.02	1.18
128.60	1.68
129.78	3.17
130.58	5.45
131.00	7.74
131.31	9.89
131.69	11.54
131.97	12.90
132.34	13.76
132.43	14.14
132.62	13.63
133.20	13.87
133.86	13.80
134.67	13.49
135.27	13.72
136.07	13.09
137.47	12.38
138.75	11.64
140.36	10.77
141.90	9.18
144.33	7.98
146.55	7.55
148.50	6.28
150.27	5.07
152.08	3.64
154.00	1.90
156.48	-0.71
157.68	-2.54
158.85	-2.82
158.48	-2.80
157.09	-2.54
155.68	-2.31
154.53	-2.05
153.79	-1.45
153.15	-1.41
152.80	-1.55
152.43	-1.64
152.65	-1.95
152.84	-1.74
152.94	-1.97
152.84	-1.97
152.63	-1.71
152.26	-2.10
151.69	-2.00
149.97	-2.07
148.56	-1.94
146.81	-1.41
144.08	-1.69
140.23	-0.94
134.05	0.57
127.21	1.41
120.62	2.69
111.50	4.02
103.89	4.70
96.90	6.10
89.60	6.98
84.31	7.42
78.39	8.81
73.23	10.27
69.32	10.07
64.83	11.18
61.04	12.33
57.96	12.05
54.47	13.03
51.27	14.20
48.70	14.24
45.84	14.74
41.94	16.24
38.71	17.12
35.55	16.52
31.97	16.08
29.24	16.40
26.27	16.48
23.48	16.66
20.13	16.96
15.72	16.87
12.46	17.33
9.31	17.99
5.90	17.55
3.02	17.03
0.87	17.23
-1.82	16.86
-4.85	16.15
-7.07	15.67
-9.75	15.14
-12.47	14.97
-14.84	14.47
-17.36	14.21
-19.62	14.27
-22.23	13.74
-24.67	13.16
-27.02	12.85
-29.84	12.20
-32.32	11.43
-34.50	11.08
-36.91	10.18
-39.29	9.75
-41.46	10.19
-44.04	10.12
-46.97	9.73
-50.01	9.08
-52.88	8.21
-55.68	6.98
-58.25	7.54
-59.85	8.01
-61.70	7.83
-63.37	7.71
-65.89	7.43
-68.65	6.62
-71.36	6.50
-74.26	6.51
-77.31	6.22
-79.63	6.19
-81.81	6.49
-84.38	6.19
-86.73	6.40
-89.15	6.63
-91.58	6.66
-93.50	6.23
-95.67	7.20
-97.34	7.12
-99.12	7.08
-100.47	6.68
-101.90	6.42
-103.74	6.71
-105.67	7.06
-107.38	7.96
-109.22	8.87
-110.86	9.96
-112.52	11.07
-114.18	11.97
-116.19	12.89
-117.86	14.01
-119.15	14.37
-120.72	15.12
-121.84	15.42
-122.95	15.22
-124.27	14.77
-125.34	14.92
-126.39	14.97
-127.92	14.90
-129.16	14.99
-130.37	15.38
-131.83	15.43
-133.25	15.50
-134.77	15.93
-136.23	15.79
-137.66	15.72
-138.89	16.41
-140.16	16.58
-141.58	16.46
-143.18	17.25
-144.80	18.10
-146.74	18.36
-148.66	18.36
-150.97	17.54
-153.36	16.44
-155.49	15.14
-157.04	15.21
-158.58	15.12
-159.92	14.65
-161.01	13.96
-162.21	12.90
-163.34	11.74
-164.59	10.71
-165.94	8.91
-166.98	6.81
-167.89	5.21
-168.52	4.16
-169.44	1.73
-170.24	-0.93
-170.67	-2.57
-171.52	-5.38
-172.78	-8.89
-173.44	-11.04
-174.12	-12.81
-174.55	-12.95
-174.60	-13.52
-174.79	-15.27
-175.02	-17.20
-175.05	-19.29
-174.95	-21.42
-175.48	-23.62
-175.77	-25.15
-175.30	-26.09
-175.87	-27.70
-176.63	-28.71
-176.71	-29.39
-176.68	-30.51
-177.21	-29.99
-177.40	-30.11
-176.99	-31.61
-176.87	-32.29
-176.82	-32.98
-176.78	-34.07
-177.06	-34.47
-176.73	-34.11
-176.80	-34.41
-176.67	-34.37
-176.19	-34.57
-176.03	-34.93
-175.95	-35.10
-176.28	-34.79
-176.45	-35.15
-176.35	-34.41
-176.09	-33.81
-175.84	-33.76
-175.64	-33.38
-175.38	-33.47
-175.40	-33.13
-175.20	-32.49
-175.35	-31.08
-175.05	-27.38
-174.73	-19.42
-173.59	-12.01
-173.16	-11.53
-173.10	-12.11
-172.75	-12.06
-172.67	-10.73
-172.25	-10.88
-171.71	-10.49
-171.33	-10.44
-170.97	-10.88
-170.97	-11.25
-170.79	-11.86
-170.79	-12.06
-170.71	-11.72
-170.70	-11.90
-170.53	-11.29
-170.29	-11.39
-170.17	-11.33
-169.53	-11.61
-169.03	-11.84
-168.16	-11.66
-167.30	-11.14
-166.37	-11.33
-165.26	-11.41
-164.38	-10.74
-163.05	-10.24
-160.21	-9.72
-156.86	-9.85
-153.86	-10.69
-151.70	-11.46
-149.10	-11.92
-146.70	-11.94
-144.65	-11.32
-142.55	-10.26
-140.98	-9.53
-139.66	-9.08
-138.65	-8.68
-137.66	-8.45
-136.95	-8.29
-136.95	-8.12
-136.93	-8.02
-137.08	-8.29
-137.28	-8.73
-137.38	-8.97
-135.95	-9.17
-134.29	-9.19
-132.88	-9.29
-131.40	-9.18
-129.88	-9.15
-128.12	-9.17
-125.22	-9.16
-122.04	-9.24
-118.67	-9.58
-115.58	-9.47
-113.07	-9.52
-111.98	-9.65
-110.50	-9.49
-109.84	-9.16
-109.59	-8.77
-109.57	-8.96
-109.63	-8.92
-109.89	-8.92
-110.46	-9.20
-111.43	-9.02
-112.46	-8.83
-113.41	-9.14
-114.20	-8.87
-114.54	-8.47
-114.95	-8.45
-115.56	-8.72
-116.39	-8.99
-117.45	-8.87
-118.75	-8.62
-119.94	-8.21
-121.43	-7.50
-123.21	-5.86
-124.83	-3.92
-126.31	-1.82
-127.19	0.26
-128.29	1.73
-129.20	3.82
-130.07	5.57
-130.65	6.64
-131.27	7.03
-131.98	8.11
-132.54	8.72
-133.34	9.95
-133.79	11.10
-134.11	13.24
-134.53	14.34
-134.85	15.86
-135.21	17.90
-135.67	19.61
-135.94	21.37
-136.29	22.71
-136.68	23.70
-137.20	24.76
-137.69	25.19
-138.17	25.59
-138.64	26.05
-139.03	26.73
-139.31	27.53
-139.82	27.58
-140.41	26.95
-140.55	26.62
-141.03	26.21
-141.52	25.56
-142.14	25.83
-142.65	25.85
-142.99	25.75
-143.39	25.73
-143.56	25.71
-143.49	25.85
-143.58	25.63
-143.93	25.40
-144.24	25.47
-144.98	25.51
-146.97	25.55
-148.26	25.88
-149.51	26.42
-151.88	26.70
-153.50	27.38
-154.93	28.32
-156.65	29.08
-157.24	29.92
-157.43	31.08
-157.60	31.82
-157.31	32.91
-157.01	34.37
-157.06	35.76
-156.92	37.06
-156.49	38.32
-156.50	39.02
-156.10	39.91
-156.25	41.03
-156.65	41.29
-156.61	42.23
-156.80	42.95
-156.97	43.53
-157.15	43.73
-157.16	43.55
-157.25	43.26
-156.66	43.64
-156.54	42.52
-156.17	42.72
-155.99	42.06
-155.80	41.82
-156.13	41.08
-155.97	40.81
-156.58	40.11
-156.78	39.95
-158.33	39.14
-159.99	38.93
-162.40	38.40
-165.00	36.74
-166.86	35.86
-169.25	34.02
-170.81	32.14
-171.76	30.54
-172.59	28.98
-173.38	27.02
-174.16	25.16
-174.42	23.19
-174.87	21.39
-174.93	19.86
-174.82	17.76
-175.03	15.80
-175.19	13.79
-175.38	11.98
-175.48	10.77
-175.99	9.30
-176.03	7.80
-175.94	6.17
-176.31	4.73
-176.31	4.00
-175.93	2.40
-176.35	1.00
-176.42	-0.88
-176.08	-2.61
-175.93	-4.22
-175.93	-6.62
-175.61	-8.02
-175.50	-11.14
-175.74	-14.01
-175.64	-15.39
-175.35	-18.00
-175.39	-19.46
-174.37	-18.43
-173.12	-20.10
-173.21	-20.58
-172.96	-20.16
-172.85	-21.01
-173.36	-20.79
-173.20	-21.45
-172.48	-21.90
-172.01	-21.88
-171.29	-23.11
-170.64	-23.04
-170.01	-23.49
-169.62	-24.28
-170.34	-24.09
-170.07	-24.70
-170.07	-24.68
-169.71	-24.08
-169.02	-24.51
-169.33	-23.22
-169.29	-23.07
-169.04	-23.11
-169.24	-22.88
-169.41	-23.34
-168.87	-23.24
-168.86	-22.83
-168.50	-22.56
-168.17	-22.72
-167.87	-22.74
-167.61	-22.78
-167.43	-23.05
-167.50	-22.80
-167.54	-22.85
-167.31	-23.15
-167.17	-23.39
-166.96	-23.64
-166.61	-24.24
-166.03	-25.46
-164.86	-27.43
-163.20	-30.13
-160.59	-34.73
-158.89	-37.54
-158.29	-39.04
-158.42	-38.79
-158.35	-38.12
-158.10	-38.84
-157.72	-40.78
-156.96	-43.00
-155.86	-44.93
-155.25	-46.14
-155.04	-46.73
-154.46	-47.39
-153.56	-47.71
-151.82	-48.53
-149.87	-50.15
-146.99	-50.67
-143.44	-50.97
-138.59	-52.07
-134.51	-51.53
-129.93	-50.80
-125.34	-50.78
-121.36	-49.78
-117.71	-49.09
-114.08	-49.29
-110.19	-48.20
-105.02	-46.83
-101.44	-46.04
-99.14	-45.65
-97.05	-45.58
-96.20	-46.08
-95.96	-46.50
-95.41	-47.15
-96.01	-48.05
-96.84	-48.22
-96.89	-48.33
-97.60	-48.92
-98.86	-49.51
-99.77	-49.53
-100.87	-49.36
-101.76	-49.54
-102.26	-49.43
-102.16	-49.27
-101.96	-49.34
-102.24	-49.44
-102.26	-49.37
-102.29	-49.66
-102.62	-49.86
-102.63	-49.60
-102.42	-49.58
-102.63	-49.62
-102.83	-49.65
-103.15	-49.71
-103.72	-49.69
-103.71	-49.61
-103.54	-49.57
-103.81	-49.67
-103.83	-49.62
-104.20	-49.56
-104.79	-49.53
-105.37	-49.35
-105.55	-49.06
-105.37	-49.21
-105.42	-49.02
-105.04	-48.75
-105.02	-48.74
-105.29	-48.29
-105.68	-47.70
-106.76	-47.03
-107.69	-46.23
-108.29	-45.73
-108.93	-45.62
-109.05	-45.95
-109.54	-45.99
-109.77	-46.02
-110.06	-46.12
-110.14	-46.02
-110.32	-45.65
-110.74	-44.89
-110.98	-44.38
-111.52	-43.47
-111.93	-42.43
-112.51	-41.93
-113.07	-41.19
-113.58	-40.42
-113.97	-39.80
-114.00	-38.75
-114.06	-37.31
-113.73	-35.75
-113.51	-34.98
-113.41	-34.15
-113.28	-32.61
-113.52	-31.01
-113.95	-28.05
-114.21	-26.33
-114.40	-24.66
-114.38	-23.91
-114.69	-21.92
-115.18	-18.16
-115.91	-14.98
-116.32	-11.86
-116.76	-9.36
-116.90	-6.72
-117.01	-5.10
-116.64	-4.02
-116.43	-3.16
-116.21	-2.88
-115.88	-2.42
-115.84	-2.32
-116.08	-2.30
-116.38	-2.03
-116.80	-1.90
-117.25	-2.11
-117.52	-1.32
-117.56	-1.29
-118.08	-1.11
-118.40	-0.59
-119.28	-0.81
-120.42	-1.09
-122.19	-2.20
-124.58	-3.31
-126.89	-4.13
-129.42	-5.14
-131.76	-5.93
-134.14	-7.34
-136.51	-9.85
-139.08	-13.27
-141.86	-17.82
-145.90	-22.72
-149.29	-25.23
-150.76	-26.38
-152.02	-26.54
-152.36	-25.23
-153.51	-25.37
-155.25	-26.33
-157.87	-27.87
-162.67	-29.83
-167.65	-31.57
-172.12	-31.74
-176.08	-32.21
-178.43	-32.98
-179.46	-33.05
179.54	-33.47
179.07	-34.53
178.74	-35.61
178.39	-36.20
178.03	-37.01
177.24	-38.32
176.47	-39.77
176.65	-41.18
176.99	-42.01
177.67	-42.04
178.45	-41.94
179.10	-41.53
179.26	-40.94
179.79	-41.02
180.05	-40.99
-180.04	-40.92
-179.52	-41.31
-178.58	-42.08
-177.42	-43.53
-175.89	-45.43
-174.42	-46.59
-173.26	-47.75
-171.90	-48.82
-171.30	-50.15
-170.42	-51.73
-168.53	-54.00
-166.14	-55.96
-162.97	-58.79
-160.60	-60.17
-158.73	-60.56
-155.92	-61.92
-153.88	-63.25
-151.76	-63.48
-150.75	-64.42
-148.89	-65.86
-147.72	-65.79
-148.82	-66.20
-148.45	-67.40
-147.61	-68.27
-147.36	-68.30
-147.49	-68.56
-147.18	-69.29
-146.41	-69.19
-145.54	-68.88
-143.88	-69.37
-142.28	-70.55
-140.91	-71.72
-139.20	-72.31
-138.14	-72.10
-139.08	-71.60
-140.71	-70.89
-141.13	-70.29
-141.95	-70.16
-142.22	-70.19
-142.25	-70.06
-142.05	-69.59
-142.15	-69.44
-142.19	-69.66
-141.95	-69.96
-142.06	-69.80
-141.69	-69.69
-140.72	-69.97
-138.52	-70.03
-133.99	-70.08
-125.44	-70.37
-115.99	-69.87
-109.53	-69.47
-105.04	-69.81
-102.05	-70.46
-98.61	-71.32
-94.72	-71.89
-90.93	-72.19
-88.15	-72.31
-85.20	-72.37
-83.31	-72.36
-82.29	-72.59
-82.39	-72.80
-84.81	-72.97
-87.08	-73.01
-87.88	-73.42
-88.49	-73.98
-89.79	-74.59
-91.09	-75.34
-91.76	-75.65
-92.05	-75.86
-91.50	-75.81
-92.05	-76.22
-91.57	-76.51
-91.62	-76.72
-90.93	-76.75
-90.35	-76.71
-89.90	-76.75
-90.22	-76.51
-91.33	-76.48
-91.44	-76.42
-92.29	-76.56
-92.76	-76.64
-92.43	-76.72
-92.73	-76.79
-93.52	-76.79
-94.41	-76.68
-96.21	-76.53
-99.13	-75.54
-105.16	-73.72
-113.26	-70.91
-118.74	-66.85
-121.61	-63.17
-124.41	-58.70
-125.78	-53.55
-127.49	-48.00
-127.68	-42.83
-127.74	-38.74
-128.44	-35.26
-129.05	-30.87
-129.47	-25.87
-130.00	-23.24
-130.07	-20.79
-130.40	-19.60
-130.84	-17.42
-131.09	-15.13
-131.76	-13.13
-132.19	-10.82
-132.92	-9.20
-133.28	-7.41
-133.80	-7.27
-134.49	-8.16
-135.38	-9.39
-136.16	-10.02
-136.72	-10.06
-137.82	-9.13
-138.45	-8.45
-139.42	-8.53
-140.34	-8.59
-141.27	-8.74
-142.28	-8.14
-142.99	-7.81
-143.66	-7.75
-144.73	-6.93
-145.71	-6.47
-146.84	-5.93
-148.13	-5.13
-150.15	-4.31
-152.69	-3.43
-155.43	-2.55
-158.47	-1.43
-161.34	-0.64
-163.98	0.26
-165.34	1.11
-166.22	1.20
-166.38	1.48
-166.56	1.51
-166.13	1.56
-166.11	1.73
-166.09	2.21
-165.88	2.74
-165.70	3.28
-165.79	3.41
-165.61	3.35
-165.40	3.42
-165.38	4.28
-165.11	4.81
-165.13	4.91
-164.97	5.25
-165.10	5.64
-165.12	6.12
-165.36	6.51
-165.48	6.79
-165.77	7.11
-165.96	7.20
-165.99	6.61
-165.92	6.52
-165.44	6.91
-165.19	6.85
-165.24	7.13
-165.40	7.27
-165.60	7.42
-165.88	7.74
-165.84	7.87
-165.72	8.22
-165.63	8.17
-165.74	8.17
-165.92	8.27
-166.08	8.35
-166.51	8.51
-166.87	8.31
-167.21	8.07
-167.59	8.09
-167.73	7.94
-168.27	7.92
-168.86	7.92
-169.51	8.02
-170.30	7.78
-171.14	7.56
-172.11	7.46
-173.10	7.45
-174.11	7.27
-174.75	7.60
-175.38	7.73
-175.88	7.76
-176.19	7.93
-176.17	8.33
-176.11	8.60
-175.77	8.62
-175.32	8.85
-174.99	8.90
-174.82	8.69
-174.78	9.23
-174.73	9.26
-174.61	9.20
-174.41	9.20
-174.20	8.82
-174.03	8.96
-173.81	8.99
-173.51	9.29
-173.59	9.47
-173.56	9.51
-173.32	9.45
-173.11	9.59
-172.86	9.54
-172.80	9.58
-172.75	9.47
-172.71	9.16
-172.62	9.39
-172.46	9.31
-172.35	9.36
-172.30	9.52
-172.24	9.63
-172.27	9.38
-172.37	9.36
-172.32	9.50
-172.23	9.37
-172.17	9.44
-172.10	9.34
-172.07	9.21
-172.06	9.16
-172.00	9.06
-171.94	8.96
-171.92	9.02
-171.83	8.60
-171.78	8.27
-171.77	8.00
-171.70	7.40
-171.55	6.50
-171.15	5.16
-170.83	4.32
-170.72	3.51
-170.55	2.28
-170.50	1.28
-170.41	0.20
-170.27	-0.77
-170.20	-1.23
-170.17	-2.00
-170.19	-3.12
-170.17	-4.01
-170.01	-5.47
-169.80	-6.53
-169.58	-7.34
-169.39	-8.40
-169.11	-9.33
-168.57	-10.70
-168.20	-12.36
-167.48	-14.17
-166.57	-16.69
-166.08	-17.46
-165.30	-18.77
-164.82	-19.14
-164.78	-18.97
-164.35	-19.56
-164.33	-19.67
-164.09	-19.98
-163.77	-20.71
-163.98	-20.48
-163.55	-20.73
-163.58	-20.62
-163.52	-20.72
-163.21	-21.16
-162.68	-21.22
-162.22	-21.25
-161.43	-21.68
-161.17	-21.62
-160.60	-21.57
-160.01	-21.74
-159.69	-22.05
-159.31	-22.23
-158.87	-22.49
-158.88	-22.58
-158.81	-22.63
-158.59	-22.76
-158.71	-22.64
-158.68	-23.09
-158.34	-23.29
-157.91	-23.49
-157.54	-23.56
-157.26	-23.33
-156.87	-23.30
-156.45	-23.64
-156.05	-23.56
-155.68	-23.78
-155.40	-24.34
-155.37	-24.42
-155.32	-24.71
-155.32	-24.78
-155.73	-24.84
-155.92	-25.27
-156.00	-25.18
-155.99	-25.44
-155.85	-25.70
-155.72	-25.83
-155.53	-26.24
-155.49	-26.61
-155.58	-27.00
-155.55	-27.41
-155.75	-27.85
-155.85	-27.83
-155.79	-28.29
-155.66	-28.31
-155.60	-28.59
-155.80	-28.63
-156.16	-28.78
-156.13	-29.37
-156.18	-29.38
-155.76	-29.59
-155.30	-30.26
-155.63	-30.59
-155.58	-31.06
-156.08	-30.95
-156.34	-30.78
-156.55	-30.65
-156.38	-30.29
-156.12	-30.16
-156.19	-30.09
-156.30	-29.95
-156.32	-29.91
-156.49	-30.09
-156.81	-30.12
-156.84	-30.34
-156.82	-30.50
-157.06	-30.30
-157.05	-30.40
-156.91	-30.34
-156.77	-30.15
-156.77	-30.21
-156.69	-30.16
-156.57	-30.19
-156.75	-30.29
-156.84	-30.38
-156.76	-30.50
-156.68	-30.55
-156.59	-30.24
-156.45	-30.24
-156.34	-30.25
-156.35	-30.01
-156.44	-30.01
-156.67	-30.08
-156.76	-30.05
-156.81	-30.19
-157.07	-30.24
-157.12	-30.22
-157.43	-30.14
-157.76	-30.20
-158.23	-30.10
-158.69	-29.86
-159.29	-29.81
-159.85	-29.91
-160.51	-30.01
-161.02	-30.11
-161.67	-30.22
-162.08	-30.37
-162.70	-30.60
-163.26	-30.66
-163.82	-30.93
-164.61	-31.01
-165.19	-30.94
-165.85	-31.03
-166.52	-30.99
-166.70	-30.87
-166.92	-30.83
-167.04	-30.70
-167.20	-30.86
-167.48	-30.76
-167.94	-30.76
-168.61	-30.65
-169.22	-30.27
-170.30	-30.04
-171.59	-29.66
-173.13	-29.51
-174.90	-29.21
-176.58	-28.45
-178.22	-27.47
-179.57	-26.67
179.28	-25.75
178.77	-25.21
178.49	-25.05
178.32	-24.65
178.19	-24.41
177.65	-24.62
177.17	-24.72
176.64	-24.60
176.05	-24.80
175.78	-24.99
175.77	-25.04
175.83	-25.34
175.85	-25.59
175.64	-25.30
175.36	-25.12
175.38	-25.31
175.02	-25.36
174.54	-25.58
174.05	-25.86
173.70	-26.60
173.20	-27.48
173.00	-28.94
172.56	-31.23
171.95	-33.45
171.52	-34.84
170.98	-37.27
170.67	-40.13
170.20	-44.05
169.93	-48.46
169.70	-52.68
169.94	-54.89
170.34	-55.27
171.26	-56.38
172.97	-56.75
175.84	-57.58
179.34	-58.95
-178.54	-60.72
-177.03	-60.97
-173.14	-60.99
-171.80	-61.83
-172.43	-61.32
-171.35	-61.00
-172.89	-62.05
-175.50	-62.03
-176.56	-61.98
-179.05	-62.61
-179.90	-63.22
180.07	-64.36
178.67	-64.25
178.33	-63.29
176.26	-62.36
172.90	-61.51
170.61	-60.08
168.91	-57.83
166.75	-55.56
165.79	-53.26
165.54	-50.35
165.37	-48.12
163.77	-45.24
162.38	-43.05
160.19	-41.36
158.65	-39.42
157.64	-37.96
156.41	-36.54
155.66	-35.33
154.64	-33.70
154.19	-32.58
153.48	-31.67
152.68	-29.61
152.35	-27.86
151.88	-26.53
151.86	-25.63
151.69	-24.15
151.91	-23.40
151.79	-22.54
151.76	-20.77
151.89	-19.32
152.47	-18.60
152.92	-17.73
153.47	-16.94
154.11	-16.09
155.23	-15.76
156.33	-15.10
156.88	-14.50
157.59	-13.78
158.08	-13.13
158.29	-11.88
158.76	-11.08
159.34	-10.53
159.83	-9.41
160.12	-8.64
160.81	-7.20
161.43	-6.15
161.84	-5.45
162.21	-4.62
162.51	-4.40
163.14	-3.06
163.61	-1.59
164.03	0.25
164.40	1.67
164.62	1.90
165.33	3.98
165.94	5.44
166.32	7.13
166.66	8.10
166.66	9.67
166.83	10.98
166.94	11.25
166.90	11.27
166.66	12.89
166.82	14.09
167.23	15.13
167.46	16.81
167.79	18.21
168.30	19.56
168.56	20.49
168.80	22.79
168.97	23.83
169.02	25.15
169.11	26.50
169.28	26.83
169.36	27.47
169.34	27.89
168.98	27.92
168.65	27.99
168.55	28.62
168.69	29.05
168.74	28.90
168.70	28.83
168.53	28.50
168.54	28.19
168.42	27.75
168.37	27.67
168.30	27.34
168.10	27.12
167.92	26.98
168.01	27.27
168.06	27.28
167.89	27.47
167.94	27.88
167.89	27.75
167.92	27.74
168.13	27.77
168.35	27.62
168.58	27.18
169.01	27.30
169.32	26.71
169.28	26.47
169.55	26.28
169.48	26.30
169.52	25.95
169.54	25.91
169.78	25.65
170.37	25.07
170.90	24.53
171.71	23.94
172.43	22.93
173.48	22.18
174.82	21.45
176.76	20.52
179.32	20.09
-179.37	20.31
-176.66	19.96
-173.38	20.93
-171.00	21.78
-169.40	22.66
-168.58	24.33
-167.97	26.06
-167.79	28.04
-167.35	29.41
-166.97	30.68
-166.95	32.14
-166.97	33.30
-167.25	34.47
-167.77	35.52
-168.18	36.46
-168.67	37.79
-169.33	38.46
-169.58	38.71
-169.62	39.70
-169.70	40.08
-169.67	40.87
-169.67	42.43
-169.70	43.36
-169.59	44.58
-169.67	45.43
-169.96	46.30
-170.19	46.71
-170.31	46.90
-170.23	47.07
-170.36	47.65
-170.08	47.44
-169.81	47.88
-170.13	48.00
-170.31	48.62
-170.34	49.00
-170.90	50.01
-170.90	50.77
-171.16	51.42
-171.25	52.07
-171.40	52.63
-171.06	53.31
-170.61	53.59
-170.46	54.42
-170.02	54.70
-169.79	55.55
-170.13	55.79
-169.74	56.47
-169.84	56.84
-169.81	57.30
-169.69	57.60
-170.22	56.97
-169.86	57.61
-170.81	56.47
-170.81	56.20
-171.42	54.35
-171.61	53.25
-171.58	51.92
-172.29	50.26
-171.98	48.82
-172.39	46.33
-172.27	43.64
-172.29	39.78
-172.43	35.59
-173.10	30.66
-173.39	24.66
-173.41	17.94
-174.28	8.98
-175.02	0.28
-176.14	-7.72
-176.68	-10.69
-176.70	-13.94
-177.70	-15.78
-177.86	-15.89
-178.42	-17.47
-178.38	-18.37
-177.90	-20.36
-177.38	-20.90
-177.13	-20.61
-176.88	-20.68
-177.00	-20.04
-176.47	-19.84
-174.83	-19.25
-171.15	-18.22
-162.83	-16.39
-154.40	-14.28
-145.02	-11.79
-136.55	-9.91
-127.74	-7.40
-119.55	-5.34
-113.53	-3.56
-108.25	-2.16
-105.22	-2.26
-103.47	-2.53
-102.33	-3.14
-100.01	-2.38
-97.56	-1.60
-94.04	-1.24
-91.58	-0.75
-89.02	-0.30
-86.50	0.69
-85.09	0.81
-83.76	1.13
-83.19	1.13
-82.52	1.52
-82.12	2.07
-82.08	2.00
-82.29	2.09
-82.78	2.22
-83.14	3.00
-84.45	3.03
-85.43	3.64
-85.87	3.93
-86.07	3.76
-86.49	3.74
-87.26	3.85
-87.75	3.34
-88.01	4.24
-88.59	5.01
-88.33	6.04
-88.38	6.42
-87.27	6.93
-86.37	6.86
-84.46	5.69
-82.07	4.87
-78.90	3.14
-75.55	1.66
-73.75	-0.56
-72.50	-1.84
-72.11	-2.90
-71.11	-3.09
-71.06	-4.48
-71.29	-5.77
-70.86	-6.16
-71.32	-7.73
-71.58	-8.33
-72.05	-8.86
-72.38	-8.54
-73.42	-9.10
-75.28	-9.35
-77.35	-9.20
-78.98	-9.16
-83.27	-8.53
-86.26	-7.75
-90.84	-6.66
-98.14	-5.68
-103.53	-4.76
-108.92	-4.11
-115.76	-3.80
-121.69	-3.19
-127.28	-3.29
-131.24	-2.88
-135.33	-2.65
-140.52	-2.78
-144.27	-2.43
-147.82	-2.78
-152.78	-3.15
-156.15	-2.77
-159.18	-3.44
-163.73	-3.83
-168.01	-3.96
-171.48	-4.34
