90.05	0.00
27.26	-18.29
27.26	-18.27
27.14	-18.27
27.17	-18.33
27.09	-18.26
27.09	-18.27
27.01	-18.10
27.14	-18.33
27.13	-18.37
27.14	-18.39
27.07	-18.35
26.89	-18.22
26.78	-18.10
26.51	-17.96
26.17	-17.91
25.66	-17.87
23.78	-17.34
21.95	-16.98
20.39	-16.72
18.83	-16.33
17.47	-15.81
16.40	-15.47
15.42	-15.44
14.87	-15.25
14.45	-15.13
14.09	-14.96
13.92	-14.94
13.94	-15.01
13.66	-14.86
13.63	-14.89
13.62	-15.03
13.54	-15.04
13.51	-15.27
13.37	-15.14
13.33	-15.13
13.33	-15.22
13.31	-15.14
13.36	-15.16
13.44	-15.26
13.59	-15.17
13.70	-15.22
13.69	-15.19
13.81	-15.35
13.77	-15.32
13.86	-15.16
13.89	-15.14
13.91	-15.07
13.96	-15.02
14.05	-15.14
13.99	-15.11
14.00	-15.23
13.97	-15.11
13.95	-15.05
14.13	-15.09
14.19	-15.14
14.20	-15.21
14.27	-15.21
14.13	-15.16
14.22	-15.14
14.23	-15.15
14.17	-15.12
14.15	-15.16
14.14	-15.06
14.18	-15.23
14.15	-15.36
14.22	-15.25
14.27	-15.28
14.23	-15.25
14.17	-15.25
14.08	-15.10
14.20	-15.20
14.25	-15.25
14.32	-15.26
14.36	-15.32
14.37	-15.48
14.27	-15.40
14.35	-15.31
14.30	-15.35
14.25	-15.34
14.19	-15.31
14.22	-15.27
14.25	-15.23
14.33	-15.30
14.14	-15.29
14.15	-15.39
14.09	-15.42
14.06	-15.41
14.15	-15.25
14.24	-15.18
14.33	-15.18
14.35	-15.31
14.30	-15.24
14.20	-15.34
14.07	-15.34
14.22	-15.34
14.18	-15.31
14.12	-15.28
14.11	-15.25
14.08	-15.20
14.01	-15.32
14.07	-15.34
14.09	-15.65
14.26	-16.00
14.21	-15.87
13.95	-15.78
13.83	-15.72
13.77	-15.64
13.82	-15.56
13.92	-15.66
13.89	-15.74
13.86	-15.68
13.81	-15.78
13.77	-15.84
13.80	-15.82
14.04	-15.86
14.02	-15.86
13.95	-15.70
13.81	-15.88
13.70	-15.90
13.57	-15.74
13.54	-15.80
13.54	-15.64
13.25	-15.45
13.09	-14.57
12.54	-13.85
12.15	-12.03
11.04	-7.95
9.37	-5.31
8.37	-3.09
7.32	-1.99
6.81	-1.53
6.50	-0.05
6.38	-0.16
6.36	-0.39
6.41	-0.82
6.52	-0.98
6.51	-1.18
6.53	-0.53
6.39	-0.10
6.36	-0.17
6.24	-0.21
6.20	-0.44
6.19	-0.61
6.13	-0.75
6.19	-0.89
6.11	-0.95
6.08	-1.28
5.87	-1.40
5.39	-1.59
4.55	-1.87
2.19	-2.35
-0.21	-2.43
-3.54	-2.67
-7.68	-3.14
-11.12	-3.24
-14.18	-3.45
-15.91	-3.60
-16.88	-3.60
-17.12	-3.65
-16.79	-3.65
-16.23	-3.81
-15.57	-3.90
-15.51	-4.06
-15.48	-4.00
-15.71	-3.97
-15.67	-4.04
-15.53	-3.96
-15.47	-3.92
-15.13	-3.92
-14.79	-3.92
-14.20	-3.93
-13.17	-3.94
-12.00	-3.87
-9.94	-4.09
-6.98	-4.57
-4.15	-4.83
-1.35	-5.18
0.25	-5.25
1.96	-5.51
2.41	-5.22
2.36	-5.32
2.47	-5.16
2.32	-5.26
2.59	-5.25
2.86	-5.09
3.27	-4.92
3.47	-4.91
3.62	-4.99
3.65	-5.00
3.58	-5.09
3.55	-5.10
3.50	-5.08
3.40	-4.80
3.34	-4.64
3.44	-4.67
3.40	-4.82
3.22	-4.89
3.05	-4.92
3.06	-4.91
3.25	-4.74
3.36	-4.80
3.51	-4.84
3.64	-4.77
3.66	-4.85
3.74	-5.04
3.81	-4.83
3.97	-4.87
4.07	-4.73
4.22	-4.62
4.66	-4.87
5.38	-4.91
6.89	-5.22
8.58	-5.74
10.43	-5.58
11.67	-5.44
13.01	-5.60
14.05	-5.62
14.51	-5.62
15.29	-5.68
15.45	-5.63
15.77	-5.70
16.32	-5.93
17.10	-6.05
18.41	-6.12
20.56	-6.42
22.31	-6.36
24.05	-6.47
25.57	-6.53
26.57	-6.65
27.60	-6.91
28.26	-6.91
29.03	-6.83
29.62	-6.88
29.62	-6.97
29.81	-7.03
29.85	-7.13
30.13	-7.27
30.55	-7.24
31.95	-7.36
33.05	-7.50
34.27	-7.60
35.66	-7.99
37.55	-8.26
39.59	-8.60
41.22	-8.73
42.55	-8.91
43.58	-8.88
44.13	-9.01
44.51	-9.00
45.42	-9.04
45.84	-9.23
46.61	-9.09
46.91	-8.60
47.02	-8.16
46.94	-8.03
46.47	-8.03
46.04	-8.05
45.64	-7.92
45.62	-7.86
45.52	-8.03
45.67	-7.89
45.95	-7.86
46.22	-7.88
46.35	-7.78
46.66	-7.94
47.15	-8.35
47.49	-8.23
48.28	-8.27
49.01	-8.43
50.40	-8.74
51.64	-9.08
53.32	-9.40
54.92	-9.66
56.05	-9.65
57.08	-9.48
57.84	-9.53
58.27	-9.53
58.68	-9.58
58.87	-9.67
59.18	-9.65
59.76	-9.60
60.24	-9.75
61.03	-9.88
61.25	-10.11
61.90	-9.91
62.40	-10.04
62.86	-10.16
63.67	-10.07
64.26	-10.32
65.09	-10.52
65.95	-10.68
67.01	-10.86
67.96	-10.94
68.60	-10.85
69.41	-10.92
69.82	-10.93
69.98	-10.93
70.16	-10.69
70.07	-10.75
70.34	-10.68
71.06	-10.79
71.82	-10.96
72.77	-11.14
73.49	-11.17
73.92	-11.24
73.94	-11.13
74.37	-11.17
74.62	-11.28
75.01	-11.18
75.68	-11.31
76.30	-11.61
76.82	-11.62
77.51	-11.68
78.15	-11.72
78.58	-11.80
78.96	-11.78
79.34	-11.82
79.84	-12.12
80.73	-12.44
82.03	-12.78
83.43	-13.17
84.47	-13.15
85.13	-13.01
85.09	-12.65
84.84	-12.47
84.42	-12.47
84.24	-12.55
84.18	-12.61
84.56	-12.75
84.81	-12.84
85.06	-12.92
85.13	-12.85
84.96	-12.77
84.71	-12.71
84.49	-12.64
84.13	-12.51
83.53	-12.48
82.58	-12.32
80.60	-12.03
77.38	-11.50
73.75	-10.83
70.33	-10.54
65.95	-10.37
62.40	-10.27
58.66	-10.45
55.31	-10.79
52.69	-10.68
50.01	-10.44
47.85	-10.09
45.68	-9.74
43.78	-9.18
42.26	-8.73
40.55	-8.17
39.11	-7.88
37.59	-7.73
36.07	-7.64
34.80	-7.63
33.30	-7.86
32.08	-7.60
31.01	-7.52
30.23	-7.63
29.81	-7.59
29.42	-7.62
29.22	-7.45
29.01	-7.40
28.64	-7.43
28.25	-7.37
27.85	-7.20
27.64	-7.06
27.51	-6.86
27.69	-6.87
27.81	-6.81
27.84	-6.80
28.13	-6.92
28.41	-7.14
28.64	-7.11
28.89	-7.14
29.02	-7.04
29.16	-6.94
29.32	-6.80
29.58	-6.80
29.67	-6.67
29.91	-6.88
30.10	-6.74
30.20	-6.78
30.16	-7.07
30.31	-7.65
30.35	-8.59
30.49	-9.19
30.55	-9.33
30.49	-9.26
30.53	-9.02
30.58	-8.98
30.63	-8.69
30.61	-8.55
30.65	-8.50
30.74	-8.57
30.66	-8.47
30.70	-8.58
30.73	-8.74
30.70	-8.57
30.81	-8.71
30.88	-8.73
30.83	-8.76
30.85	-8.59
30.89	-8.50
30.92	-8.53
30.82	-8.70
30.88	-8.70
30.84	-8.74
30.93	-8.80
30.79	-8.61
30.84	-8.51
30.83	-8.50
30.83	-8.61
30.88	-8.73
30.85	-8.68
30.63	-8.64
30.60	-8.48
30.39	-8.41
30.39	-8.44
30.52	-8.45
30.55	-8.34
30.55	-8.35
30.30	-8.45
30.09	-8.36
28.16	-8.05
23.84	-8.08
20.17	-8.57
17.17	-8.92
14.69	-8.97
12.98	-8.81
11.89	-8.70
10.92	-8.42
10.34	-8.36
9.98	-8.22
9.76	-8.20
9.60	-8.16
9.87	-8.24
10.05	-8.38
10.17	-8.42
10.39	-8.57
10.40	-8.70
10.34	-8.52
10.28	-8.47
10.18	-8.50
10.05	-8.39
9.95	-8.29
9.85	-8.27
10.00	-8.35
9.95	-8.19
10.09	-8.29
10.09	-8.30
10.25	-8.46
10.29	-8.41
10.30	-8.36
10.48	-8.31
10.42	-8.29
10.52	-8.28
10.71	-8.30
11.03	-8.27
11.84	-8.16
12.82	-8.03
14.14	-8.00
15.90	-8.21
17.38	-8.41
18.74	-8.42
19.41	-8.48
19.84	-8.49
19.41	-8.64
18.67	-8.95
17.89	-8.99
17.14	-8.95
16.46	-8.84
15.83	-9.03
15.15	-9.03
14.75	-9.14
14.20	-9.22
13.67	-9.47
13.17	-9.58
12.60	-9.64
12.23	-9.81
11.76	-9.80
11.17	-9.75
10.80	-9.82
10.51	-9.71
10.33	-9.65
10.27	-9.67
10.31	-9.62
10.49	-9.68
10.72	-9.60
10.72	-9.50
10.58	-9.55
10.36	-9.44
10.04	-9.58
9.36	-9.62
8.12	-9.69
7.03	-9.87
5.45	-10.01
4.23	-10.11
2.81	-10.04
1.47	-10.04
-0.49	-10.15
-2.33	-10.39
-4.36	-10.96
-6.04	-11.32
-7.73	-11.67
-9.42	-11.90
-10.66	-12.04
-11.95	-12.15
-12.97	-12.44
-13.89	-12.45
-14.78	-12.52
-15.96	-12.60
-17.51	-12.76
-18.75	-12.93
-20.35	-13.02
-21.88	-13.25
-23.23	-13.19
-24.47	-13.14
-25.60	-13.08
-26.38	-13.13
-27.19	-13.24
-27.88	-13.30
-28.23	-13.12
-28.80	-13.00
-29.58	-13.10
-30.43	-13.26
-31.24	-13.57
-32.13	-13.35
-33.22	-13.01
-34.15	-12.56
-35.60	-12.57
-36.71	-12.59
-37.84	-12.62
-39.05	-12.54
-40.21	-12.21
-41.34	-11.82
-42.33	-11.87
-43.12	-11.85
-43.56	-11.84
-43.91	-11.83
-44.13	-11.88
-44.14	-11.90
-44.22	-12.06
-44.47	-12.04
-44.73	-11.85
-44.86	-11.64
-45.22	-11.41
-45.45	-11.06
-45.92	-10.81
-46.40	-10.88
-46.98	-11.19
-47.33	-11.41
-47.61	-11.48
-48.08	-11.56
-48.51	-11.41
-49.11	-11.40
-49.75	-11.22
-50.19	-11.35
-50.66	-11.18
-51.15	-10.85
-51.45	-10.50
-51.59	-10.27
-51.75	-9.81
-51.86	-9.48
-51.99	-10.06
-51.98	-10.16
-52.12	-10.21
-52.29	-10.55
-52.65	-10.64
-53.13	-10.76
-53.65	-10.72
-53.96	-10.47
-54.11	-10.42
-54.02	-10.48
-53.79	-10.78
-53.98	-10.98
-54.31	-11.11
-55.51	-11.24
-56.62	-11.38
-57.63	-11.59
-58.36	-11.71
-59.07	-11.65
-59.83	-11.48
-60.30	-11.50
-60.84	-11.42
-61.51	-11.23
-62.13	-11.36
-62.67	-11.54
-63.37	-11.66
-63.81	-11.65
-64.17	-11.65
-64.65	-11.63
-65.26	-11.40
-65.63	-11.39
-65.95	-11.43
-66.20	-11.35
-66.54	-11.27
-66.70	-11.24
-67.16	-11.13
-67.65	-11.29
-67.97	-11.45
-68.29	-11.32
-68.58	-11.41
-68.72	-11.29
-68.78	-11.30
-68.92	-11.24
-69.00	-11.17
-69.01	-11.09
-68.94	-11.14
-68.76	-11.24
-68.17	-11.30
-67.71	-11.37
-67.33	-11.20
-66.92	-11.00
-66.69	-10.87
-66.38	-10.66
-66.06	-10.67
-65.49	-10.66
-64.57	-10.62
-63.84	-10.70
-62.98	-10.72
-62.26	-10.43
-61.55	-10.22
-60.35	-9.96
-59.54	-9.80
-58.66	-9.62
-57.39	-9.53
-56.49	-9.34
-55.37	-9.43
-54.35	-9.31
-53.59	-9.55
-52.97	-9.59
-52.33	-9.50
-51.96	-9.43
-51.64	-9.33
-51.37	-9.17
-50.64	-9.10
-49.71	-8.95
-48.79	-8.76
-47.63	-8.62
-45.96	-8.49
-44.46	-8.44
-42.97	-8.40
-41.48	-8.55
-40.33	-8.52
-39.51	-8.40
-38.72	-8.32
-38.10	-8.19
-37.58	-7.94
-37.04	-7.53
-36.20	-7.28
-35.43	-6.96
-34.76	-6.54
-34.09	-6.31
-33.79	-6.13
-32.83	-5.67
-32.29	-5.52
-31.51	-5.26
-30.69	-4.89
-29.87	-4.31
-28.95	-3.86
-27.91	-3.62
-26.74	-3.45
-25.48	-3.06
-23.97	-2.78
-22.73	-2.86
-21.65	-2.87
-20.72	-2.92
-19.89	-2.55
-19.20	-2.31
-18.56	-2.22
-17.69	-2.20
-16.95	-1.94
-16.01	-1.90
-15.30	-1.65
-14.53	-1.56
-13.70	-1.45
-13.26	-1.49
-12.88	-1.36
-12.33	-1.46
-11.64	-1.69
-10.82	-2.15
-9.96	-2.56
-9.17	-2.56
-8.31	-2.70
-7.72	-2.66
-7.47	-2.43
-6.89	-2.48
-6.28	-2.52
-5.86	-2.70
-5.23	-2.75
-4.52	-2.65
-3.82	-2.88
-3.23	-2.89
-2.42	-3.01
-1.35	-3.41
-0.58	-3.53
-0.12	-3.63
0.19	-3.82
0.73	-3.80
1.53	-4.10
2.28	-4.20
2.84	-4.10
3.60	-4.21
4.02	-4.21
4.36	-4.21
4.81	-4.19
5.27	-4.18
5.74	-4.29
6.15	-4.38
6.62	-4.51
6.98	-4.63
7.49	-4.62
7.81	-4.74
8.39	-4.91
9.08	-5.24
9.60	-5.39
10.17	-5.49
10.42	-5.77
10.58	-5.86
10.94	-6.16
11.24	-6.35
11.58	-6.27
12.17	-6.45
12.57	-6.71
13.05	-6.74
13.67	-6.84
14.16	-6.95
14.53	-7.08
15.11	-7.17
15.47	-7.21
15.71	-7.26
16.17	-7.37
16.48	-7.37
16.77	-7.61
17.12	-7.55
17.36	-7.58
17.67	-7.66
17.97	-7.54
18.23	-7.73
18.49	-7.87
19.03	-7.88
19.28	-7.80
19.65	-7.87
19.71	-7.94
20.00	-7.94
20.24	-7.95
20.56	-7.89
20.94	-8.06
21.09	-8.17
21.26	-8.13
21.46	-8.23
21.71	-8.22
21.90	-8.28
22.48	-8.28
22.95	-8.46
23.22	-8.38
23.48	-8.35
23.76	-8.48
24.08	-8.51
24.41	-8.79
24.70	-8.72
24.92	-8.94
24.96	-8.79
25.12	-8.59
25.04	-8.58
25.26	-8.65
25.44	-8.62
25.69	-8.73
26.17	-8.87
26.45	-8.74
26.76	-8.79
26.78	-8.78
26.80	-8.60
26.57	-8.59
26.34	-8.56
26.31	-8.63
26.35	-8.66
26.45	-8.83
26.77	-8.86
27.32	-9.00
27.87	-9.13
28.65	-9.15
29.79	-9.26
30.83	-9.18
32.13	-9.12
33.18	-9.09
34.38	-8.97
35.90	-8.93
37.11	-8.89
38.13	-8.68
38.95	-8.68
39.69	-8.60
40.40	-8.68
40.99	-8.82
41.67	-8.85
42.20	-8.92
42.73	-8.77
43.54	-8.81
44.16	-8.78
44.81	-8.71
45.37	-8.44
46.00	-8.26
46.53	-8.08
47.04	-7.96
47.67	-7.61
48.29	-7.41
49.11	-7.43
50.16	-7.28
51.25	-7.41
52.36	-7.58
53.55	-7.69
54.78	-7.75
55.57	-7.65
56.28	-7.60
56.78	-7.72
57.07	-7.60
57.61	-7.71
58.07	-7.87
58.56	-8.04
58.94	-8.10
59.53	-7.83
60.01	-7.86
60.48	-7.81
60.98	-7.91
61.51	-8.08
62.05	-8.12
62.40	-8.00
62.61	-8.03
62.97	-7.92
63.42	-7.98
63.72	-8.19
64.15	-8.22
64.55	-8.28
64.73	-8.38
64.88	-8.29
64.95	-8.32
64.82	-8.47
64.70	-8.59
64.40	-8.56
64.21	-8.81
63.99	-8.87
63.89	-8.92
63.78	-8.92
63.63	-8.81
63.42	-8.81
63.25	-8.87
63.07	-9.07
62.75	-9.03
62.65	-9.01
62.48	-9.08
62.12	-9.05
61.76	-9.09
60.94	-9.07
59.45	-9.26
56.79	-9.28
54.16	-9.21
51.56	-9.19
48.37	-9.07
45.81	-8.93
43.50	-8.62
41.53	-8.18
39.51	-7.72
38.12	-7.32
36.81	-6.68
35.55	-6.06
34.12	-5.45
32.46	-4.10
30.31	-3.00
28.88	-2.51
27.70	-1.89
26.63	-0.94
25.96	-0.36
25.34	0.39
24.83	1.84
24.41	3.37
23.90	3.97
23.29	4.97
22.67	5.88
22.13	6.54
21.62	7.23
21.25	7.52
20.91	7.93
20.56	7.99
20.24	8.03
19.91	7.75
19.58	7.68
19.09	7.41
18.75	7.27
18.36	7.22
17.71	7.19
16.98	7.24
15.82	6.60
14.85	5.88
13.80	5.81
12.48	5.43
11.65	5.66
10.71	5.58
9.52	5.52
8.62	5.38
7.38	4.96
6.37	4.92
5.33	4.72
4.38	4.66
3.62	4.78
2.91	4.68
2.24	4.51
1.72	4.46
1.36	4.50
1.01	4.64
0.51	4.73
0.02	4.74
-0.49	4.65
-1.13	4.60
-1.74	4.34
-2.10	4.13
-2.50	3.98
-3.19	4.06
-3.85	4.11
-4.60	4.08
-5.78	4.26
-7.09	4.07
-8.93	4.37
-10.62	4.38
-12.27	4.91
-13.72	5.33
-14.81	5.45
-15.70	5.82
-16.41	6.18
-16.86	6.41
-17.11	6.73
-17.03	6.85
-16.86	6.97
-16.82	6.97
-16.50	7.04
-16.26	6.99
-15.95	6.96
-15.86	7.06
-15.56	6.87
-15.52	6.94
-15.60	7.27
-15.36	7.95
-15.44	9.19
-15.14	11.47
-14.73	13.72
-14.35	15.28
-13.98	17.07
-13.77	17.94
-13.62	18.90
-13.16	19.87
-12.94	19.59
-12.63	19.78
-12.46	20.07
-12.27	20.05
-11.86	19.91
-11.53	19.80
-11.54	20.12
-11.20	20.21
-10.62	20.38
-10.01	20.43
-9.44	20.18
-8.38	19.91
-7.37	19.68
-6.51	18.67
-5.02	16.87
-3.86	16.72
-2.33	16.17
-1.51	16.55
-1.03	16.25
-0.49	15.46
0.30	13.26
1.27	11.22
2.36	10.16
3.29	9.03
3.32	10.71
3.08	10.66
3.10	9.47
3.17	8.90
3.39	8.69
3.87	8.67
4.33	8.65
4.83	8.39
5.25	8.76
5.38	8.61
5.40	8.73
5.51	8.95
5.87	9.03
5.90	9.20
6.10	9.89
6.65	11.59
6.94	13.51
7.23	15.20
7.55	16.59
7.78	16.86
7.98	17.55
8.24	17.71
8.02	17.78
7.89	18.18
7.93	18.93
7.70	19.63
7.45	20.64
7.57	20.77
7.62	21.11
7.69	21.03
7.87	21.09
7.74	21.61
7.74	21.75
7.72	22.29
7.67	22.35
7.61	22.32
7.64	22.19
7.76	21.55
8.31	20.25
9.19	16.98
10.46	11.52
11.90	8.48
13.27	7.94
15.15	9.83
16.90	9.26
18.41	7.79
19.50	6.43
20.67	6.24
21.50	5.83
22.41	5.56
23.36	5.50
24.83	5.09
26.45	4.42
28.39	3.90
30.23	3.65
32.46	3.68
34.68	3.87
36.80	3.87
38.65	3.83
40.21	3.69
41.21	4.16
42.09	4.38
42.23	4.09
42.22	3.99
41.72	3.97
41.39	3.85
41.13	3.91
41.37	3.95
41.14	3.82
41.32	3.87
41.09	3.84
40.85	3.85
40.57	3.85
40.38	3.62
40.03	3.65
40.08	3.78
39.94	3.69
40.16	3.77
40.43	3.52
41.03	3.27
41.77	2.95
43.36	2.53
45.51	2.00
47.52	1.29
49.30	0.81
50.78	0.60
51.84	0.21
52.49	0.00
53.00	-0.20
53.18	-0.49
53.67	-0.68
54.14	-0.83
54.49	-1.18
54.63	-1.50
54.39	-1.71
54.47	-1.75
54.75	-1.79
54.86	-1.89
55.50	-2.06
55.95	-2.24
56.41	-2.69
57.25	-2.76
58.18	-2.99
59.19	-3.43
60.04	-3.74
60.71	-3.93
61.35	-4.08
61.81	-4.23
62.09	-4.14
62.08	-4.16
61.86	-4.10
61.76	-4.07
61.70	-4.03
61.72	-4.02
61.80	-4.09
61.70	-4.18
61.64	-4.12
61.53	-4.01
61.41	-4.12
61.24	-4.17
60.95	-4.16
60.71	-4.07
60.64	-4.27
60.43	-4.25
60.46	-4.10
60.11	-4.34
59.65	-4.38
59.38	-4.32
58.99	-4.32
58.88	-4.12
58.76	-4.07
58.72	-3.98
58.43	-3.93
58.08	-3.85
57.14	-3.69
55.24	-3.45
52.44	-3.32
47.23	-3.65
43.38	-3.88
39.26	-4.12
35.37	-4.38
33.27	-4.28
31.21	-4.59
29.84	-4.09
28.52	-4.11
27.17	-4.33
26.48	-4.52
25.45	-5.03
24.70	-4.74
24.09	-4.70
23.22	-5.05
22.41	-5.38
21.39	-5.92
19.88	-6.88
18.05	-8.27
15.96	-9.46
14.31	-9.78
12.57	-10.38
11.43	-11.42
10.43	-12.15
9.90	-12.70
9.45	-12.78
9.30	-13.05
9.19	-13.39
9.21	-13.81
8.99	-14.33
8.50	-14.85
8.03	-15.42
7.41	-16.02
6.96	-16.48
6.24	-16.77
5.49	-17.10
4.72	-17.04
4.00	-17.04
3.27	-17.47
2.57	-18.60
2.27	-20.56
2.31	-23.43
2.60	-25.62
2.79	-26.40
3.22	-26.97
3.26	-27.96
3.56	-28.79
3.82	-29.19
3.76	-29.54
3.56	-30.10
3.51	-30.77
3.44	-31.85
3.44	-33.08
3.42	-34.01
3.54	-35.38
3.70	-36.26
3.85	-37.73
3.99	-39.07
4.46	-39.82
4.69	-40.82
4.99	-41.04
5.21	-41.10
5.31	-41.32
5.40	-41.19
5.50	-41.41
5.63	-41.71
5.76	-41.73
5.75	-41.84
5.82	-41.76
5.91	-41.69
5.78	-41.28
5.55	-40.89
5.10	-40.72
4.54	-40.53
3.96	-40.25
2.94	-39.93
1.29	-39.26
-1.55	-38.61
-5.14	-37.86
-8.81	-37.26
-11.96	-36.77
-14.66	-36.18
-16.18	-35.54
-17.31	-34.99
-18.17	-34.56
-18.78	-34.14
-19.32	-33.90
-19.92	-33.65
-21.35	-33.06
-23.28	-32.50
-25.03	-32.13
-26.67	-31.72
-27.88	-31.34
-29.28	-30.96
-30.50	-30.56
-31.88	-30.26
-33.28	-29.94
-34.50	-29.65
-35.64	-29.29
-36.35	-29.08
-36.89	-28.92
-37.05	-28.91
-37.28	-28.88
-37.52	-28.88
-38.09	-28.52
-38.72	-28.46
-39.47	-28.13
-40.53	-27.94
-41.36	-27.60
-42.19	-26.95
-43.05	-26.15
-43.81	-25.32
-44.66	-24.17
-45.42	-23.37
-46.05	-22.85
-46.83	-22.43
-47.44	-22.19
-48.12	-21.71
-48.65	-21.14
-49.24	-20.52
-49.78	-19.97
-50.18	-19.36
-50.64	-19.07
-50.92	-18.74
-51.04	-18.79
-51.21	-18.88
-51.28	-18.83
-51.21	-18.78
-51.06	-18.67
-51.05	-18.46
-51.05	-18.11
-50.76	-18.16
-50.54	-18.24
-50.48	-18.35
-50.18	-18.57
-50.11	-18.44
-49.89	-18.41
-49.72	-18.59
-49.45	-19.05
-49.23	-19.37
-49.06	-19.22
-48.86	-19.14
-48.67	-18.98
-48.41	-18.92
-47.93	-18.86
-47.48	-18.82
-47.09	-18.76
-46.86	-18.62
-46.54	-18.33
-46.14	-17.95
-45.75	-17.44
-45.26	-17.00
-44.60	-16.48
-43.95	-16.00
-43.57	-15.82
-42.72	-15.40
-41.97	-15.05
-41.14	-14.44
-39.77	-13.87
-37.46	-13.13
-34.40	-12.57
-30.55	-12.11
-26.38	-11.56
-22.41	-11.49
-19.14	-11.27
-16.77	-10.93
-14.93	-10.51
-14.22	-10.17
-14.02	-9.88
-14.24	-9.49
-14.23	-9.31
-13.90	-9.14
-13.00	-8.89
-12.05	-8.38
-10.87	-7.69
-9.37	-6.92
-8.13	-6.32
-6.91	-6.07
-5.69	-5.92
-4.38	-5.77
-2.44	-5.73
-1.11	-5.69
0.14	-5.37
0.80	-5.18
1.35	-5.29
1.71	-5.56
1.78	-5.39
2.15	-5.40
3.02	-5.62
4.08	-5.92
5.34	-6.18
6.89	-6.42
8.04	-6.49
9.02	-6.70
9.86	-6.70
10.24	-6.93
10.63	-6.76
10.69	-6.58
10.73	-6.73
10.78	-6.69
10.68	-6.87
10.66	-7.04
10.62	-7.04
10.96	-6.93
11.21	-6.65
11.50	-6.54
12.03	-6.56
13.02	-7.02
14.24	-7.24
15.33	-7.41
16.01	-7.39
16.66	-7.28
17.36	-7.50
18.46	-7.92
19.88	-8.44
21.65	-8.64
22.95	-8.63
24.09	-8.65
24.76	-8.77
25.04	-8.85
25.28	-8.96
26.42	-9.03
28.41	-9.42
30.77	-9.79
32.52	-10.05
33.42	-10.11
33.82	-10.13
34.28	-10.54
34.06	-10.58
33.59	-10.37
32.85	-10.13
32.34	-10.15
31.84	-10.10
31.63	-9.94
31.63	-9.77
31.32	-9.82
31.13	-9.56
31.14	-9.37
31.13	-9.46
30.90	-9.65
30.66	-9.72
29.86	-9.67
28.47	-9.40
27.15	-8.87
26.17	-8.61
24.89	-8.23
24.07	-7.84
23.19	-7.52
22.67	-7.29
22.31	-7.19
22.20	-7.43
22.25	-7.35
22.31	-7.31
22.20	-7.20
22.11	-6.98
21.84	-7.05
21.83	-7.25
21.79	-7.49
21.84	-7.72
21.94	-7.73
22.08	-7.71
22.18	-7.54
22.39	-7.68
22.51	-7.65
22.61	-7.66
22.61	-7.51
22.75	-7.59
22.71	-7.62
22.72	-7.66
22.70	-7.73
22.57	-7.78
22.32	-7.82
22.10	-7.89
21.89	-7.93
21.52	-7.93
21.30	-7.77
21.26	-7.86
21.08	-7.97
21.14	-7.95
21.21	-7.91
21.16	-8.05
21.04	-8.33
20.82	-8.79
20.61	-9.56
20.35	-11.66
20.17	-14.50
19.94	-17.05
19.77	-18.53
19.68	-19.89
19.67	-20.60
19.61	-21.35
19.56	-21.79
19.54	-22.34
19.68	-23.57
19.74	-25.90
19.91	-28.29
19.95	-29.91
19.96	-31.32
20.05	-32.61
20.00	-32.55
20.04	-33.13
19.98	-33.84
20.07	-35.11
19.93	-36.58
20.05	-37.81
20.18	-39.79
20.38	-42.27
20.44	-45.62
20.48	-47.76
20.70	-48.90
20.63	-50.59
20.67	-49.80
20.62	-49.49
20.49	-51.00
20.26	-52.79
20.14	-54.05
20.08	-55.18
20.06	-55.79
19.99	-55.70
19.94	-55.38
20.08	-54.96
20.36	-54.61
20.67	-54.49
20.81	-54.46
20.67	-54.53
20.73	-54.54
20.69	-54.49
20.88	-54.44
20.72	-54.04
20.92	-53.75
20.75	-53.72
20.78	-53.59
20.95	-53.48
20.76	-53.27
20.83	-53.27
20.66	-53.21
20.87	-53.17
20.86	-52.72
20.93	-51.94
21.32	-50.25
21.56	-47.97
21.71	-45.11
21.69	-43.04
21.56	-40.17
21.34	-37.34
21.20	-34.34
20.89	-31.46
20.62	-28.97
20.43	-26.90
20.03	-24.19
19.69	-22.28
19.23	-19.97
18.99	-18.08
18.73	-16.23
18.45	-14.70
18.19	-13.70
18.22	-12.25
18.18	-11.30
18.12	-10.86
18.22	-10.73
18.27	-10.66
18.45	-10.90
18.96	-11.50
20.92	-12.27
25.77	-13.18
30.47	-13.22
34.51	-12.99
37.21	-12.85
38.47	-12.57
39.00	-12.42
38.77	-12.13
38.04	-11.85
37.05	-11.89
36.27	-12.21
36.02	-12.17
35.93	-12.01
36.23	-11.95
36.65	-11.85
36.95	-11.65
37.27	-11.62
37.32	-11.38
37.52	-11.45
37.68	-11.69
37.96	-11.99
38.04	-12.00
37.98	-11.77
37.86	-11.73
37.70	-11.60
37.63	-11.52
37.48	-11.46
37.41	-11.28
37.37	-11.10
37.32	-11.08
37.22	-11.04
37.21	-11.22
37.20	-11.40
37.26	-11.43
37.33	-11.48
37.26	-11.56
37.16	-11.46
37.00	-11.55
37.02	-11.58
36.93	-11.36
36.90	-11.42
36.92	-11.47
36.99	-11.46
37.00	-11.42
37.02	-11.50
36.73	-11.42
36.50	-11.44
36.43	-11.45
36.57	-11.32
36.61	-11.27
36.65	-11.18
36.44	-11.04
36.43	-11.04
36.42	-11.01
36.33	-10.91
36.13	-10.60
35.96	-10.54
35.90	-10.42
35.84	-10.32
35.68	-10.38
35.57	-10.27
35.40	-10.29
35.12	-10.17
34.73	-10.14
34.10	-9.86
33.60	-9.77
32.71	-9.43
31.62	-9.15
30.11	-8.87
28.21	-8.73
26.07	-8.55
23.49	-8.12
21.55	-7.97
19.45	-7.63
17.86	-7.32
16.41	-6.96
15.10	-6.59
13.88	-6.23
12.24	-5.70
10.53	-5.09
9.06	-4.73
7.50	-4.07
5.62	-3.35
4.15	-2.70
3.07	-1.73
1.96	-0.74
1.03	0.33
0.39	1.14
-0.08	2.03
-0.67	3.36
-1.05	4.01
-1.49	4.70
-1.94	5.55
-2.26	6.33
-2.36	7.59
-2.59	8.87
-2.62	9.84
-2.79	11.91
-2.96	13.28
-3.22	13.89
-3.53	14.84
-3.62	15.89
-3.94	17.01
-4.11	18.49
-4.35	19.54
-4.63	20.48
-4.84	21.42
-4.85	22.09
-4.94	22.57
-5.18	22.87
-5.40	22.90
-5.47	23.10
-5.52	23.09
-5.60	23.07
-5.62	22.93
-5.82	22.77
-6.14	22.71
-6.36	22.63
-6.73	22.63
-7.03	22.49
-7.31	22.40
-7.76	22.38
-8.53	21.97
-9.41	21.80
-10.78	21.13
-12.76	20.37
-15.36	19.45
-17.91	18.66
-20.59	17.97
-22.88	17.26
-25.16	16.45
-26.97	16.17
-28.53	15.69
-29.37	15.80
-30.15	15.42
-30.73	14.90
-31.58	14.50
-32.41	13.92
-33.48	13.32
-34.48	12.90
-35.29	12.53
-36.10	12.40
-36.82	11.96
-37.40	11.36
-37.72	10.72
-38.03	9.90
-38.15	8.86
-37.94	8.08
-37.96	7.39
-37.89	6.98
-37.94	6.81
-37.90	6.75
-37.76	6.92
-37.88	6.91
-37.63	6.82
-37.54	6.89
-37.34	6.56
-37.31	6.24
-37.25	6.32
-37.08	6.37
-36.70	6.26
-36.20	6.23
-35.66	6.57
-35.15	6.52
-34.59	6.68
-33.93	7.41
-33.57	7.28
-32.94	6.54
-32.76	6.43
-32.39	6.66
-31.76	6.65
-31.31	6.25
-30.63	6.26
-30.10	5.98
-29.56	6.03
-29.16	5.91
-28.41	5.87
-27.94	5.70
-27.39	5.39
-27.13	5.34
-27.02	5.23
-27.15	5.13
-27.46	5.13
-27.52	5.17
-27.86	5.32
-27.87	5.21
-27.80	5.16
-27.79	5.16
-27.65	5.15
-27.61	5.19
-27.70	5.22
-27.63	5.27
-27.64	5.46
-27.65	5.22
-27.65	5.16
-27.70	4.96
-27.67	4.96
-27.63	4.94
-27.68	5.03
-27.67	4.92
-27.69	4.99
-27.74	4.98
-27.75	5.03
-27.80	5.01
-27.80	5.12
-27.79	5.11
-27.87	4.99
-27.69	5.08
-27.66	5.21
-27.49	5.10
-27.41	4.98
-27.27	5.03
-27.20	5.11
-27.29	5.05
-27.36	5.07
-27.46	5.18
-27.37	5.15
-27.32	5.03
-27.29	5.05
-27.25	4.96
-27.06	4.93
-27.03	5.08
-27.06	5.01
-27.15	5.02
-27.17	5.09
-27.38	5.23
-27.23	5.18
-27.26	5.26
-27.06	5.30
-26.97	5.23
-27.09	5.29
-27.17	5.27
-27.08	5.34
-27.12	5.34
-26.95	5.18
-26.87	5.21
-26.93	5.30
-27.11	5.42
-27.14	5.35
-27.16	5.48
-27.14	5.42
-27.22	5.40
-27.29	5.45
-27.25	5.48
-27.30	5.53
-27.35	5.44
-27.39	5.50
-27.48	5.55
-28.00	5.78
-29.44	6.00
-32.01	6.25
-34.55	6.60
-37.21	6.49
-39.42	6.38
-40.94	6.39
-41.95	6.36
-42.77	6.39
-43.51	6.33
-44.13	6.16
-44.68	5.88
-45.41	5.70
-46.31	5.69
-47.16	5.67
-47.85	5.37
-48.48	5.40
-49.25	5.49
-50.21	5.42
-51.05	5.38
-51.95	5.39
-53.11	5.42
-53.92	5.39
-54.69	5.54
-55.18	5.49
-55.59	5.42
-55.86	5.28
-56.06	5.32
-56.37	5.15
-56.72	5.32
-57.24	5.43
-57.78	5.51
-58.61	5.60
-59.27	5.68
-59.83	5.74
-60.26	5.81
-60.65	5.83
-60.71	5.75
-60.72	5.79
-60.97	5.87
-61.16	5.73
-61.46	5.78
-61.84	5.70
-62.14	5.54
-62.30	5.60
-62.58	5.53
-62.58	5.46
-62.74	5.52
-62.81	5.50
-62.83	5.41
-63.08	5.24
-63.17	5.17
-63.40	5.14
-63.47	5.30
-63.49	5.12
-63.55	5.07
-63.48	5.14
-63.38	5.10
-63.33	5.17
-63.24	5.15
-63.24	5.10
-63.21	5.17
-63.12	5.35
-62.91	5.34
-62.72	5.25
-62.59	5.04
-62.47	5.05
-62.39	4.87
-62.58	4.85
-62.62	4.95
-62.63	5.07
-62.75	5.07
-62.68	5.03
-62.48	5.05
-62.22	4.99
