-88.23	-6.22
-86.50	-6.15
-86.50	-6.15
-82.29	-6.25
-82.29	-6.25
-76.97	-6.55
-75.06	-6.53
-73.45	-6.41
-72.15	-6.30
-71.18	-6.24
-70.69	-6.37
-70.14	-6.58
-69.23	-6.82
-68.39	-7.07
-67.80	-7.45
-67.72	-7.72
-68.21	-7.91
-68.21	-7.91
-69.32	-8.61
-69.32	-8.61
-70.10	-9.22
-70.31	-9.41
-70.21	-9.66
-70.21	-9.66
-70.00	-9.95
-70.00	-9.95
-69.91	-10.27
-69.74	-10.27
-69.62	-10.49
-69.77	-10.50
-69.91	-10.67
-70.03	-10.87
-70.18	-10.88
-70.57	-11.04
-71.00	-11.13
-72.10	-11.27
-74.28	-11.59
-78.11	-12.29
-82.73	-13.32
-88.11	-14.57
-95.85	-15.42
-104.32	-16.00
-112.64	-16.17
-121.59	-16.07
-128.63	-16.74
-134.80	-17.48
-140.13	-18.62
-143.96	-19.24
-146.72	-19.60
-148.56	-20.17
-150.67	-20.36
-152.53	-20.14
-154.00	-19.54
-154.84	-19.02
-155.73	-18.68
-156.35	-18.59
-156.71	-18.65
-157.10	-18.82
-157.60	-19.17
-157.96	-19.38
-158.46	-19.71
-159.18	-20.15
-159.75	-20.48
-160.48	-20.75
-160.67	-20.95
-160.72	-21.03
-160.88	-21.00
-160.95	-21.02
-161.63	-20.89
-162.63	-20.92
-164.28	-20.74
-166.65	-20.83
-169.47	-20.97
-172.88	-21.37
-175.67	-21.66
-177.97	-22.01
-179.66	-22.46
180.04	-22.85
-179.72	-23.10
-179.13	-23.00
-178.45	-22.87
-177.86	-22.70
-177.41	-22.50
-177.04	-22.33
-177.15	-22.11
-177.10	-22.07
-176.95	-22.13
-176.83	-22.04
-176.75	-22.07
-176.82	-21.95
-176.76	-22.14
-176.73	-22.31
-176.69	-22.39
-176.61	-22.38
-176.53	-22.38
-176.14	-22.35
-175.77	-22.20
-175.37	-22.16
-175.00	-22.21
-174.66	-22.05
-174.44	-22.07
-173.98	-22.05
-173.87	-22.03
-173.16	-22.16
-172.70	-22.23
-171.68	-22.27
-170.30	-22.06
-167.44	-21.72
-163.74	-21.18
-160.13	-21.07
-155.93	-21.30
-151.83	-21.35
-147.21	-21.21
-142.02	-21.03
-136.58	-20.91
-130.37	-20.71
-123.73	-20.43
-117.65	-19.86
-111.31	-19.54
-104.29	-19.21
-98.60	-18.61
-92.28	-18.44
-87.03	-18.35
-82.61	-18.17
-78.65	-18.51
-75.05	-18.49
-71.77	-18.32
-68.03	-18.18
-64.81	-17.99
-61.47	-17.78
-61.47	-17.78
-55.63	-17.32
-52.89	-17.16
-50.71	-16.88
-48.94	-16.77
-46.75	-16.57
-44.56	-16.30
-42.60	-16.16
-40.24	-16.30
-40.24	-16.30
-36.71	-16.13
-34.83	-16.03
-33.00	-15.98
-31.88	-15.78
-31.88	-15.78
-28.82	-15.10
-28.82	-15.10
-25.35	-14.34
-25.35	-14.34
-21.42	-14.09
-21.42	-14.09
-17.30	-13.97
-17.30	-13.97
-12.79	-13.93
-12.79	-13.93
-8.76	-13.55
-8.76	-13.55
-6.21	-13.02
-6.21	-13.02
-3.48	-12.67
-3.48	-12.67
-0.75	-12.01
-0.75	-12.01
0.89	-10.90
0.89	-10.90
1.40	-10.51
1.40	-10.51
1.58	-10.30
1.58	-10.30
1.45	-10.23
1.45	-10.23
1.96	-10.31
1.96	-10.31
2.28	-10.53
2.78	-10.49
2.69	-10.52
3.02	-10.54
3.39	-10.38
3.84	-10.20
4.20	-10.22
4.75	-10.20
5.35	-10.34
5.91	-10.11
6.46	-9.87
6.96	-9.75
7.30	-9.61
7.61	-9.34
7.63	-9.12
7.35	-9.28
7.21	-9.49
6.86	-9.91
6.22	-10.33
5.61	-10.75
4.62	-11.24
3.91	-11.80
3.73	-12.41
3.73	-12.79
3.89	-13.54
4.32	-14.29
5.02	-14.65
5.61	-15.14
6.22	-15.53
6.77	-16.31
7.42	-17.05
8.12	-17.62
9.24	-18.11
10.93	-18.45
14.13	-19.12
18.15	-19.81
22.97	-20.74
27.76	-21.84
30.61	-22.62
32.84	-23.44
34.12	-24.30
35.06	-25.06
35.64	-26.06
36.23	-26.56
36.62	-26.75
37.44	-26.74
38.58	-26.73
40.01	-26.69
41.78	-26.52
43.04	-26.32
44.82	-25.99
46.78	-25.68
48.75	-25.51
48.75	-25.51
51.82	-26.76
52.17	-27.41
52.17	-27.41
51.91	-29.66
51.91	-29.66
51.81	-31.18
51.81	-31.18
53.00	-31.67
53.00	-31.67
53.82	-31.77
53.82	-31.77
54.40	-31.90
54.40	-31.90
54.93	-31.99
54.93	-31.99
55.36	-32.04
55.36	-32.04
55.84	-31.86
55.84	-31.86
56.39	-31.82
56.39	-31.82
56.96	-31.48
56.96	-31.48
56.99	-31.14
56.99	-31.14
56.80	-30.89
56.80	-30.89
56.81	-30.50
56.81	-30.50
57.35	-30.23
57.90	-30.06
58.36	-29.70
59.35	-28.89
61.61	-27.29
64.97	-25.32
67.51	-24.18
70.28	-23.38
71.51	-22.96
72.23	-22.36
73.19	-22.28
73.01	-22.18
73.09	-22.04
73.52	-21.84
73.52	-21.84
73.28	-21.36
73.28	-21.36
72.79	-21.02
71.52	-21.75
71.52	-21.75
70.40	-22.38
70.40	-22.38
71.07	-22.21
71.16	-22.32
70.90	-22.22
70.90	-22.22
70.97	-22.10
70.97	-22.10
71.00	-21.90
70.83	-21.91
70.52	-21.86
70.24	-21.78
69.86	-21.53
69.86	-21.53
69.25	-21.15
69.25	-21.15
68.68	-21.24
68.68	-21.24
68.65	-21.03
68.65	-21.03
68.83	-20.71
69.22	-20.52
69.22	-20.52
69.49	-20.52
69.61	-20.38
69.94	-20.19
70.38	-19.59
72.08	-18.30
74.39	-16.67
74.39	-16.67
76.91	-15.95
78.04	-15.84
78.04	-15.84
78.15	-16.17
78.35	-16.46
78.35	-16.46
78.80	-16.62
79.14	-16.62
79.14	-16.62
79.72	-16.57
80.68	-16.65
80.68	-16.65
81.72	-16.86
81.80	-16.72
81.96	-16.83
81.66	-16.63
81.66	-16.63
81.21	-16.59
81.38	-16.56
81.38	-16.56
81.49	-16.45
81.36	-16.40
81.02	-16.30
80.02	-16.53
80.02	-16.53
77.74	-17.35
77.74	-17.35
73.82	-18.50
73.82	-18.50
66.26	-19.83
66.26	-19.83
56.23	-22.22
56.23	-22.22
50.13	-22.94
45.06	-23.44
45.06	-23.44
40.43	-23.28
37.71	-22.77
37.71	-22.77
33.58	-22.32
30.46	-22.12
30.46	-22.12
26.58	-22.23
23.50	-22.37
23.50	-22.37
20.83	-22.23
18.63	-22.23
18.63	-22.23
15.89	-22.01
15.89	-22.01
12.76	-20.85
12.76	-20.85
10.48	-19.83
7.88	-19.32
7.88	-19.32
5.77	-18.52
3.81	-17.49
3.81	-17.49
2.03	-15.50
0.97	-14.22
0.97	-14.22
0.07	-12.85
-0.24	-11.66
-0.24	-11.66
-0.21	-10.79
0.22	-10.21
0.22	-10.21
0.36	-9.82
0.18	-9.98
0.18	-9.98
-0.23	-10.17
-0.25	-10.22
-0.32	-10.26
-0.37	-10.20
-0.37	-10.20
-0.74	-10.16
-1.16	-10.29
-1.16	-10.29
-1.33	-10.33
-1.65	-10.61
-1.65	-10.61
-2.30	-10.59
-3.25	-10.80
-3.25	-10.80
-4.26	-10.99
-5.16	-11.01
-5.16	-11.01
-5.98	-11.03
-6.06	-11.19
-6.06	-11.19
-6.76	-11.31
-7.90	-11.41
-7.90	-11.41
-11.33	-12.07
-14.08	-12.64
-20.81	-13.85
-20.81	-13.85
-31.10	-15.21
-31.10	-15.21
-41.12	-16.51
-41.12	-16.51
-43.88	-17.14
-43.88	-17.14
-46.24	-17.85
-48.35	-17.75
-48.35	-17.75
-51.43	-17.80
-51.43	-17.80
-54.65	-17.46
-54.65	-17.46
-57.55	-17.17
-57.55	-17.17
-59.98	-16.74
-59.98	-16.74
-62.12	-16.64
-62.12	-16.64
-64.38	-16.64
-65.97	-16.69
-65.97	-16.69
-68.32	-16.64
-68.32	-16.64
-69.53	-16.55
-69.80	-16.48
-69.80	-16.38
-69.80	-16.38
-69.18	-16.25
-69.18	-16.25
-68.58	-16.00
-68.58	-16.00
-68.30	-15.81
-68.30	-15.81
-68.00	-15.81
-67.32	-15.74
-67.32	-15.74
-65.53	-15.64
-62.55	-15.63
-62.55	-15.63
-57.69	-16.03
-57.69	-16.03
-47.16	-16.57
-39.64	-16.60
-29.43	-16.05
-29.43	-16.05
-17.53	-14.58
-9.31	-13.52
-9.31	-13.52
-0.99	-12.18
4.25	-11.75
4.25	-11.75
8.51	-11.55
10.53	-11.63
10.53	-11.63
11.58	-11.98
10.90	-12.54
10.90	-12.54
8.98	-13.19
7.24	-13.79
7.24	-13.79
5.79	-14.03
4.96	-14.31
4.96	-14.31
5.05	-14.33
5.33	-14.25
5.33	-14.25
6.00	-14.11
6.59	-14.21
6.59	-14.21
6.75	-14.32
6.70	-14.42
6.70	-14.42
6.51	-14.62
6.19	-14.66
6.19	-14.66
5.66	-14.76
5.52	-14.80
5.52	-14.80
5.20	-14.65
5.22	-14.62
5.22	-14.62
5.24	-14.65
5.36	-14.67
5.36	-14.67
5.34	-14.74
5.38	-14.87
5.38	-14.87
5.28	-14.81
5.37	-14.97
5.37	-14.97
5.21	-15.13
5.20	-15.31
5.20	-15.31
5.26	-15.29
5.15	-15.40
5.15	-15.40
5.28	-15.52
5.10	-15.51
5.10	-15.51
5.18	-15.61
5.24	-15.58
5.24	-15.58
5.24	-15.80
5.27	-15.89
5.27	-15.89
5.29	-15.94
5.24	-15.94
5.24	-15.94
5.10	-16.01
5.12	-16.06
5.12	-16.06
5.12	-16.21
5.12	-16.21
5.04	-16.24
5.04	-16.24
5.07	-16.22
5.07	-16.22
4.98	-16.30
4.98	-16.30
4.64	-16.28
4.64	-16.28
4.66	-16.28
4.66	-16.28
4.67	-16.33
4.67	-16.33
4.62	-16.27
4.56	-16.31
4.56	-16.31
4.68	-16.23
4.68	-16.23
4.49	-16.22
4.49	-16.22
4.57	-16.11
4.57	-16.11
4.77	-16.21
4.77	-16.21
4.89	-16.36
4.89	-16.36
4.91	-16.30
4.91	-16.30
4.90	-16.31
4.85	-16.38
4.85	-16.38
4.89	-16.43
4.95	-16.44
4.95	-16.44
5.01	-16.52
5.03	-16.62
5.03	-16.62
5.08	-16.76
5.47	-17.06
5.47	-17.06
6.87	-17.92
6.87	-17.92
12.44	-20.42
12.44	-20.42
17.21	-21.90
20.60	-22.86
20.60	-22.86
25.06	-23.38
28.60	-23.80
28.60	-23.80
32.97	-24.10
35.44	-24.71
35.44	-24.71
38.17	-25.93
39.55	-26.90
39.55	-26.90
40.30	-27.58
40.18	-28.28
40.18	-28.28
40.04	-28.87
40.04	-28.87
40.07	-28.98
40.07	-28.98
40.05	-29.13
40.05	-29.13
40.19	-29.65
40.19	-29.65
40.20	-30.16
40.20	-30.16
39.87	-31.13
39.87	-31.13
38.45	-32.21
38.45	-32.21
35.63	-33.76
35.63	-33.76
31.15	-35.53
31.15	-35.53
26.66	-39.20
26.66	-39.20
21.22	-43.33
21.22	-43.33
14.89	-44.26
14.89	-44.26
11.99	-43.95
11.99	-43.95
10.66	-44.60
9.31	-45.17
9.31	-45.17
7.90	-47.45
6.88	-48.62
6.88	-48.62
4.70	-50.94
3.53	-52.41
3.53	-52.41
2.54	-53.79
2.14	-54.40
2.14	-54.40
2.03	-54.72
2.10	-54.88
2.10	-54.88
2.62	-54.77
2.62	-54.77
3.41	-54.43
3.41	-54.43
2.85	-53.95
2.36	-53.56
2.36	-53.56
0.88	-52.67
0.22	-52.30
0.22	-52.30
-0.61	-52.53
-2.19	-52.91
-2.19	-52.91
-6.76	-53.53
-11.04	-53.65
-11.04	-53.65
-17.70	-53.61
-22.92	-53.21
-22.92	-53.21
-27.85	-52.60
-31.86	-52.38
-31.86	-52.38
-34.66	-52.53
-36.69	-52.73
-36.69	-52.73
-38.22	-53.08
-39.07	-53.07
-39.07	-53.07
-39.66	-53.17
-40.00	-53.25
-40.00	-53.25
-40.60	-53.39
-40.10	-53.19
-40.10	-53.19
-40.21	-52.53
-41.13	-52.33
-41.13	-52.33
-43.00	-51.52
-45.15	-50.75
-45.15	-50.75
-50.90	-49.52
-50.90	-49.52
-59.21	-48.30
-59.21	-48.30
-65.16	-48.17
-65.16	-48.17
-64.70	-48.24
-64.70	-48.24
-54.40	-48.11
-54.40	-48.11
-39.42	-44.19
-39.42	-44.19
-22.75	-39.19
-22.75	-39.19
-9.11	-34.72
-9.11	-34.72
0.70	-32.47
0.70	-32.47
7.83	-30.72
7.83	-30.72
12.02	-28.79
12.02	-28.79
10.99	-27.38
10.99	-27.38
9.63	-26.22
6.68	-25.10
6.68	-25.10
4.26	-23.57
2.59	-22.21
2.59	-22.21
3.07	-21.65
3.07	-21.65
4.28	-21.68
4.28	-21.68
5.21	-22.83
5.21	-22.83
5.80	-24.24
5.80	-24.24
6.00	-24.84
5.92	-25.00
5.92	-25.00
5.48	-25.32
5.16	-26.08
5.16	-26.08
4.69	-26.67
4.34	-27.00
4.34	-27.00
3.94	-27.58
3.94	-27.58
3.74	-28.53
3.78	-29.55
3.78	-29.55
4.35	-30.69
4.68	-31.40
4.68	-31.40
5.13	-31.54
5.44	-31.64
5.51	-31.89
5.51	-31.89
5.64	-32.09
5.58	-32.02
5.58	-32.02
5.69	-31.81
5.66	-31.65
5.66	-31.65
5.85	-31.67
5.99	-31.67
5.99	-31.67
6.21	-31.62
6.49	-31.38
6.49	-31.38
6.50	-31.18
6.50	-31.18
6.44	-30.76
6.44	-30.76
6.73	-30.17
6.73	-30.17
7.44	-29.44
7.44	-29.44
8.10	-28.87
8.10	-28.87
8.36	-28.24
8.35	-27.54
8.35	-27.54
8.85	-26.50
8.85	-26.50
10.15	-25.74
10.15	-25.74
11.98	-25.10
13.90	-24.49
13.90	-24.49
16.42	-23.47
16.42	-23.47
17.63	-22.79
17.63	-22.79
17.32	-22.41
17.32	-22.41
16.84	-22.13
16.39	-21.95
16.39	-21.95
16.04	-21.38
15.73	-21.03
15.73	-21.03
16.08	-20.33
17.87	-19.35
17.87	-19.35
22.30	-17.94
26.32	-17.20
26.32	-17.20
30.03	-16.54
30.56	-16.67
30.56	-16.67
28.66	-16.99
26.09	-17.69
26.09	-17.69
23.22	-17.88
21.30	-17.88
21.30	-17.88
20.20	-17.65
19.16	-17.49
19.16	-17.49
16.15	-17.53
13.47	-17.34
13.47	-17.34
11.73	-17.25
10.98	-16.95
10.98	-16.95
10.52	-16.44
10.52	-16.44
10.26	-16.04
10.26	-16.04
9.93	-15.72
9.93	-15.72
9.44	-15.48
9.44	-15.48
8.58	-15.43
8.26	-15.30
8.26	-15.30
8.53	-15.03
8.83	-14.87
8.83	-14.87
8.89	-14.59
8.81	-14.43
8.81	-14.43
8.47	-14.42
8.18	-14.38
8.18	-14.38
7.91	-14.38
7.85	-14.41
7.85	-14.41
7.73	-14.59
7.73	-14.59
7.54	-14.81
7.31	-14.93
7.31	-14.93
7.18	-15.10
7.18	-15.19
7.18	-15.19
7.24	-15.20
7.24	-15.20
7.28	-15.18
7.28	-15.18
6.96	-15.29
6.96	-15.29
7.01	-15.25
7.01	-15.25
7.16	-15.17
7.16	-15.17
6.95	-15.01
6.95	-15.01
7.12	-15.07
7.12	-15.07
7.02	-14.97
7.02	-14.97
6.84	-14.81
6.84	-14.81
6.94	-14.59
6.93	-14.48
6.93	-14.48
6.83	-13.83
6.86	-13.09
6.86	-13.09
6.75	-11.95
6.68	-11.03
6.68	-11.03
6.33	-9.55
6.19	-8.96
5.89	-7.52
5.89	-7.52
5.69	-5.89
5.69	-5.89
5.37	-3.90
5.37	-3.90
5.30	-3.07
5.30	-3.07
5.32	-2.62
5.17	-2.53
5.17	-2.53
5.28	-2.61
5.26	-2.65
5.26	-2.65
5.22	-2.20
5.19	-2.05
5.19	-2.05
5.13	-1.84
5.13	-1.84
5.09	-1.53
5.09	-1.53
5.18	-1.27
5.18	-1.27
5.36	-1.17
5.36	-1.17
5.26	-1.27
5.26	-1.27
5.22	-1.32
5.12	-1.21
5.12	-1.21
5.15	-1.20
5.15	-1.20
5.07	-1.36
5.07	-1.36
5.06	-1.31
5.06	-1.31
4.99	-1.38
4.99	-1.38
5.08	-1.38
5.16	-1.48
5.16	-1.65
5.16	-1.65
5.20	-1.73
5.20	-1.73
5.44	-1.81
5.44	-1.81
5.25	-1.76
5.22	-1.82
5.11	-1.91
5.11	-1.91
5.17	-1.86
5.17	-1.86
5.15	-1.80
5.15	-1.80
5.11	-1.74
5.11	-1.74
5.09	-1.88
5.09	-1.88
5.14	-1.88
5.14	-1.88
5.17	-2.02
5.17	-2.02
5.05	-2.05
5.05	-2.05
5.03	-2.34
5.03	-2.34
5.08	-2.62
5.08	-2.62
5.00	-2.78
5.00	-2.78
5.14	-2.92
5.14	-2.92
4.99	-3.18
4.99	-3.18
5.00	-3.32
5.00	-3.32
5.03	-3.41
5.03	-3.41
4.96	-3.47
4.96	-3.47
4.98	-3.66
4.98	-3.66
4.88	-3.61
4.88	-3.61
4.93	-3.62
4.93	-3.62
4.88	-3.56
4.78	-3.65
4.78	-3.65
4.04	-3.63
4.04	-3.63
2.93	-3.57
2.93	-3.57
0.76	-3.47
-1.61	-3.03
-1.61	-3.03
-5.89	-1.00
-5.89	-1.00
-8.92	1.13
-9.50	2.42
-9.31	3.50
-9.31	3.50
-8.49	4.61
-8.49	4.61
-7.90	5.10
-7.94	5.21
-7.94	5.21
-8.05	5.70
-8.05	5.70
-8.38	6.70
-8.61	7.53
-8.61	7.53
-9.46	8.97
-10.19	9.99
-10.19	9.99
-11.13	10.55
-11.96	11.17
-11.96	11.17
-12.47	11.96
-12.77	12.22
-12.77	12.22
-12.67	12.19
-12.67	12.19
-12.35	13.43
-12.35	13.43
-12.83	14.10
-12.83	14.10
-13.50	14.12
-13.50	14.12
-14.00	14.65
-14.00	14.65
-14.45	14.95
-14.44	14.77
-14.44	14.77
-14.51	14.75
-14.51	14.75
-14.61	14.98
-14.60	14.93
-14.60	14.93
-14.56	15.02
-14.56	15.02
-14.48	15.20
-14.39	15.08
-14.39	15.08
-13.99	14.83
-13.99	14.83
-13.11	14.01
-13.11	14.01
-12.07	13.69
-11.67	13.80
-11.67	13.80
-11.37	13.96
-11.37	13.96
-11.53	14.07
-11.53	14.07
-11.37	13.96
-11.37	13.96
-11.19	13.73
-10.85	13.76
-10.37	13.64
-10.37	13.64
-10.13	13.08
-10.13	13.08
-9.88	12.70
-9.88	12.70
-10.13	12.24
-10.06	11.91
-10.06	11.91
-9.78	11.61
-9.50	11.31
-9.10	10.67
-9.10	10.67
-8.16	9.24
-7.48	7.96
-7.48	7.96
-6.50	6.05
-6.16	4.85
-5.98	2.73
-5.98	2.73
-5.17	0.52
-4.08	-1.52
-4.08	-1.52
-1.75	-3.50
0.13	-5.16
0.13	-5.16
3.48	-6.38
5.29	-6.78
5.29	-6.78
7.72	-7.47
9.06	-7.77
9.06	-7.77
11.03	-8.34
12.94	-8.81
12.94	-8.81
16.01	-9.13
17.71	-9.23
17.71	-9.23
20.37	-9.31
22.12	-9.08
22.12	-9.08
24.26	-8.84
25.43	-8.77
25.43	-8.77
26.00	-8.33
26.10	-8.11
26.10	-8.11
25.67	-7.74
25.44	-7.48
25.44	-7.48
25.49	-6.89
25.82	-6.62
25.82	-6.62
26.36	-6.54
26.75	-6.52
26.75	-6.52
27.09	-6.71
27.05	-6.70
27.05	-6.70
27.22	-6.79
27.28	-6.84
27.28	-6.84
27.16	-6.87
26.94	-6.81
26.94	-6.81
26.66	-6.79
26.50	-6.83
26.50	-6.83
26.33	-6.88
26.17	-6.91
26.17	-6.91
26.38	-6.94
26.77	-7.06
26.77	-7.06
27.06	-7.10
27.06	-7.10
27.42	-6.96
27.85	-6.83
27.85	-6.83
28.86	-6.73
28.86	-6.73
30.12	-6.48
30.12	-6.48
31.81	-6.33
31.81	-6.33
33.63	-6.23
33.63	-6.23
34.25	-5.98
34.37	-5.82
34.37	-5.82
34.15	-5.87
34.15	-5.87
33.74	-6.05
33.74	-6.05
33.54	-6.02
33.61	-5.83
33.61	-5.83
34.00	-5.77
34.47	-5.92
34.47	-5.92
35.12	-5.86
35.12	-5.86
35.81	-5.90
35.81	-5.90
36.52	-5.93
36.52	-5.93
37.52	-6.01
37.52	-6.01
38.44	-6.08
39.11	-6.12
39.11	-6.12
39.54	-6.12
39.57	-6.14
39.57	-6.14
39.42	-6.01
39.45	-6.07
39.45	-6.07
39.76	-6.02
39.93	-6.07
39.93	-6.07
39.82	-6.07
39.76	-6.25
39.76	-6.25
39.72	-6.20
39.72	-6.18
39.72	-6.18
39.86	-6.36
39.80	-6.36
39.80	-6.36
39.87	-6.30
39.81	-6.27
39.60	-6.21
39.60	-6.21
39.58	-5.98
39.61	-5.96
39.61	-5.96
39.46	-5.89
39.57	-5.82
39.57	-5.82
39.62	-5.80
39.68	-5.79
39.68	-5.79
39.55	-5.69
39.55	-5.69
39.44	-5.60
39.44	-5.60
39.54	-5.69
39.52	-5.55
39.52	-5.55
39.68	-5.59
39.84	-5.63
39.84	-5.63
40.06	-5.74
40.23	-5.83
40.23	-5.83
40.35	-6.02
40.59	-6.07
40.59	-6.07
40.58	-6.04
40.58	-6.04
40.47	-6.10
40.31	-6.15
40.31	-6.15
40.19	-6.30
40.19	-6.30
39.94	-6.25
39.94	-6.25
39.54	-6.26
39.54	-6.26
39.12	-6.47
38.90	-6.33
38.90	-6.33
39.45	-6.41
39.90	-6.38
39.90	-6.38
40.59	-6.60
40.85	-6.70
40.85	-6.70
41.42	-7.44
42.24	-7.62
42.24	-7.62
43.18	-7.43
43.93	-7.34
43.93	-7.34
44.19	-7.43
44.06	-7.43
44.06	-7.43
43.91	-7.35
43.97	-7.63
43.97	-7.63
43.71	-7.74
43.45	-7.86
43.45	-7.86
42.86	-7.97
42.71	-7.98
42.71	-7.98
42.54	-8.03
42.54	-8.03
42.35	-8.21
42.35	-8.21
42.26	-8.22
42.26	-8.22
41.94	-8.28
41.94	-8.28
41.69	-8.37
41.69	-8.37
41.34	-8.39
41.34	-8.39
40.96	-8.31
40.96	-8.31
40.78	-8.23
40.78	-8.23
40.46	-8.31
40.46	-8.31
40.19	-8.21
40.19	-8.21
39.68	-8.13
39.68	-8.13
39.13	-8.31
39.13	-8.31
38.54	-8.15
38.54	-8.15
37.96	-8.13
37.96	-8.13
37.56	-7.99
37.56	-7.99
37.13	-7.94
37.13	-7.94
36.61	-7.80
36.61	-7.80
35.75	-7.85
35.75	-7.85
34.75	-7.89
34.03	-7.92
34.03	-7.92
32.95	-8.07
32.95	-8.07
31.72	-8.28
31.72	-8.28
30.06	-8.27
30.06	-8.27
28.19	-8.49
28.19	-8.49
26.24	-8.88
26.24	-8.88
24.48	-8.99
24.48	-8.99
22.30	-9.63
22.30	-9.63
20.28	-9.93
20.28	-9.93
18.98	-10.24
18.98	-10.24
17.88	-10.68
17.88	-10.68
14.88	-11.26
14.88	-11.26
12.43	-11.30
12.43	-11.30
11.51	-11.59
11.51	-11.59
10.90	-11.96
10.90	-11.96
10.85	-12.22
10.85	-12.22
10.92	-12.51
10.92	-12.51
10.58	-12.86
10.58	-12.86
9.96	-13.48
9.96	-13.48
8.99	-14.17
8.99	-14.17
8.41	-14.60
8.41	-14.60
7.76	-15.07
7.76	-15.07
7.55	-15.23
7.55	-15.23
7.42	-15.33
7.30	-15.51
7.30	-15.51
7.22	-15.89
7.19	-16.23
7.19	-16.23
7.14	-16.42
7.10	-16.61
7.10	-16.61
6.84	-17.25
6.84	-17.25
6.79	-18.04
6.79	-18.04
6.68	-19.15
6.68	-19.15
6.50	-21.34
6.50	-21.34
5.99	-23.24
5.99	-23.24
5.94	-24.09
5.94	-24.09
5.64	-24.45
5.56	-24.50
5.56	-24.50
5.57	-24.16
5.55	-24.08
5.55	-24.08
5.54	-24.09
5.26	-24.08
5.26	-24.08
5.35	-23.98
5.22	-24.04
5.22	-24.04
5.24	-23.90
5.24	-23.90
5.07	-23.63
5.07	-23.63
5.24	-23.35
5.17	-23.01
5.17	-23.01
5.40	-22.51
5.61	-22.31
5.61	-22.31
6.32	-21.77
6.73	-21.57
6.73	-21.57
7.68	-21.27
7.68	-21.27
8.56	-20.83
8.56	-20.83
9.44	-20.38
9.44	-20.38
10.14	-19.38
10.14	-19.38
11.10	-17.61
11.10	-17.61
13.49	-16.24
13.49	-16.24
18.70	-15.61
18.70	-15.61
24.08	-15.39
24.08	-15.39
27.56	-15.04
27.56	-15.04
30.06	-14.47
30.06	-14.47
29.94	-13.96
29.94	-13.96
28.15	-13.59
28.15	-13.59
27.20	-13.34
27.20	-13.34
27.15	-12.82
27.15	-12.82
27.27	-12.58
27.27	-12.58
26.54	-12.43
26.54	-12.43
24.02	-11.88
24.02	-11.88
19.53	-11.17
19.53	-11.17
14.09	-10.48
11.21	-9.87
11.21	-9.87
6.76	-9.20
6.76	-9.20
2.91	-7.51
2.91	-7.51
0.75	-6.56
0.75	-6.56
0.94	-5.99
0.94	-5.99
1.80	-5.24
2.05	-4.74
2.05	-4.74
2.88	-3.97
3.12	-3.25
3.12	-3.25
3.24	-2.21
3.24	-2.21
3.08	-0.97
3.08	-0.97
2.19	0.56
2.07	1.52
2.07	1.52
1.44	3.60
1.03	4.95
1.03	4.95
0.90	6.30
0.90	6.30
0.93	7.64
0.93	7.64
1.23	8.63
1.23	8.63
1.18	9.24
1.15	10.14
1.15	10.14
1.63	10.73
1.57	11.41
1.57	11.41
1.23	11.58
1.08	11.65
0.95	12.10
0.95	12.10
0.65	12.38
0.65	12.38
0.72	12.85
0.58	13.44
0.58	13.44
0.17	14.42
-0.05	14.60
-0.05	14.60
-0.80	14.15
-1.60	14.10
-1.60	14.10
-3.20	13.34
-3.20	13.34
-4.55	11.38
-4.55	11.38
-5.66	9.67
-5.66	9.67
-6.67	8.59
-6.67	8.59
-7.85	7.91
-7.85	7.91
-8.33	6.96
-8.33	6.96
-8.88	5.80
-8.88	5.80
-9.77	4.00
-9.77	4.00
-11.33	1.75
-11.33	1.75
-12.99	0.01
-12.99	0.01
-15.51	-2.28
-17.39	-3.53
-17.39	-3.53
-20.41	-5.32
-20.41	-5.32
-23.34	-6.51
-23.34	-6.51
-25.39	-6.67
-25.39	-6.67
-26.80	-6.89
-27.14	-6.69
-27.14	-6.69
-27.24	-6.36
-27.24	-6.36
-26.50	-6.05
-26.50	-6.05
-25.69	-5.33
-25.69	-5.33
-25.52	-5.29
-25.52	-5.29
-25.18	-5.47
-25.18	-5.47
-24.14	-5.46
-24.14	-5.46
-23.71	-4.46
-23.71	-4.46
-23.31	-3.03
-23.31	-3.03
-23.28	-2.18
-23.28	-2.18
-23.02	-2.47
-23.02	-2.47
-21.87	-2.40
-21.87	-2.40
-20.66	-1.85
-20.66	-1.85
-20.64	-2.07
-20.64	-2.07
-20.84	-2.76
-20.84	-2.76
-20.56	-2.51
-20.42	-2.10
-20.31	-2.00
-20.31	-2.00
-20.26	-1.01
-20.26	-1.01
-20.75	-1.84
-20.75	-1.84
-21.81	-3.50
-21.81	-3.50
-23.50	-3.66
-24.86	-4.64
-24.86	-4.64
-27.51	-4.86
-29.20	-4.88
-29.20	-4.88
-30.45	-5.47
-30.83	-5.83
-31.12	-6.01
-31.00	-6.14
-31.00	-6.14
-30.53	-5.81
-30.53	-5.81
-29.61	-5.80
-29.61	-5.80
-28.91	-5.92
-28.91	-5.92
-27.73	-6.01
-27.73	-6.01
-25.92	-6.10
-25.92	-6.10
-22.54	-6.70
-22.54	-6.70
-15.86	-8.05
-15.86	-8.05
-11.66	-8.65
-11.66	-8.65
-8.43	-9.39
-8.43	-9.39
-5.37	-9.71
-5.37	-9.71
-3.22	-10.09
-3.22	-10.09
-1.35	-9.99
-1.35	-9.99
-1.16	-9.55
-1.16	-9.55
-1.44	-9.30
-1.44	-9.30
-1.36	-9.01
-1.00	-9.07
-1.00	-9.07
-0.23	-8.82
-0.23	-8.82
0.37	-9.01
0.37	-9.01
0.66	-9.08
0.66	-9.08
0.76	-8.95
0.85	-8.94
0.85	-8.94
0.89	-8.79
0.89	-8.79
0.97	-8.77
0.97	-8.77
0.92	-8.40
0.92	-8.40
1.06	-8.37
1.06	-8.37
1.04	-8.24
1.04	-8.24
1.25	-8.30
1.25	-8.30
1.37	-8.08
1.37	-8.08
1.44	-8.05
1.44	-8.05
1.58	-7.61
1.58	-7.61
1.59	-7.32
1.59	-7.32
1.38	-6.77
1.23	-6.47
1.23	-6.47
0.87	-5.79
0.87	-5.79
0.49	-4.99
0.49	-4.99
0.56	-3.83
0.56	-3.83
0.35	-2.40
0.35	-2.40
0.08	-0.87
0.08	-0.87
-0.27	0.58
-0.38	1.35
-0.38	1.35
-0.33	2.30
-0.33	2.30
-0.17	2.99
-0.17	2.99
-0.15	3.62
-0.15	3.62
-0.00	4.31
0.02	4.76
0.02	4.76
-0.05	5.16
-0.13	5.52
-0.13	5.52
-0.47	5.94
-0.47	5.94
-0.78	6.27
-0.87	6.35
-0.87	6.35
-1.05	6.66
-1.05	6.66
-1.25	6.91
-1.25	6.91
-1.07	7.14
-1.07	7.14
-1.20	7.31
-1.20	7.31
-1.14	7.27
-1.14	7.27
-0.88	7.02
-0.88	7.02
-0.51	6.71
-0.51	6.71
-0.59	6.13
-0.59	6.13
-0.36	5.33
-0.36	5.33
-0.03	3.44
-0.03	3.44
0.17	-0.32
0.17	-0.32
0.48	-4.92
0.73	-7.19
0.73	-7.19
0.67	-10.74
0.67	-10.74
0.49	-12.84
0.49	-12.84
0.20	-14.52
0.20	-14.52
0.04	-14.91
0.04	-14.91
-0.29	-15.69
-0.29	-15.69
-1.02	-16.29
-1.02	-16.29
-1.53	-16.78
-1.53	-16.78
-2.01	-17.54
-2.01	-17.54
-2.11	-18.43
-2.11	-18.43
-1.71	-18.50
-1.71	-18.50
-1.72	-18.46
-1.72	-18.46
-2.44	-18.59
-2.44	-18.59
-4.21	-18.71
-4.21	-18.71
-6.01	-18.96
-6.01	-18.96
-7.91	-18.91
-7.91	-18.91
-10.24	-18.70
-10.24	-18.70
-11.94	-18.35
-11.94	-18.35
-14.11	-17.96
-14.11	-17.96
-16.81	-17.47
-16.81	-17.47
-20.16	-16.99
-20.16	-16.99
-22.29	-16.31
-22.29	-16.31
-22.92	-15.38
-22.92	-15.38
-22.79	-14.68
-22.79	-14.68
-22.22	-13.86
-22.22	-13.86
-21.12	-13.22
-21.12	-13.22
-20.46	-12.23
-20.46	-12.23
-20.23	-11.08
-20.23	-11.08
-20.73	-9.21
-20.73	-9.21
-22.20	-6.71
-22.20	-6.71
-23.73	-4.30
-23.73	-4.30
-24.70	-2.02
-24.70	-2.02
-24.32	-0.32
-24.32	-0.32
-23.19	0.63
-23.19	0.63
-22.16	1.58
-21.66	2.01
-21.14	2.33
-21.14	2.33
-20.67	3.23
-20.83	3.81
-21.11	4.46
-21.44	5.07
-21.44	5.07
-22.12	6.27
-22.12	6.27
-21.88	6.92
-21.69	7.27
-21.43	7.94
-21.35	8.53
-21.35	8.53
-20.64	8.47
-20.26	8.27
-19.92	8.52
-19.35	8.74
-19.00	8.81
-18.80	8.95
-18.49	9.02
-18.49	9.02
-18.02	10.18
-18.07	10.54
-17.90	11.06
-17.90	11.06
-17.11	11.49
-17.11	11.49
-16.10	12.00
-16.10	12.00
-14.85	12.53
-14.22	12.90
-14.22	12.90
-12.97	12.98
-12.97	12.98
-11.74	13.08
-11.16	13.12
-11.16	13.12
-9.38	13.69
-9.38	13.69
-8.11	14.46
-7.54	14.98
-7.54	14.98
-6.52	16.29
-6.52	16.29
-5.66	17.39
-5.66	17.39
-4.78	18.67
-4.46	18.89
-3.69	18.80
-3.69	18.80
-1.96	18.12
-0.95	17.48
-0.95	17.48
1.21	16.33
2.17	15.80
3.29	14.98
3.29	14.98
4.42	14.20
4.42	14.20
4.26	14.09
3.76	14.10
3.76	14.10
2.77	14.08
2.77	14.08
1.50	14.01
1.50	14.01
0.84	14.77
0.84	14.77
0.63	15.72
0.63	15.72
0.39	16.69
0.39	16.69
0.62	17.62
0.47	18.05
0.10	18.42
0.10	18.42
-0.62	19.21
-0.62	19.21
-1.76	19.87
-1.76	19.87
-3.38	21.07
-3.78	21.53
-4.14	21.89
-4.14	21.89
-4.81	22.44
-4.74	22.59
-4.75	22.56
-4.75	22.56
-4.58	22.93
-4.70	22.92
-4.86	23.14
-4.86	23.14
-5.09	23.74
-4.96	23.78
-5.06	23.72
-5.16	23.74
-5.37	23.91
-5.37	23.91
-5.46	24.03
-5.46	24.03
-5.30	24.04
-5.34	23.96
-5.61	23.71
-5.71	23.58
-5.71	23.58
-6.14	22.92
-6.33	22.50
-6.48	22.16
-6.76	21.65
-7.02	21.18
-7.32	20.64
-7.60	20.23
-7.82	20.02
-7.99	19.78
-8.15	19.34
-8.32	19.16
-8.48	19.15
-8.55	19.06
-8.92	18.93
-9.32	18.83
-9.54	18.72
-9.60	18.82
-9.84	18.66
-10.06	18.44
-10.06	18.44
-10.59	18.01
-10.70	17.88
-10.70	17.88
-10.70	17.82
-10.91	17.93
-11.03	18.05
-11.27	18.30
-11.27	18.30
-11.85	19.14
-12.21	19.46
-12.83	19.75
-13.15	19.78
-13.15	19.78
-13.36	19.56
-13.50	19.45
-13.73	19.35
-14.06	19.15
-14.26	18.77
-14.54	18.37
-14.80	18.01
-14.80	18.01
-15.92	17.64
-16.57	17.53
-17.24	17.34
-17.91	17.18
-18.68	16.95
-19.75	16.63
-20.51	16.32
-21.54	15.74
-21.91	15.22
-22.08	14.96
-22.12	14.95
-22.12	14.95
-21.37	14.78
-21.04	14.80
-20.74	14.96
-20.45	15.00
-20.18	15.01
-19.91	15.20
-19.50	15.44
-18.87	15.87
-17.83	16.27
-17.02	16.54
-15.91	16.69
-14.78	16.65
-13.60	16.54
-12.54	16.65
-11.45	16.57
-10.59	17.06
-9.53	17.48
-8.73	17.49
-7.75	17.08
-6.44	16.53
-4.72	16.06
-2.86	15.34
-1.18	14.73
0.60	13.90
1.67	13.47
2.17	13.25
2.13	13.62
1.97	14.25
1.69	14.79
1.33	15.04
0.87	15.15
0.46	15.22
0.17	15.48
-0.05	15.82
-0.37	16.06
-1.17	16.02
-1.70	15.85
-1.91	15.56
-1.88	15.42
-1.60	15.23
-1.37	15.01
-1.22	14.92
-1.38	14.84
-1.62	14.80
-2.00	14.56
-2.07	14.52
-2.40	14.49
-2.55	14.50
-2.59	14.55
-2.86	14.62
-2.84	14.58
-2.96	14.66
-3.21	14.62
-3.56	14.31
-4.77	13.82
-7.54	12.99
-10.21	12.46
-10.21	12.46
-14.76	12.04
-16.53	11.59
-17.88	11.30
-19.12	10.86
-18.67	10.81
-17.74	10.64
-17.74	10.64
-15.67	10.59
-15.47	10.53
-15.78	10.13
-16.93	9.73
-18.09	9.12
-19.10	8.62
-20.10	7.87
-20.10	7.87
-22.25	5.40
-23.31	3.70
-24.61	1.83
-25.68	0.11
-26.31	-1.64
-26.77	-2.57
-26.58	-3.15
-26.30	-3.50
-25.95	-3.63
-25.30	-3.72
-24.60	-3.52
-23.79	-3.23
-23.13	-2.93
-22.27	-2.61
-21.53	-2.29
-20.47	-2.06
-20.47	-2.06
-19.45	-1.46
-19.38	-1.41
-18.72	-1.56
-18.32	-1.68
-18.42	-2.05
-18.38	-2.75
-18.12	-1.89
-18.12	-1.89
-17.90	-2.09
-17.88	-2.29
-17.73	-1.31
-17.53	-1.45
-17.28	-1.56
-16.99	-1.33
-16.74	-1.03
-16.63	-0.30
-16.25	-0.45
-15.70	-0.28
-14.93	0.24
-14.27	0.78
-13.46	0.86
-12.89	0.91
-12.04	0.98
-11.33	1.13
-10.56	0.81
-10.34	0.29
-10.57	0.08
-11.14	0.07
-11.82	-0.58
-12.26	-0.72
-12.69	-0.05
-13.18	0.05
-14.04	0.23
-15.08	0.09
-16.18	-0.01
-17.11	0.63
-17.51	1.06
-17.88	1.73
-18.29	2.12
-18.23	2.47
-18.16	3.28
-17.88	4.06
-17.48	4.88
-17.12	5.29
-17.06	5.69
-17.12	5.96
-17.20	6.59
-17.04	7.31
-17.02	8.07
-17.05	8.57
-17.04	8.97
-17.47	9.41
-17.88	9.99
-18.05	10.32
-18.15	10.75
-18.21	11.22
-18.33	11.45
-18.63	11.51
-18.81	11.74
-19.23	12.10
-19.41	12.25
-19.78	12.58
-20.00	12.87
-20.20	13.10
-20.35	13.20
-20.64	13.26
-20.82	13.50
-20.94	13.72
-21.01	13.85
-21.16	13.84
-21.37	13.67
-21.65	13.38
-21.76	13.46
-21.74	13.47
-21.73	13.48
-21.80	13.40
-22.04	13.38
-22.28	13.28
-22.43	13.01
-22.37	12.83
-22.16	12.61
-21.74	12.51
-21.19	12.50
-20.81	12.54
-20.49	12.51
-20.28	12.43
-20.05	12.30
-19.67	12.12
-19.42	12.09
-19.16	12.07
-18.84	11.98
-18.39	11.98
-18.28	11.91
-18.05	11.83
-17.86	11.77
-17.71	11.71
-17.62	11.70
-17.52	11.51
-17.42	11.42
-17.25	11.31
-17.16	11.09
-16.99	10.94
-16.83	10.82
-16.66	10.81
-16.52	10.83
-16.25	10.74
-16.22	10.79
-16.24	10.81
-16.36	10.95
-16.47	10.95
-16.64	11.08
-16.74	11.20
-16.91	11.28
-17.25	11.46
-17.76	11.51
-18.21	11.55
-18.65	11.40
-18.66	11.52
-18.54	11.57
-18.18	11.60
-17.86	11.58
-17.55	11.52
-17.35	11.37
-17.00	11.30
-16.57	11.05
-16.11	10.97
-15.67	10.79
-15.24	10.47
-14.72	10.33
-14.31	9.97
-13.91	9.59
-13.38	9.11
-12.97	8.68
-12.59	8.20
-12.39	7.80
-12.23	7.43
-12.13	7.12
-12.25	6.86
-12.17	6.47
-12.24	6.51
-12.07	6.59
-11.47	6.34
-10.66	5.95
-9.94	5.66
-9.50	5.39
-9.14	5.17
-8.74	5.05
-8.38	5.04
-8.12	5.01
-7.94	4.91
-7.63	4.86
-7.36	4.77
-6.98	4.58
-6.38	4.41
-5.48	3.86
-4.67	3.09
-3.39	2.47
-2.10	2.09
-1.26	1.80
-0.67	1.51
-0.37	1.35
-0.37	1.12
-0.42	1.15
-0.47	1.20
-0.39	1.38
-0.16	1.37
