-84.42	-3.42
-84.60	-3.49
-84.60	-3.49
-84.51	-3.50
-84.51	-3.50
-84.57	-3.40
-84.57	-3.40
-84.70	-3.53
-84.65	-3.54
-84.63	-3.46
-84.63	-3.50
-84.61	-3.34
-84.60	-3.43
-84.63	-3.46
-84.72	-3.56
-84.65	-3.64
-84.55	-3.83
-84.50	-3.91
-84.37	-4.19
-84.07	-4.42
-83.73	-4.80
-83.46	-5.10
-83.11	-5.34
-82.82	-5.73
-82.33	-6.22
-81.76	-6.88
-80.92	-7.83
-80.13	-8.73
-79.31	-9.48
-78.67	-10.02
-78.20	-10.59
-77.94	-11.26
-77.65	-11.82
-77.26	-12.38
-76.93	-12.83
-76.64	-13.37
-76.42	-13.75
-76.08	-14.13
-75.79	-14.58
-75.54	-14.83
-75.40	-15.11
-75.15	-15.35
-74.93	-15.46
-74.74	-15.51
-74.46	-15.48
-74.32	-15.58
-74.20	-15.69
-73.96	-15.73
-73.89	-15.82
-73.79	-15.85
-73.51	-15.93
-73.58	-16.08
-73.57	-16.11
-73.54	-16.24
-73.35	-16.21
-73.14	-16.30
-72.73	-16.34
-72.41	-16.18
-71.90	-16.14
-71.68	-16.11
-71.29	-15.90
-71.10	-15.73
-70.83	-15.63
-70.55	-15.40
-70.29	-15.11
-69.85	-14.63
-69.41	-14.22
-68.95	-13.86
-68.63	-13.48
-68.30	-13.21
-67.90	-12.83
-67.45	-12.42
-66.78	-12.07
-66.21	-11.63
-65.62	-11.27
-65.02	-10.87
-64.56	-10.43
-64.29	-9.99
-63.91	-9.62
-63.79	-9.19
-63.60	-8.81
-63.20	-8.35
-62.67	-8.08
-62.29	-7.83
-61.86	-7.56
-61.47	-7.38
-61.07	-6.75
-61.07	-6.75
-60.13	-5.97
-60.13	-5.97
-58.47	-5.63
-58.47	-5.63
-56.26	-5.34
-56.26	-5.34
-54.58	-4.64
-54.58	-4.64
-53.29	-4.67
-53.29	-4.67
-51.94	-5.04
-51.94	-5.04
-50.72	-5.31
-50.72	-5.31
-49.39	-4.95
-49.39	-4.95
-48.12	-4.40
-48.12	-4.40
-46.99	-3.71
-46.99	-3.71
-45.80	-3.27
-45.80	-3.27
-44.35	-3.14
-44.35	-3.14
-42.54	-3.18
-42.54	-3.18
-40.98	-3.14
-40.55	-3.11
-39.91	-3.02
-39.43	-2.97
-38.95	-2.91
-38.49	-2.76
-38.19	-2.66
-37.85	-2.52
-37.61	-2.34
-37.37	-2.31
-37.18	-2.28
-37.10	-1.90
-37.10	-1.90
-36.85	-1.59
-36.85	-1.59
-36.71	-1.49
-36.83	-1.44
-36.88	-1.59
-36.88	-1.59
-36.88	-1.72
-36.88	-1.72
-36.72	-2.07
-36.72	-2.07
-36.41	-2.29
-36.41	-2.29
-36.29	-2.62
-36.29	-2.62
-36.69	-2.81
-36.69	-2.81
-37.29	-2.94
-37.29	-2.94
-38.21	-2.98
-38.21	-2.98
-39.32	-3.44
-39.32	-3.44
-40.33	-3.66
-40.83	-3.86
-41.55	-3.93
-42.39	-4.29
-43.67	-4.68
-43.67	-4.68
-45.00	-5.19
-45.00	-5.19
-46.16	-5.81
-46.16	-5.81
-47.38	-6.18
-47.38	-6.18
-49.27	-6.72
-49.27	-6.72
-50.03	-6.98
-50.03	-6.98
-51.17	-7.34
-52.24	-8.03
-52.24	-8.03
-54.21	-8.94
-54.21	-8.94
-56.42	-9.40
-57.52	-9.67
-59.15	-10.19
-59.15	-10.19
-60.49	-10.56
-60.49	-10.56
-61.61	-10.83
-61.61	-10.83
-62.83	-11.27
-62.83	-11.27
-63.54	-11.69
-63.54	-11.69
-64.09	-11.87
-64.05	-12.18
-64.05	-12.18
-64.67	-12.74
-64.67	-12.74
-66.26	-13.58
-68.16	-14.60
-68.16	-14.60
-71.07	-15.54
-71.07	-15.54
-73.88	-16.28
-73.88	-16.28
-77.77	-16.92
-77.77	-16.92
-80.27	-17.25
-80.27	-17.25
-81.70	-17.54
-82.47	-17.62
-82.47	-17.62
-83.69	-17.59
-83.69	-17.59
-84.99	-17.41
-84.99	-17.41
-86.96	-17.93
-86.96	-17.93
-88.86	-18.18
-88.86	-18.18
-90.81	-18.42
-92.67	-18.54
-92.67	-18.54
-95.55	-18.65
-95.55	-18.65
-98.07	-18.40
-98.07	-18.40
-99.08	-17.98
-99.98	-17.76
-99.98	-17.76
-100.89	-17.82
-101.63	-18.09
-101.63	-18.09
-102.51	-18.36
-103.13	-18.61
-103.13	-18.61
-104.06	-18.67
-104.66	-19.05
-104.66	-19.05
-105.48	-19.84
-105.92	-21.33
-105.92	-21.33
-107.06	-22.49
-107.06	-22.49
-108.11	-22.97
-108.41	-23.09
-108.41	-23.09
-109.23	-23.43
-109.23	-23.43
-110.39	-25.53
-110.39	-25.53
-111.31	-25.81
-111.87	-25.80
-111.87	-25.80
-112.32	-25.86
-112.32	-25.86
-112.91	-25.77
-113.30	-25.78
-113.30	-25.78
-113.70	-25.67
-113.70	-25.67
-114.33	-25.89
-114.73	-25.87
-114.73	-25.87
-114.94	-25.73
-114.94	-25.73
-115.28	-25.41
-115.28	-25.41
-115.30	-25.37
-115.30	-25.37
-115.46	-25.72
-115.46	-25.72
-115.90	-25.96
-115.90	-25.96
-116.16	-26.34
-116.16	-26.34
-116.13	-26.36
-116.12	-26.17
-116.12	-26.17
-116.09	-26.09
-116.09	-26.09
-115.83	-25.98
-115.83	-25.98
-115.71	-25.60
-115.71	-25.60
-115.28	-25.18
-115.18	-25.08
-115.18	-25.08
-114.48	-24.27
-114.48	-24.27
-113.75	-23.06
-113.75	-23.06
-113.12	-21.39
-112.20	-19.32
-112.20	-19.32
-110.81	-16.57
-110.81	-16.57
-108.45	-13.24
-108.45	-13.24
-106.49	-11.26
-106.49	-11.26
-104.14	-8.89
-104.14	-8.89
-101.96	-8.34
-101.96	-8.34
-99.78	-6.11
-99.78	-6.11
-98.15	-4.62
-98.15	-4.62
-94.53	-3.02
-92.60	-1.82
-90.23	0.07
-90.23	0.07
-87.51	2.87
-87.51	2.87
-85.24	5.85
-85.24	5.85
-82.79	6.87
-82.79	6.87
-78.25	8.60
-78.25	8.60
-76.11	10.12
-75.64	10.80
-75.24	10.93
-75.24	10.93
-74.96	12.14
-74.24	12.09
-74.24	12.09
-72.61	12.72
-71.56	13.62
-71.56	13.62
-69.64	14.03
-68.37	14.37
-66.25	14.35
-66.25	14.35
-63.90	14.02
-61.24	13.19
-61.24	13.19
-58.99	13.20
-57.65	12.80
-57.65	12.80
-56.72	11.43
-56.72	11.43
-55.76	9.02
-55.76	9.02
-55.21	6.94
-55.21	6.94
-54.36	7.21
-54.36	7.21
-52.75	7.61
-51.90	5.99
-51.90	5.99
-53.43	3.48
-53.43	3.48
-56.97	3.62
-56.97	3.62
-61.02	0.60
-61.02	0.60
-64.44	0.25
-65.01	1.10
-65.61	0.24
-65.61	0.24
-67.21	-2.24
-67.21	-2.24
-68.39	-2.44
-68.39	-2.44
-67.83	-3.10
-66.35	-3.37
-66.35	-3.37
-65.07	-2.39
-64.64	-2.92
-64.64	-2.92
-63.65	-4.80
-63.59	-4.78
-63.59	-4.78
-64.50	-3.27
-65.09	-3.62
-65.09	-3.62
-64.10	-4.98
-62.34	-6.27
-62.34	-6.27
-60.62	-5.19
-59.53	-4.08
-59.53	-4.08
-58.16	-4.39
-57.47	-5.29
-56.36	-4.90
-56.36	-4.90
-54.87	-4.86
-54.87	-4.86
-53.56	-5.85
-53.56	-5.85
-52.09	-6.91
-52.09	-6.91
-48.35	-5.87
-48.35	-5.87
-44.06	-4.82
-44.06	-4.82
-42.10	-5.89
-42.10	-5.89
-41.94	-5.22
-41.94	-5.22
-42.42	-5.07
-42.42	-5.07
-42.84	-5.77
-42.84	-5.77
-41.79	-4.80
-41.79	-4.80
-36.59	-4.49
-36.59	-4.49
-27.48	-4.28
-27.48	-4.28
-20.10	-4.67
-20.10	-4.67
-17.48	-4.85
-17.48	-4.85
-17.59	-4.74
-17.59	-4.74
-17.56	-4.89
-17.56	-4.89
-16.23	-4.90
-16.23	-4.90
-15.23	-5.98
-15.23	-5.98
-15.55	-6.49
-15.55	-6.49
-15.76	-6.12
-15.76	-6.12
-14.58	-6.33
-14.58	-6.33
-15.12	-6.03
-15.12	-6.03
-16.05	-6.72
-16.20	-6.85
-16.20	-6.85
-16.39	-7.00
-16.39	-7.00
-16.49	-7.26
-16.49	-7.26
-16.80	-7.44
-16.80	-7.44
-17.45	-7.49
-17.45	-7.49
-18.07	-7.53
-18.07	-7.53
-18.99	-7.68
-18.99	-7.68
-19.73	-7.89
-20.20	-8.34
-20.20	-8.34
-20.72	-8.61
-20.72	-8.61
-21.57	-9.02
-21.57	-9.02
-22.16	-9.30
-22.16	-9.30
-23.75	-9.57
-23.75	-9.57
-25.25	-9.71
-25.25	-9.71
-26.87	-10.46
-26.87	-10.46
-29.04	-11.62
-29.04	-11.62
-31.38	-12.34
-31.78	-12.67
-32.11	-12.87
-32.11	-12.87
-33.41	-13.75
-33.41	-13.75
-34.48	-14.21
-34.48	-14.21
-35.72	-14.20
-35.72	-14.20
-37.36	-14.49
-37.36	-14.49
-40.28	-14.95
-40.28	-14.95
-43.94	-15.42
-43.94	-15.42
-48.71	-16.52
-48.71	-16.52
-52.30	-16.76
-52.30	-16.76
-55.28	-16.46
-57.00	-15.98
-57.00	-15.98
-59.50	-15.18
-59.50	-15.18
-61.35	-14.34
-61.35	-14.34
-63.45	-13.20
-63.45	-13.20
-65.72	-12.10
-65.72	-12.10
-67.98	-10.97
-69.43	-10.14
-69.43	-10.14
-71.41	-8.70
-71.41	-8.70
-73.15	-6.98
-73.15	-6.98
-74.95	-5.46
-74.95	-5.46
-76.62	-4.15
-76.62	-4.15
-77.99	-2.71
-78.95	-2.10
-80.61	-1.09
-80.61	-1.09
-82.47	0.07
-82.47	0.07
-84.40	1.11
-85.92	1.62
-85.92	1.62
-88.10	1.97
-88.10	1.97
-90.73	1.91
-93.00	1.38
-93.00	1.38
-96.00	0.82
-96.00	0.82
-99.58	0.20
-99.58	0.20
-101.90	-0.17
-101.90	-0.17
-104.30	-0.41
-104.30	-0.41
-107.16	-0.38
-107.73	-0.27
-107.97	-0.39
-107.97	-0.39
-109.01	-0.83
-109.01	-0.83
-110.42	-1.46
-110.88	-1.61
-110.88	-1.61
-112.64	-2.54
-112.64	-2.54
-115.27	-3.22
-115.27	-3.22
-117.03	-3.78
-117.88	-4.18
-119.26	-4.94
-119.26	-4.94
-121.06	-5.88
-121.06	-5.88
-122.82	-7.23
-123.92	-8.08
-123.92	-8.08
-125.65	-9.15
-125.65	-9.15
-127.69	-10.47
-127.69	-10.47
-129.56	-11.07
-129.56	-11.07
-131.53	-12.49
-131.53	-12.49
-133.37	-13.72
-134.29	-14.41
-134.29	-14.41
-136.51	-15.47
-136.51	-15.47
-138.07	-15.95
-138.68	-16.11
-140.03	-16.41
-140.03	-16.41
-141.39	-16.71
-141.39	-16.71
-143.97	-16.99
-143.97	-16.99
-146.23	-16.91
-146.23	-16.91
-148.49	-16.78
-149.82	-16.57
-149.82	-16.57
-151.50	-16.25
-151.50	-16.25
-153.69	-16.04
-153.69	-16.04
-155.77	-15.95
-155.77	-15.95
-157.29	-15.96
-158.11	-15.84
-158.11	-15.84
-159.22	-15.75
-159.22	-15.75
-160.63	-15.38
-161.53	-15.33
-161.53	-15.33
-162.75	-15.42
-162.75	-15.42
-164.05	-15.60
-165.42	-15.49
-165.42	-15.49
-168.02	-15.61
-168.02	-15.61
-170.84	-15.71
-170.84	-15.71
-173.48	-16.01
-173.48	-16.01
-175.76	-15.97
-175.76	-15.97
-178.01	-15.74
-178.54	-15.72
-178.54	-15.72
-179.04	-15.46
-179.04	-15.46
-179.21	-15.30
-179.32	-15.26
-179.32	-15.26
-179.16	-15.31
-179.16	-15.31
-178.81	-15.37
-178.72	-15.36
-178.72	-15.36
-178.64	-15.16
-178.47	-14.99
-178.47	-14.99
-178.21	-14.63
-178.14	-14.68
-178.14	-14.68
-178.03	-14.60
-177.79	-14.50
-177.79	-14.50
-177.22	-14.80
-176.57	-14.64
-176.57	-14.64
-176.02	-14.73
-175.49	-14.76
-175.49	-14.76
-174.79	-14.83
-174.79	-14.83
-174.12	-14.95
-174.12	-14.95
-173.71	-14.75
-173.49	-14.73
-173.49	-14.73
-173.40	-14.58
-173.38	-14.56
-173.38	-14.56
-173.24	-14.37
-173.24	-14.37
-172.91	-14.24
-172.91	-14.24
-172.49	-14.02
-172.49	-14.02
-171.72	-13.36
-171.72	-13.36
-170.82	-12.99
-170.23	-12.85
-169.48	-12.47
-169.48	-12.47
-167.78	-11.54
-166.36	-11.00
-166.36	-11.00
-164.82	-10.52
-164.82	-10.52
-163.26	-9.69
-163.26	-9.69
-162.42	-9.17
-161.67	-8.90
-161.67	-8.90
-161.05	-8.63
-161.05	-8.63
-160.48	-8.22
-160.48	-8.22
-159.91	-7.91
-159.55	-7.87
-159.55	-7.87
-158.84	-7.91
-158.36	-7.94
-158.36	-7.94
-157.27	-7.98
-157.27	-7.98
-156.57	-7.81
-156.57	-7.81
-156.20	-7.77
-155.93	-7.70
-155.93	-7.70
-155.66	-7.70
-155.53	-7.78
-155.53	-7.78
-155.34	-7.77
-155.34	-7.77
-154.98	-7.76
-154.98	-7.76
-154.83	-8.14
-154.83	-8.14
-154.34	-8.34
-154.34	-8.34
-153.98	-8.59
-153.98	-8.59
-153.57	-8.80
-153.57	-8.80
-152.87	-8.96
-152.87	-8.96
-152.37	-9.24
-152.37	-9.24
-152.23	-9.52
-152.23	-9.52
-152.13	-9.90
-152.13	-9.90
-151.84	-10.59
-151.84	-10.59
-151.51	-11.49
-151.51	-11.49
-150.96	-12.12
-150.96	-12.12
-150.11	-12.92
-150.11	-12.92
-148.97	-14.63
-148.97	-14.63
-147.40	-17.05
-147.40	-17.05
-145.70	-19.28
-145.70	-19.28
-144.62	-20.98
-144.62	-20.98
-144.10	-22.43
-144.10	-22.43
-144.46	-23.52
-144.46	-23.52
-144.68	-23.98
-144.68	-23.98
-144.91	-24.64
-144.91	-24.64
-144.89	-25.28
-144.89	-25.28
-144.62	-25.36
-144.62	-25.36
-144.45	-25.61
-144.45	-25.61
-144.41	-25.73
-144.41	-25.73
-144.63	-25.94
-144.63	-25.94
-144.90	-26.10
-144.90	-26.10
-145.73	-26.64
-145.73	-26.64
-150.10	-28.22
-150.10	-28.22
-155.64	-31.41
-155.64	-31.41
-160.34	-32.98
-160.34	-32.98
-162.52	-34.39
-162.52	-34.39
-163.36	-35.16
-163.36	-35.16
-164.14	-35.97
-164.14	-35.97
-165.03	-36.36
-165.03	-36.36
-165.43	-36.38
-165.43	-36.38
-165.39	-36.34
-165.39	-36.34
-165.38	-36.20
-165.38	-36.20
-165.81	-36.20
-165.81	-36.20
-166.37	-35.90
-166.60	-35.54
-166.60	-35.54
-167.38	-34.45
-167.38	-34.45
-168.82	-33.01
-170.70	-31.44
-170.70	-31.44
-173.64	-28.96
-176.25	-26.50
-176.25	-26.50
179.58	-23.41
179.58	-23.41
177.29	-21.57
175.91	-20.33
175.91	-20.33
175.60	-19.33
175.60	-19.33
175.46	-18.36
175.46	-18.36
175.67	-17.80
175.86	-17.65
175.86	-17.65
176.54	-17.24
176.54	-17.24
177.20	-17.02
177.57	-17.03
177.57	-17.03
178.11	-17.03
178.11	-17.03
178.52	-17.06
178.99	-17.08
178.99	-17.08
179.50	-17.12
179.50	-17.12
179.71	-17.06
179.94	-16.87
179.94	-16.87
-179.83	-16.97
-179.56	-17.07
-179.56	-17.07
-179.10	-17.08
-178.57	-17.06
-178.57	-17.06
-177.90	-17.11
-177.90	-17.11
-176.91	-17.16
-176.91	-17.16
-175.38	-17.38
-175.38	-17.38
-173.21	-17.63
-173.21	-17.63
-169.77	-18.30
-169.77	-18.30
-165.35	-19.04
-165.35	-19.04
-160.91	-19.43
-160.91	-19.43
-156.37	-19.96
-156.37	-19.96
-151.60	-20.79
-151.60	-20.79
-148.19	-21.19
-145.72	-21.42
-145.72	-21.42
-142.21	-21.70
-142.21	-21.70
-139.01	-22.04
-139.01	-22.04
-136.11	-22.45
-136.11	-22.45
-133.53	-22.71
-131.51	-22.98
-131.51	-22.98
-128.76	-23.24
-128.76	-23.24
-126.72	-23.83
-126.72	-23.83
-125.04	-24.39
-125.04	-24.39
-123.46	-25.03
-123.46	-25.03
-121.79	-25.73
-121.79	-25.73
-119.85	-27.00
-119.85	-27.00
-118.15	-28.60
-117.08	-29.32
-117.08	-29.32
-116.11	-30.58
-115.56	-31.27
-115.56	-31.27
-114.81	-32.11
-114.55	-32.67
-114.55	-32.67
-114.40	-33.20
-114.66	-33.73
-114.66	-33.73
-115.32	-34.58
-115.85	-35.55
-115.85	-35.55
-116.66	-37.89
-117.13	-39.20
-117.13	-39.20
-117.67	-41.84
-117.67	-41.84
-117.82	-43.89
-117.82	-43.89
-117.60	-45.44
-117.60	-45.44
-117.61	-46.05
-117.61	-46.05
-117.76	-46.69
-117.76	-46.69
-117.67	-46.53
-117.67	-46.53
-117.92	-46.12
-117.92	-46.12
-118.06	-45.99
-118.06	-45.99
-117.76	-45.74
-117.76	-45.74
-117.34	-45.68
-117.34	-45.68
-117.45	-45.42
-117.45	-45.42
-117.45	-45.57
-117.45	-45.57
-117.24	-45.89
-117.24	-45.89
-116.55	-45.96
-116.55	-45.96
-115.95	-46.01
-115.95	-46.01
-115.18	-46.03
-115.18	-46.03
-113.55	-46.23
-113.55	-46.23
-110.96	-46.99
-110.96	-46.99
-105.25	-49.04
-105.25	-49.04
-100.60	-50.04
-100.60	-50.04
-97.51	-50.56
-97.51	-50.56
-96.12	-50.94
-96.12	-50.94
-95.15	-50.99
-95.15	-50.99
-94.24	-51.14
-93.32	-51.18
-93.32	-51.18
-92.29	-50.97
-92.29	-50.97
-91.12	-51.30
-91.12	-51.30
-90.43	-51.25
-90.43	-51.25
-89.37	-50.76
-89.37	-50.76
-86.63	-50.26
-86.63	-50.26
-84.05	-49.81
-84.05	-49.81
-81.41	-49.27
-81.41	-49.27
-79.14	-48.80
-79.14	-48.80
-77.68	-48.48
-77.68	-48.48
-76.78	-48.25
-76.22	-48.05
-76.22	-48.05
-75.17	-47.24
-74.33	-46.29
-74.33	-46.29
-73.20	-45.63
-72.64	-45.22
-72.64	-45.22
-72.08	-44.89
-71.92	-44.57
-71.92	-44.57
-72.05	-43.98
-72.05	-43.98
-72.08	-43.55
-71.90	-43.34
-71.90	-43.34
-71.45	-43.21
-71.16	-43.07
-71.16	-43.07
-71.22	-42.98
-71.39	-42.91
-71.39	-42.91
-71.61	-42.97
-71.61	-42.97
-71.86	-43.05
-72.07	-43.17
-72.07	-43.17
-72.84	-43.29
-73.18	-43.40
-73.18	-43.40
-73.77	-43.36
-73.77	-43.36
-74.43	-43.25
-74.89	-43.28
-74.89	-43.28
-75.52	-43.18
-75.74	-43.15
-75.74	-43.15
-76.53	-43.22
-77.43	-43.13
-77.43	-43.13
-78.55	-43.09
-79.06	-43.01
-79.06	-43.01
-79.89	-42.81
-80.43	-42.71
-80.43	-42.71
-81.06	-42.59
-81.71	-42.44
-81.71	-42.44
-82.56	-42.25
-83.00	-42.09
-83.00	-42.09
-84.20	-41.98
-85.33	-41.77
-85.33	-41.77
-87.02	-41.72
-87.02	-41.72
-88.88	-41.75
-88.88	-41.75
-90.88	-42.00
-90.88	-42.00
-93.01	-42.05
-94.58	-41.88
-94.58	-41.88
-97.17	-41.79
-99.19	-41.56
-99.19	-41.56
-101.61	-41.59
-102.67	-41.51
-102.67	-41.51
-103.63	-41.37
-103.88	-41.39
-103.88	-41.39
-104.12	-41.31
-103.92	-41.23
-103.92	-41.23
-104.11	-41.24
-104.11	-41.24
-104.32	-41.06
-104.32	-41.06
-104.67	-40.87
-104.67	-40.87
-105.58	-40.58
-105.58	-40.58
-106.13	-39.91
-106.13	-39.91
-104.43	-37.30
-104.43	-37.30
-102.45	-33.80
-102.45	-33.80
-100.71	-30.66
-100.71	-30.66
-99.78	-28.71
-99.45	-27.95
-99.00	-27.40
-99.00	-27.40
-97.90	-25.92
-97.90	-25.92
-96.49	-24.02
-95.83	-23.35
-94.91	-22.23
-94.91	-22.23
-94.61	-20.49
-94.61	-20.49
-94.94	-19.56
-94.94	-19.56
-95.15	-19.04
-95.15	-19.04
-95.46	-18.38
-95.68	-17.88
-96.18	-17.09
-96.18	-17.09
-96.64	-16.81
-97.11	-16.47
-97.39	-16.54
-97.39	-16.54
-97.79	-17.07
-97.56	-17.96
-97.45	-18.49
-97.11	-19.13
-97.11	-19.13
-96.15	-19.72
-96.15	-19.72
-95.81	-19.89
-95.37	-20.16
-94.93	-20.52
-94.08	-21.08
-94.08	-21.08
-92.36	-22.39
-91.18	-22.99
-89.08	-24.21
-89.08	-24.21
-85.68	-26.05
-83.34	-27.77
-83.34	-27.77
-80.60	-28.99
-79.42	-29.74
-78.22	-30.36
-76.85	-30.40
-76.85	-30.40
-75.20	-31.33
-75.20	-31.33
-73.82	-32.64
-73.04	-33.22
-71.99	-34.29
-71.99	-34.29
-71.16	-35.35
-70.96	-35.48
-70.99	-35.92
-70.72	-37.39
-70.72	-37.39
-69.42	-39.25
-67.90	-39.92
-65.28	-40.16
-65.28	-40.16
-61.31	-39.87
-57.45	-39.51
-57.45	-39.51
-52.82	-39.01
-48.97	-38.62
-48.97	-38.62
-45.17	-38.51
-45.17	-38.51
-43.05	-38.15
-42.70	-37.98
-42.76	-37.20
-42.76	-37.20
-42.30	-36.30
-42.30	-36.30
-41.47	-35.41
-41.47	-35.41
-40.73	-35.62
-40.73	-35.62
-40.36	-35.63
-40.36	-35.63
-38.97	-35.70
-37.76	-35.73
-35.53	-35.92
-35.53	-35.92
-32.86	-36.59
-31.76	-36.94
-30.27	-37.05
-29.62	-36.94
-28.86	-37.05
-28.86	-37.05
-27.61	-36.82
-27.61	-36.82
-26.90	-36.52
-26.05	-36.23
-25.59	-36.33
-24.80	-36.51
-24.05	-36.80
-24.05	-36.80
-21.76	-37.35
-20.46	-37.65
-20.46	-37.65
-19.40	-38.68
-18.39	-39.78
-18.39	-39.78
-12.42	-40.84
-12.42	-40.84
-8.50	-41.35
-8.50	-41.35
-6.44	-41.82
-5.60	-42.27
-4.99	-42.84
-4.99	-42.84
-4.75	-43.66
-5.13	-44.12
-5.38	-44.60
-5.38	-44.60
-5.01	-45.35
-4.89	-45.74
-4.75	-46.57
-4.75	-46.57
-4.74	-47.04
-4.74	-47.04
-4.71	-47.83
-4.71	-47.83
-5.21	-48.60
-5.21	-48.60
-5.74	-49.52
-6.28	-50.67
-6.28	-50.67
-7.54	-51.88
-7.61	-52.34
-6.91	-52.57
-6.39	-52.60
-6.10	-52.36
-5.72	-52.17
-5.72	-51.77
-5.68	-51.16
-5.21	-50.60
-4.94	-50.07
-4.94	-50.07
-4.71	-49.68
-4.71	-49.68
-4.84	-49.86
-4.84	-49.86
-5.14	-50.00
-4.99	-49.91
-4.94	-49.69
-4.88	-49.48
-4.71	-49.10
-4.71	-49.10
-4.41	-48.51
-4.41	-48.51
-3.05	-47.46
-3.05	-47.46
1.48	-45.21
4.11	-43.86
7.68	-41.38
7.68	-41.38
10.44	-39.12
11.56	-36.97
11.56	-36.97
11.46	-35.91
10.50	-35.34
10.50	-35.34
9.37	-34.89
9.37	-34.89
9.29	-34.01
9.80	-33.19
9.80	-33.19
11.61	-31.73
11.61	-31.73
12.18	-30.93
12.32	-30.32
12.32	-30.32
11.73	-29.35
11.73	-29.35
11.47	-28.99
11.34	-29.01
11.03	-28.96
10.76	-29.08
10.40	-29.16
10.51	-29.15
10.61	-29.08
10.71	-28.99
10.84	-28.97
10.76	-28.85
10.76	-28.85
10.36	-28.88
10.36	-28.88
10.53	-28.93
10.94	-29.00
10.94	-29.00
12.12	-29.33
13.43	-29.29
17.13	-29.33
17.13	-29.33
21.63	-29.36
21.63	-29.36
22.54	-29.57
22.52	-29.86
22.40	-29.62
22.67	-29.57
23.02	-29.64
23.02	-29.64
23.32	-30.18
23.49	-30.39
23.64	-30.65
23.71	-31.16
23.71	-31.16
23.74	-31.59
23.68	-31.56
23.70	-31.55
23.70	-31.55
23.62	-31.32
23.62	-31.32
23.13	-31.21
22.84	-31.13
22.62	-31.14
22.35	-30.91
22.24	-30.95
21.98	-30.86
21.51	-30.72
21.51	-30.72
21.15	-30.60
20.99	-30.46
20.91	-30.30
20.91	-30.30
20.83	-30.03
20.64	-29.92
20.52	-29.78
20.28	-29.71
20.28	-29.71
20.51	-29.53
20.48	-29.50
20.28	-29.35
20.28	-29.35
19.98	-28.91
19.63	-28.60
19.63	-28.60
18.81	-27.96
18.23	-27.31
18.23	-27.31
17.60	-26.74
17.48	-26.82
17.48	-26.82
17.69	-26.90
18.09	-26.90
18.49	-26.84
18.68	-26.90
18.82	-26.65
18.80	-26.54
18.79	-26.65
18.68	-26.63
18.86	-26.65
19.02	-26.74
19.16	-26.88
19.35	-26.84
19.51	-27.08
20.34	-26.87
20.64	-26.90
20.38	-27.04
19.72	-27.32
19.60	-27.26
19.64	-27.13
20.05	-27.13
19.90	-27.09
19.67	-27.22
19.52	-27.28
19.58	-27.22
19.51	-27.08
19.22	-26.88
18.77	-26.77
18.54	-26.64
18.28	-26.54
18.16	-26.40
17.93	-26.34
17.72	-26.24
17.09	-26.28
16.70	-26.32
16.70	-26.32
16.11	-26.28
16.11	-26.28
15.61	-26.29
14.59	-26.18
14.59	-26.18
13.43	-26.31
12.24	-26.18
12.24	-26.18
10.85	-26.20
9.84	-26.03
9.84	-26.03
8.32	-25.61
5.76	-24.63
4.47	-23.89
3.14	-22.98
0.90	-21.85
0.90	-21.85
-1.95	-20.56
-2.99	-19.94
-2.99	-19.94
-3.32	-19.30
-3.32	-19.30
-3.72	-18.83
-4.06	-18.43
-4.06	-18.43
-4.92	-17.58
-5.74	-16.92
-5.74	-16.92
-7.30	-14.60
-7.30	-14.60
-8.75	-12.98
-8.75	-12.98
-9.91	-10.83
-11.26	-7.99
-11.26	-7.99
-13.67	-2.81
-15.46	-0.04
-15.46	-0.04
-17.34	3.43
-17.34	3.43
-18.55	5.56
-19.59	6.48
-19.59	6.48
-20.82	7.78
-20.82	7.78
-21.92	9.22
-21.92	9.22
-22.73	10.24
-23.11	11.09
-23.61	11.80
-24.02	12.53
-24.60	12.88
-25.06	13.22
-25.43	13.80
-25.95	14.26
-26.31	14.60
-26.31	14.60
-26.59	14.58
-26.59	14.58
-26.57	14.78
-26.57	14.78
-26.80	15.08
-26.80	15.08
-27.05	15.30
-27.05	15.30
-27.32	15.67
-27.32	15.67
-27.54	15.83
-27.73	15.92
-27.73	15.92
-27.83	16.04
-27.93	16.18
-27.93	16.18
-28.63	16.75
-29.40	17.46
-30.79	18.67
-30.79	18.67
-33.90	21.08
-36.77	22.19
-36.77	22.19
-40.62	23.51
-44.27	24.30
-44.27	24.30
-51.97	25.17
-51.97	25.17
-56.13	26.36
-58.63	27.38
-58.63	27.38
-61.59	29.29
-61.59	29.29
-64.00	30.44
-65.69	31.31
-65.69	31.31
-68.39	32.04
-71.27	32.42
-71.27	32.42
-74.00	32.88
-76.35	32.86
-78.68	32.90
-80.84	32.97
-84.48	32.92
-87.21	32.75
-89.74	32.62
-93.29	32.88
-95.79	33.43
-98.11	34.12
-100.93	34.74
-102.38	35.07
-103.96	35.41
-106.16	36.07
-107.18	36.51
-108.06	36.91
-109.34	37.39
-110.15	37.50
-111.21	38.05
-112.35	38.42
-112.95	38.81
-113.66	39.09
-115.09	39.72
-116.13	40.12
-117.96	40.87
-117.96	40.87
-120.84	42.33
-120.84	42.33
-122.51	43.57
-123.52	44.37
-123.52	44.37
-125.00	45.50
-126.10	46.45
-126.10	46.45
-128.95	47.73
-129.79	47.96
-129.79	47.96
-131.23	48.21
-131.87	48.49
-131.87	48.49
-132.48	48.50
-132.48	48.50
-133.64	48.10
-133.64	48.10
-133.58	48.03
-133.47	47.80
-133.47	47.80
-133.22	47.44
-133.22	47.44
-132.67	47.17
-132.70	47.02
-132.53	46.78
-132.53	46.56
-132.32	46.13
-132.18	45.80
-131.64	45.29
-131.61	44.58
-131.61	44.58
-130.68	42.52
-130.68	42.52
-131.10	38.28
-131.10	38.28
-133.42	32.91
-133.42	32.91
-135.67	29.06
-137.44	25.75
-138.61	23.80
-139.67	21.98
-141.06	19.00
-141.06	19.00
-142.32	13.26
-142.32	13.26
-142.81	8.06
-142.81	8.06
-143.38	4.21
-143.38	4.21
-144.87	-2.35
-144.87	-2.35
-145.65	-7.79
-146.36	-10.18
-147.29	-12.68
-147.82	-15.04
-147.82	-15.04
-147.47	-16.96
-147.47	-16.96
-147.80	-18.97
-147.99	-20.28
-148.38	-22.71
-148.38	-22.71
-147.71	-24.32
-147.71	-24.32
-147.87	-24.50
-147.83	-24.65
-148.30	-25.14
-148.43	-25.38
-149.01	-25.59
-149.69	-25.91
-150.57	-26.38
-151.83	-26.91
-153.97	-27.38
-156.79	-27.60
-157.97	-27.76
-159.90	-27.68
-161.44	-27.52
-161.44	-27.52
-162.14	-27.32
-162.14	-27.32
-161.70	-27.25
-161.61	-27.34
-161.35	-27.34
-161.00	-27.47
-160.15	-27.26
-160.15	-27.26
-159.10	-26.98
-158.88	-26.88
-158.09	-26.48
-156.58	-25.77
-154.51	-24.79
-154.51	-24.79
-150.49	-22.97
-147.92	-21.59
-146.05	-20.21
-142.54	-17.18
-139.42	-14.82
-135.98	-12.05
-132.44	-8.32
-132.44	-8.32
-127.11	-1.50
-124.68	2.91
-124.68	2.91
-121.23	9.76
-119.68	12.84
-119.68	12.84
-117.69	17.75
-116.61	19.68
-116.06	20.58
-114.04	22.53
-114.04	22.53
-111.23	24.25
-108.58	25.07
-106.77	25.53
-102.86	26.13
-98.91	26.50
-96.64	27.05
-92.54	28.35
-90.95	29.19
-88.68	30.48
-87.40	31.85
-87.40	31.85
-86.57	34.10
-85.99	35.08
-85.49	36.22
-84.83	37.15
-84.00	38.18
-83.56	38.76
-83.14	39.10
-82.11	39.87
-82.11	39.87
-81.34	39.99
-79.92	40.37
-78.86	40.66
-77.71	40.70
-76.96	40.30
-76.96	40.30
-74.42	38.52
-71.87	36.83
-71.87	36.83
-67.32	33.41
-63.19	31.95
-63.19	31.95
-54.71	29.67
-48.94	28.15
-48.94	28.15
-37.32	24.90
-33.20	23.06
-33.20	23.06
-27.55	19.04
-25.97	16.65
-25.69	15.12
-26.41	12.25
-26.89	11.23
-27.43	8.95
-27.41	7.22
-26.75	5.86
-26.16	3.65
-23.80	1.45
-22.85	0.73
-22.25	-0.50
-22.21	-1.88
-21.86	-3.78
-21.22	-6.87
-21.22	-6.87
-18.83	-11.23
-17.15	-14.26
-15.77	-16.09
-15.77	-16.09
-13.84	-18.58
-13.84	-18.58
-11.90	-20.13
-10.63	-20.91
-10.63	-20.91
-7.41	-21.66
-6.18	-22.76
-6.81	-23.22
-6.81	-23.22
-7.44	-23.70
-7.37	-23.90
-6.99	-23.94
-6.99	-23.94
-6.33	-24.08
-6.16	-24.13
-6.09	-24.10
-6.06	-24.35
-6.06	-24.35
-5.94	-24.48
-5.86	-24.46
-5.97	-24.60
-5.97	-24.60
-6.25	-24.52
-6.27	-24.46
-6.18	-24.48
-6.11	-24.38
-6.11	-24.38
-6.08	-24.45
-6.12	-24.56
-6.14	-24.59
-6.08	-24.59
-6.08	-24.59
-6.03	-24.68
-5.93	-24.90
-5.93	-24.90
-6.05	-25.01
-6.00	-25.07
-6.00	-25.07
-5.94	-25.16
-5.94	-25.16
-5.90	-25.66
-5.82	-26.10
-5.82	-26.10
-5.31	-28.49
-5.31	-28.49
-4.88	-30.66
-4.74	-33.01
-4.93	-34.74
-4.93	-34.74
-6.36	-38.00
-6.36	-38.00
-7.20	-38.31
-7.11	-38.52
-6.77	-38.63
-6.45	-38.86
-6.45	-38.86
-5.87	-39.27
-5.76	-39.49
-5.76	-39.49
-5.69	-39.87
-5.71	-39.88
-5.60	-40.03
-5.60	-40.03
-5.27	-39.98
-5.19	-39.99
-5.08	-39.90
-4.96	-39.82
-4.63	-39.71
-4.63	-39.71
-4.59	-39.60
-4.55	-39.62
-4.51	-39.63
-4.38	-39.48
-4.40	-39.38
-4.14	-39.33
-4.14	-39.33
-3.58	-38.97
-3.25	-38.86
-3.25	-38.86
-2.85	-38.73
-2.85	-38.73
-1.99	-38.32
-1.62	-38.27
-0.40	-38.13
-0.40	-38.13
2.23	-37.17
2.23	-37.17
9.70	-33.58
13.09	-31.92
15.68	-31.12
15.68	-31.12
16.40	-31.01
16.40	-31.01
16.00	-31.65
16.67	-31.79
17.53	-31.78
19.06	-31.71
19.06	-31.71
21.52	-31.27
21.52	-31.27
23.59	-30.20
25.68	-28.82
25.68	-28.82
28.26	-26.81
30.69	-25.38
32.27	-24.69
33.35	-24.21
34.39	-23.80
34.39	-23.80
35.11	-23.23
35.45	-22.87
35.45	-22.87
35.87	-22.42
36.10	-21.83
36.10	-21.83
36.17	-21.24
36.85	-19.44
36.85	-19.44
36.96	-18.68
36.82	-18.63
36.73	-18.56
36.73	-18.60
36.48	-18.67
36.22	-18.82
36.07	-18.98
36.07	-18.87
36.16	-18.77
36.72	-18.72
36.86	-18.65
36.82	-18.68
36.72	-18.90
36.68	-18.89
36.77	-18.71
36.76	-18.66
36.86	-18.57
36.82	-18.58
36.71	-18.80
36.67	-18.83
36.67	-18.83
36.80	-18.90
36.75	-18.88
36.75	-18.88
36.51	-18.86
36.46	-18.79
36.46	-18.79
36.36	-18.58
36.36	-18.58
36.32	-18.47
36.26	-18.19
36.35	-18.09
36.31	-17.70
36.29	-17.11
35.85	-15.32
35.30	-12.78
34.05	-8.29
33.56	-5.60
33.74	-1.91
33.74	-1.91
35.13	2.94
35.13	2.94
34.35	4.83
34.12	5.36
34.22	5.93
34.22	5.93
34.33	6.49
34.33	6.49
34.72	6.69
34.72	6.69
34.98	6.58
34.87	6.64
34.56	7.04
34.47	7.23
34.41	7.41
34.24	7.30
34.26	7.37
34.23	7.35
34.34	7.26
34.23	7.13
34.23	7.13
34.11	7.11
34.11	7.11
34.09	7.24
33.96	7.44
33.96	7.44
33.81	7.59
33.86	7.55
33.73	7.70
33.70	7.64
33.78	7.62
33.78	7.62
33.77	7.74
33.95	7.79
34.00	7.76
33.94	7.80
34.01	7.82
33.93	7.92
33.83	7.82
33.93	7.79
33.93	7.69
33.94	7.55
33.99	7.69
34.02	7.75
34.02	7.75
33.72	7.90
33.73	8.01
33.53	7.93
33.25	7.79
32.80	7.81
31.60	7.76
29.92	8.23
29.92	8.23
25.61	10.12
25.61	10.12
21.21	14.14
17.67	16.53
15.66	18.11
13.07	19.29
12.03	19.79
10.21	20.88
9.54	20.69
8.90	20.76
7.81	20.62
7.81	20.62
6.21	20.47
6.21	20.47
5.22	22.01
4.65	22.49
3.86	23.33
3.86	23.33
4.74	23.18
4.74	23.18
6.56	23.12
7.28	23.74
7.39	23.93
7.39	23.93
7.24	24.28
7.24	24.28
7.16	24.35
7.11	24.48
7.11	24.48
6.73	24.78
6.69	24.87
6.59	24.86
6.59	24.86
6.56	24.98
6.76	24.80
6.97	24.43
6.97	24.43
8.36	23.51
8.36	23.51
9.33	22.31
9.87	21.57
10.56	20.97
10.56	20.97
12.17	19.30
13.70	17.56
18.88	11.43
18.88	11.43
22.71	5.49
23.88	2.58
25.06	-0.54
25.06	-0.54
25.45	-4.73
25.45	-4.73
25.93	-8.14
25.93	-8.14
26.37	-11.77
26.37	-11.77
26.97	-14.94
26.97	-14.94
27.75	-18.54
27.75	-18.54
27.48	-20.71
27.48	-20.71
26.73	-22.78
26.73	-22.78
25.38	-25.40
25.38	-25.40
21.48	-28.72
21.48	-28.72
18.27	-31.39
17.10	-32.49
15.28	-33.44
14.21	-34.43
13.33	-34.90
12.59	-35.34
12.84	-35.66
12.84	-35.66
12.85	-35.47
12.46	-35.53
12.89	-35.55
13.59	-34.46
13.59	-34.46
12.96	-33.90
13.02	-33.18
13.02	-33.18
14.67	-33.50
14.67	-33.50
16.04	-33.39
16.04	-33.39
17.47	-32.62
17.47	-32.62
18.35	-31.47
18.35	-31.47
19.75	-30.51
22.31	-29.11
22.31	-29.11
26.54	-27.00
26.54	-27.00
27.98	-26.03
28.25	-25.43
28.32	-25.09
28.36	-24.73
28.28	-24.20
28.28	-24.20
28.70	-23.77
29.24	-23.33
29.24	-23.33
29.42	-23.00
29.29	-22.84
28.97	-22.71
28.72	-22.39
28.51	-22.07
28.58	-21.93
28.58	-21.93
28.48	-21.62
28.36	-21.50
28.12	-21.06
28.12	-21.06
27.63	-20.48
27.41	-20.33
27.21	-20.25
26.37	-19.81
26.37	-19.81
24.56	-17.62
24.56	-17.62
23.47	-16.30
23.26	-15.66
23.44	-15.02
23.67	-14.49
23.93	-13.70
23.61	-11.84
23.29	-10.64
22.11	-6.27
19.76	-0.33
18.87	3.41
19.21	7.43
20.24	9.44
21.04	11.73
21.04	11.73
19.72	13.27
19.72	13.27
18.18	14.05
17.99	14.77
17.99	14.77
18.36	15.43
18.83	15.99
18.83	15.99
18.94	16.21
18.61	16.40
18.61	16.40
18.02	16.70
17.90	17.07
17.90	17.07
18.01	16.60
18.32	16.60
18.61	16.34
19.07	15.89
19.13	15.53
19.13	15.53
19.72	14.88
20.49	14.58
21.22	14.46
23.00	13.76
25.04	13.92
27.32	13.74
30.38	13.06
32.53	12.22
34.52	11.36
36.78	9.99
37.56	9.15
38.31	8.44
39.92	7.33
41.54	6.26
41.54	6.26
43.09	4.68
43.09	4.68
43.85	4.07
43.78	3.58
43.78	3.58
44.50	2.82
44.50	2.82
45.81	3.04
46.00	3.04
46.14	2.88
46.38	2.65
46.76	2.73
47.49	2.73
48.19	2.85
48.19	2.85
49.42	2.68
49.42	2.68
50.03	2.65
50.33	2.77
50.33	2.77
50.20	2.82
50.13	2.80
50.10	2.82
49.94	2.73
49.85	2.79
50.09	2.61
50.09	2.61
50.31	2.52
50.31	2.52
50.54	2.27
50.59	2.10
50.46	2.11
50.46	2.11
49.99	1.91
49.99	1.91
49.88	1.95
49.78	1.69
49.78	1.69
49.39	0.97
49.39	0.97
48.99	0.28
48.73	-0.07
48.62	-0.42
48.49	-1.34
48.49	-1.34
48.01	-5.42
48.01	-5.42
47.03	-12.43
47.37	-16.66
47.37	-16.66
47.30	-18.57
47.19	-19.05
47.24	-19.37
47.06	-20.14
46.93	-20.82
47.05	-21.52
47.30	-22.19
47.44	-22.51
47.50	-22.73
47.41	-22.63
47.19	-22.68
47.32	-22.81
47.31	-22.99
47.14	-23.36
46.80	-23.29
45.75	-22.96
45.19	-22.79
44.18	-22.48
44.18	-22.48
42.44	-22.09
42.44	-22.09
40.12	-21.75
40.12	-21.75
38.19	-21.23
37.20	-20.92
37.20	-20.92
35.93	-20.45
35.93	-20.45
34.69	-20.16
33.80	-19.98
33.80	-19.98
32.02	-19.57
30.66	-19.53
30.66	-19.53
29.04	-19.31
27.70	-19.17
26.79	-19.00
25.53	-18.86
23.99	-18.95
22.32	-18.79
20.77	-18.73
18.38	-18.61
16.04	-18.62
16.04	-18.62
12.09	-18.41
12.09	-18.41
10.47	-18.38
10.47	-18.38
9.14	-18.17
7.80	-18.13
7.80	-18.13
4.22	-18.11
0.94	-17.99
0.94	-17.99
-3.47	-18.13
-3.47	-18.13
-6.81	-18.13
-8.74	-18.08
-8.74	-18.08
-10.76	-18.24
-13.26	-18.32
-13.26	-18.32
-16.92	-18.64
-18.74	-18.71
-21.22	-18.71
-22.44	-19.08
-23.90	-19.47
-25.88	-20.09
-27.10	-20.71
-28.10	-21.34
-29.61	-22.25
-30.84	-23.47
